#depth	C	C+	C+2	C+3	C+4	C+5	C+6	C[1]	C[2]	C[3]	C+[1]	C+[2]	CO
 5.00000e-02	0.00e+00	0.00e+00	0.00e+00	2.61e-31	2.80e-20	1.72e-10	1.00e+00	0.00e+00	0.00e+00	0.00e+00	0.00e+00	0.00e+00	1.18e-172
 1.45000e-01	0.00e+00	0.00e+00	0.00e+00	2.61e-31	2.80e-20	1.72e-10	1.00e+00	0.00e+00	0.00e+00	0.00e+00	0.00e+00	0.00e+00	3.70e-173
 2.30500e-01	0.00e+00	0.00e+00	0.00e+00	2.61e-31	2.80e-20	1.72e-10	1.00e+00	0.00e+00	0.00e+00	0.00e+00	0.00e+00	0.00e+00	1.16e-173
 3.07450e-01	0.00e+00	0.00e+00	0.00e+00	2.61e-31	2.80e-20	1.72e-10	1.00e+00	0.00e+00	0.00e+00	0.00e+00	0.00e+00	0.00e+00	3.66e-174
 3.76705e-01	0.00e+00	0.00e+00	0.00e+00	2.61e-31	2.80e-20	1.72e-10	1.00e+00	0.00e+00	0.00e+00	0.00e+00	0.00e+00	0.00e+00	6.44e-175
 4.39034e-01	0.00e+00	0.00e+00	0.00e+00	2.61e-31	2.80e-20	1.72e-10	1.00e+00	0.00e+00	0.00e+00	0.00e+00	0.00e+00	0.00e+00	1.13e-175
 4.95131e-01	0.00e+00	0.00e+00	0.00e+00	2.61e-31	2.80e-20	1.72e-10	1.00e+00	0.00e+00	0.00e+00	0.00e+00	0.00e+00	0.00e+00	2.00e-176
 5.45618e-01	0.00e+00	0.00e+00	0.00e+00	2.61e-31	2.80e-20	1.72e-10	1.00e+00	0.00e+00	0.00e+00	0.00e+00	0.00e+00	0.00e+00	6.28e-177
 5.91056e-01	0.00e+00	0.00e+00	0.00e+00	2.61e-31	2.80e-20	1.72e-10	1.00e+00	0.00e+00	0.00e+00	0.00e+00	0.00e+00	0.00e+00	1.98e-177
 6.31951e-01	0.00e+00	0.00e+00	0.00e+00	2.61e-31	2.80e-20	1.72e-10	1.00e+00	0.00e+00	0.00e+00	0.00e+00	0.00e+00	0.00e+00	6.21e-178
 6.68755e-01	0.00e+00	0.00e+00	0.00e+00	2.61e-31	2.80e-20	1.72e-10	1.00e+00	0.00e+00	0.00e+00	0.00e+00	0.00e+00	0.00e+00	1.95e-178
 7.01880e-01	0.00e+00	0.00e+00	0.00e+00	2.61e-31	2.80e-20	1.72e-10	1.00e+00	0.00e+00	0.00e+00	0.00e+00	0.00e+00	0.00e+00	6.13e-179
 7.31692e-01	0.00e+00	0.00e+00	0.00e+00	2.61e-31	2.80e-20	1.72e-10	1.00e+00	0.00e+00	0.00e+00	0.00e+00	0.00e+00	0.00e+00	1.93e-179
 7.58523e-01	0.00e+00	0.00e+00	0.00e+00	2.61e-31	2.80e-20	1.72e-10	1.00e+00	0.00e+00	0.00e+00	0.00e+00	0.00e+00	0.00e+00	6.06e-180
 7.82670e-01	0.00e+00	0.00e+00	0.00e+00	2.61e-31	2.80e-20	1.72e-10	1.00e+00	0.00e+00	0.00e+00	0.00e+00	0.00e+00	0.00e+00	1.90e-180
 8.04403e-01	0.00e+00	0.00e+00	0.00e+00	2.61e-31	2.80e-20	1.72e-10	1.00e+00	0.00e+00	0.00e+00	0.00e+00	0.00e+00	0.00e+00	5.98e-181
 8.23963e-01	0.00e+00	0.00e+00	0.00e+00	2.61e-31	2.80e-20	1.72e-10	1.00e+00	0.00e+00	0.00e+00	0.00e+00	0.00e+00	0.00e+00	1.88e-181
 8.41567e-01	0.00e+00	0.00e+00	0.00e+00	2.61e-31	2.80e-20	1.72e-10	1.00e+00	0.00e+00	0.00e+00	0.00e+00	0.00e+00	0.00e+00	5.91e-182
 8.57410e-01	0.00e+00	0.00e+00	0.00e+00	2.61e-31	2.80e-20	1.72e-10	1.00e+00	0.00e+00	0.00e+00	0.00e+00	0.00e+00	0.00e+00	1.86e-182
 8.71669e-01	0.00e+00	0.00e+00	0.00e+00	2.61e-31	2.80e-20	1.72e-10	1.00e+00	0.00e+00	0.00e+00	0.00e+00	0.00e+00	0.00e+00	5.84e-183
 8.84502e-01	0.00e+00	0.00e+00	0.00e+00	2.61e-31	2.80e-20	1.72e-10	1.00e+00	0.00e+00	0.00e+00	0.00e+00	0.00e+00	0.00e+00	1.83e-183
 8.96052e-01	0.00e+00	0.00e+00	0.00e+00	2.61e-31	2.80e-20	1.72e-10	1.00e+00	0.00e+00	0.00e+00	0.00e+00	0.00e+00	0.00e+00	5.77e-184
 9.06523e-01	0.00e+00	0.00e+00	0.00e+00	2.61e-31	2.80e-20	1.72e-10	1.00e+00	0.00e+00	0.00e+00	0.00e+00	0.00e+00	0.00e+00	1.81e-184
 9.16523e-01	0.00e+00	0.00e+00	0.00e+00	2.61e-31	2.80e-20	1.72e-10	1.00e+00	0.00e+00	0.00e+00	0.00e+00	0.00e+00	0.00e+00	5.70e-185
 9.26523e-01	0.00e+00	0.00e+00	0.00e+00	2.61e-31	2.80e-20	1.72e-10	1.00e+00	0.00e+00	0.00e+00	0.00e+00	0.00e+00	0.00e+00	1.79e-185
 9.36523e-01	0.00e+00	0.00e+00	0.00e+00	2.61e-31	2.80e-20	1.72e-10	1.00e+00	0.00e+00	0.00e+00	0.00e+00	0.00e+00	0.00e+00	5.63e-186
 9.46523e-01	0.00e+00	0.00e+00	0.00e+00	2.61e-31	2.80e-20	1.72e-10	1.00e+00	0.00e+00	0.00e+00	0.00e+00	0.00e+00	0.00e+00	1.77e-186
 9.56523e-01	0.00e+00	0.00e+00	0.00e+00	2.61e-31	2.80e-20	1.72e-10	1.00e+00	0.00e+00	0.00e+00	0.00e+00	0.00e+00	0.00e+00	5.59e-187
 9.66523e-01	0.00e+00	0.00e+00	0.00e+00	2.61e-31	2.80e-20	1.72e-10	1.00e+00	0.00e+00	0.00e+00	0.00e+00	0.00e+00	0.00e+00	1.77e-187
 9.76523e-01	0.00e+00	0.00e+00	0.00e+00	2.61e-31	2.80e-20	1.72e-10	1.00e+00	0.00e+00	0.00e+00	0.00e+00	0.00e+00	0.00e+00	5.71e-188
 9.86523e-01	0.00e+00	0.00e+00	0.00e+00	2.61e-31	2.80e-20	1.72e-10	1.00e+00	0.00e+00	0.00e+00	0.00e+00	0.00e+00	0.00e+00	1.89e-188
 9.95761e-01	0.00e+00	0.00e+00	0.00e+00	2.61e-31	2.80e-20	1.72e-10	1.00e+00	0.00e+00	0.00e+00	0.00e+00	0.00e+00	0.00e+00	6.71e-189
