i converge       t_e       t_r        ip        xi      i01      i02      i03      i04      i05      i06      i07      i08      i09      i10      i11      i12      i13      i14      i15      i16      i17      i18      i19      i20      i21      i22      i23      i24      i25      i26      i27
- -------- --------- --------- --------- --------- -------- -------- -------- -------- -------- -------- -------- -------- -------- -------- -------- -------- -------- -------- -------- -------- -------- -------- -------- -------- -------- -------- -------- -------- -------- -------- --------
1        2 9.300e+03 7.090e+07 4.730e-07 3.480e-05     0.14    0.683    0.166   0.0102 0.000422  3.8e-05 2.93e-06 6.22e-08  3.9e-10  2.2e-11 6.71e-13 1.55e-17 7.59e-20    1e-20    1e-20    1e-20    1e-20    1e-20    1e-20    1e-20    1e-20    1e-20    1e-20    1e-20    1e-20    1e-20    1e-20
1        2 9.300e+03 7.090e+07 6.410e-07 4.710e-05    0.132    0.662    0.192   0.0136  0.00056 5.01e-05 3.55e-06  7.4e-08 4.56e-10 2.63e-11 8.09e-13  2.2e-17 1.07e-19    1e-20    1e-20    1e-20    1e-20    1e-20    1e-20    1e-20    1e-20    1e-20    1e-20    1e-20    1e-20    1e-20    1e-20
1        2 9.300e+03 7.090e+07 8.670e-07 6.370e-05    0.124    0.637     0.22   0.0181 0.000755  6.7e-05 4.33e-06 8.83e-08 5.34e-10 3.15e-11 9.88e-13 3.14e-17 1.52e-19    1e-20    1e-20    1e-20    1e-20    1e-20    1e-20    1e-20    1e-20    1e-20    1e-20    1e-20    1e-20    1e-20    1e-20
1        2 9.310e+03 7.090e+07 1.170e-06 8.620e-05    0.115    0.608    0.252   0.0242  0.00103 9.06e-05 5.31e-06 1.06e-07 6.25e-10  3.8e-11 1.23e-12  4.5e-17 2.17e-19  1.3e-20    1e-20    1e-20    1e-20    1e-20    1e-20    1e-20    1e-20    1e-20    1e-20    1e-20    1e-20    1e-20    1e-20
1        2 9.310e+03 7.090e+07 1.590e-06 1.170e-04    0.104    0.575    0.286   0.0325  0.00144 0.000124 6.58e-06 1.28e-07 7.32e-10 4.63e-11 1.55e-12 6.55e-17 3.15e-19 1.91e-20    1e-20    1e-20    1e-20    1e-20    1e-20    1e-20    1e-20    1e-20    1e-20    1e-20    1e-20    1e-20    1e-20
1        2 9.310e+03 7.090e+07 2.150e-06 1.580e-04   0.0933    0.538    0.323   0.0435  0.00203 0.000173 8.23e-06 1.55e-07 8.61e-10  5.7e-11 2.02e-12 9.64e-17 4.66e-19 2.85e-20    1e-20    1e-20    1e-20    1e-20    1e-20    1e-20    1e-20    1e-20    1e-20    1e-20    1e-20    1e-20    1e-20
1        2 9.310e+03 7.090e+07 2.900e-06 2.140e-04   0.0815    0.496    0.362   0.0582  0.00292 0.000245 1.05e-05 1.91e-07 1.02e-09 7.14e-11 2.71e-12 1.44e-16 7.06e-19 4.34e-20    1e-20    1e-20    1e-20    1e-20    1e-20    1e-20    1e-20    1e-20    1e-20    1e-20    1e-20    1e-20    1e-20
1        2 9.320e+03 7.090e+07 3.930e-06 2.890e-04   0.0692    0.449      0.4   0.0776  0.00425 0.000353 1.35e-05 2.39e-07 1.21e-09  9.1e-11 3.77e-12 2.21e-16  1.1e-18 6.79e-20    1e-20    1e-20    1e-20    1e-20    1e-20    1e-20    1e-20    1e-20    1e-20    1e-20    1e-20    1e-20    1e-20
1        2 9.320e+03 7.090e+07 5.320e-06 3.910e-04   0.0569    0.398    0.436    0.103  0.00629 0.000515 1.78e-05 3.04e-07 1.46e-09 1.19e-10 5.43e-12 3.49e-16 1.79e-18  1.1e-19 1.61e-20    1e-20    1e-20    1e-20    1e-20    1e-20    1e-20    1e-20    1e-20    1e-20    1e-20    1e-20    1e-20
1        2 9.330e+03 7.090e+07 7.200e-06 5.290e-04   0.0457    0.347    0.465    0.133  0.00915 0.000746 2.36e-05 3.91e-07 1.78e-09 1.56e-10 7.87e-12 5.51e-16 2.92e-18 1.77e-19 2.86e-20    1e-20    1e-20    1e-20    1e-20    1e-20    1e-20    1e-20    1e-20    1e-20    1e-20    1e-20    1e-20
1        2 9.340e+03 7.090e+07 9.740e-06 7.160e-04   0.0346     0.29    0.487    0.173   0.0138  0.00113 3.31e-05 5.29e-07 2.26e-09 2.16e-10 1.21e-11 9.39e-16 5.19e-18 3.09e-19  5.5e-20    1e-20    1e-20    1e-20    1e-20    1e-20    1e-20    1e-20    1e-20    1e-20    1e-20    1e-20    1e-20
1        2 9.350e+03 7.090e+07 1.320e-05 9.690e-04   0.0248    0.235    0.497    0.221   0.0209  0.00173 4.82e-05 7.48e-07 3.02e-09  3.1e-10  1.9e-11 1.68e-15 9.68e-18 5.63e-19 1.09e-19    1e-20    1e-20    1e-20    1e-20    1e-20    1e-20    1e-20    1e-20    1e-20    1e-20    1e-20    1e-20
1        2 9.370e+03 7.090e+07 1.780e-05 1.310e-03   0.0168    0.182     0.49    0.277   0.0315  0.00268 7.34e-05 1.11e-06 4.27e-09 4.59e-10 3.04e-11 3.19e-15 1.89e-17 1.07e-18 2.22e-19    1e-20    1e-20    1e-20    1e-20    1e-20    1e-20    1e-20    1e-20    1e-20    1e-20    1e-20    1e-20
1        2 9.390e+03 7.090e+07 2.410e-05 1.770e-03   0.0106    0.134    0.466    0.337   0.0471   0.0042 0.000117 1.74e-06 6.48e-09 7.04e-10 4.92e-11 6.41e-15 3.85e-17 2.12e-18 4.61e-19    1e-20    1e-20    1e-20    1e-20    1e-20    1e-20    1e-20    1e-20    1e-20    1e-20    1e-20    1e-20
1        2 9.410e+03 7.090e+07 3.260e-05 2.400e-03  0.00629   0.0946    0.425    0.397   0.0694  0.00661 0.000196 2.86e-06 1.06e-08 1.12e-09 8.01e-11 1.36e-14 8.13e-17 4.37e-18 9.71e-19    1e-20    1e-20    1e-20    1e-20    1e-20    1e-20    1e-20    1e-20    1e-20    1e-20    1e-20    1e-20
1        2 9.460e+03 7.090e+07 4.420e-05 3.250e-03  0.00359   0.0643    0.374    0.449   0.0984   0.0102 0.000332 4.79e-06 1.81e-08 1.79e-09 1.28e-10 2.92e-14 1.71e-16 9.05e-18 1.99e-18    1e-20    1e-20    1e-20    1e-20    1e-20    1e-20    1e-20    1e-20    1e-20    1e-20    1e-20    1e-20
1        2 9.520e+03 7.090e+07 5.970e-05 4.390e-03  0.00184   0.0403     0.31    0.492    0.139   0.0163 0.000602 8.64e-06  3.4e-08 3.09e-09 2.12e-10 6.91e-14 3.92e-16 2.06e-17 4.35e-18    1e-20    1e-20    1e-20    1e-20    1e-20    1e-20    1e-20    1e-20    1e-20    1e-20    1e-20    1e-20
1        2 9.600e+03 7.090e+07 8.080e-05 5.940e-03 0.000879   0.0238    0.244    0.515     0.19   0.0257  0.00111  1.6e-05 6.69e-08 5.58e-09 3.52e-10 1.69e-13 9.26e-16 4.92e-17 9.57e-18 2.67e-20    1e-20    1e-20    1e-20    1e-20    1e-20    1e-20    1e-20    1e-20    1e-20    1e-20    1e-20
1        2 9.700e+03 7.090e+07 1.090e-04 8.040e-03 0.000404   0.0135    0.183    0.513    0.248   0.0397  0.00205 2.97e-05 1.33e-07 1.04e-08 5.83e-10 4.13e-13 2.21e-15  1.2e-16 2.09e-17 8.61e-20    1e-20    1e-20    1e-20    1e-20    1e-20    1e-20    1e-20    1e-20    1e-20    1e-20    1e-20
1        2 9.840e+03 7.090e+07 1.480e-04 1.090e-02 0.000173  0.00713     0.13    0.487    0.311   0.0606  0.00381 5.65e-05 2.75e-07 2.05e-08 9.89e-10 1.05e-12 5.52e-15 3.17e-16 4.69e-17 2.91e-19    1e-20    1e-20    1e-20    1e-20    1e-20    1e-20    1e-20    1e-20    1e-20    1e-20    1e-20
1        3 1.000e+04 7.090e+07 2.000e-04 1.470e-02 6.56e-05  0.00338   0.0847    0.435    0.377   0.0925  0.00733 0.000113    6e-07 4.46e-08 1.77e-09 2.88e-12 1.51e-14 9.34e-16 1.14e-16 1.08e-18 1.22e-20    1e-20    1e-20    1e-20    1e-20    1e-20    1e-20    1e-20    1e-20    1e-20    1e-20
1        3 1.020e+04 7.090e+07 2.710e-04 1.990e-02 2.34e-05   0.0015   0.0517    0.365    0.432    0.136   0.0138 0.000226 1.31e-06 1.01e-07 3.23e-09 7.97e-12 4.24e-14 2.88e-15 2.81e-16 4.11e-18 4.41e-20    1e-20    1e-20    1e-20    1e-20    1e-20    1e-20    1e-20    1e-20    1e-20    1e-20
1        3 1.040e+04 7.090e+07 3.670e-04 2.700e-02 7.78e-06 0.000638   0.0301    0.289    0.464     0.19   0.0249 0.000445 2.79e-06 2.26e-07  5.9e-09 2.17e-11 1.17e-13 8.76e-15 6.96e-16 1.52e-17 1.58e-19    1e-20    1e-20    1e-20    1e-20    1e-20    1e-20    1e-20    1e-20    1e-20    1e-20
1        3 1.040e+04 7.090e+07 4.960e-04 3.650e-02 2.58e-06 0.000277   0.0173    0.222    0.471    0.248   0.0413 0.000821 5.49e-06 4.73e-07 1.03e-08  5.4e-11 2.95e-13 2.44e-14 1.63e-15 5.09e-17 5.13e-19    1e-20    1e-20    1e-20    1e-20    1e-20    1e-20    1e-20    1e-20    1e-20    1e-20
1        3 1.040e+04 7.090e+07 6.710e-04 4.930e-02  7.5e-07 0.000109  0.00922    0.158    0.452    0.311   0.0673  0.00154  1.1e-05 1.01e-06 1.87e-08 1.39e-10 7.72e-13 7.02e-14 3.97e-15 1.78e-16 1.76e-18    1e-20    1e-20    1e-20    1e-20    1e-20    1e-20    1e-20    1e-20    1e-20    1e-20
1        3 1.040e+04 7.090e+07 9.080e-04 6.680e-02  1.9e-07 4.05e-05   0.0046    0.107    0.409    0.372    0.105  0.00283 2.15e-05 2.12e-06 3.37e-08 3.54e-10 2.01e-12 1.99e-13 9.76e-15 6.15e-16 6.07e-18 1.36e-20    1e-20    1e-20    1e-20    1e-20    1e-20    1e-20    1e-20    1e-20    1e-20
1        3 1.040e+04 7.090e+07 1.230e-03 9.030e-02 3.75e-08 1.41e-05  0.00216   0.0674    0.348     0.42    0.157  0.00509  4.1e-05 4.33e-06 6.06e-08  8.8e-10 5.13e-12 5.52e-13 2.39e-14 2.09e-15 2.07e-17 4.73e-20    1e-20    1e-20    1e-20    1e-20    1e-20    1e-20    1e-20    1e-20    1e-20
1        3 1.040e+04 7.090e+07 1.660e-03 1.220e-01 4.73e-09 4.91e-06 0.000998   0.0413    0.283    0.447    0.219  0.00862 7.38e-05 8.25e-06 1.05e-07 2.03e-09 1.22e-11 1.41e-12 5.57e-14 6.46e-15 6.55e-17 1.55e-19    1e-20    1e-20    1e-20    1e-20    1e-20    1e-20    1e-20    1e-20    1e-20
1        3 1.040e+04 7.090e+07 2.250e-03 1.650e-01 1.87e-09 1.52e-06 0.000416   0.0232    0.214    0.453    0.294   0.0146 0.000134 1.58e-05 1.85e-07 4.77e-09    3e-11 3.67e-12 1.35e-13 2.07e-14 2.18e-16 5.48e-19    1e-20    1e-20    1e-20    1e-20    1e-20    1e-20    1e-20    1e-20    1e-20
1        3 1.040e+04 7.090e+07 3.040e-03 2.240e-01 5.75e-09  4.5e-07 0.000164   0.0123    0.153    0.434    0.377   0.0237 0.000236 2.93e-05 3.27e-07 1.09e-08 7.22e-11 9.33e-12  3.3e-13 6.48e-14 7.21e-16 1.97e-18    1e-20    1e-20    1e-20    1e-20    1e-20    1e-20    1e-20    1e-20    1e-20
1        3 1.040e+04 7.090e+07 4.120e-03 3.030e-01  9.2e-09 1.33e-07 6.08e-05  0.00617    0.104    0.394    0.458   0.0373 0.000407 5.28e-05 5.77e-07 2.41e-08 1.72e-10 2.32e-11 8.11e-13 1.97e-13 2.38e-15 7.18e-18 1.12e-20    1e-20    1e-20    1e-20    1e-20    1e-20    1e-20    1e-20    1e-20
1        3 1.040e+04 7.090e+07 5.570e-03 4.100e-01 1.08e-08 4.51e-08 2.14e-05  0.00294   0.0666    0.341    0.533   0.0565  0.00069 9.35e-05 1.03e-06 5.21e-08 4.04e-10 5.67e-11 2.03e-12 5.89e-13 7.85e-15 2.69e-17 5.14e-20    1e-20    1e-20    1e-20    1e-20    1e-20    1e-20    1e-20    1e-20
1        3 1.040e+04 7.090e+07 7.540e-03 5.540e-01 1.07e-08 2.11e-08 7.23e-06  0.00134   0.0409    0.282    0.592   0.0826  0.00115 0.000162 1.89e-06  1.1e-07 9.49e-10 1.37e-10 5.19e-12 1.73e-12 2.62e-14 1.03e-16  2.4e-19    1e-20    1e-20    1e-20    1e-20    1e-20    1e-20    1e-20    1e-20
1        3 1.040e+04 7.090e+07 1.020e-02 7.500e-01 9.59e-09 1.37e-08 2.34e-06 0.000582    0.024    0.223    0.633    0.117  0.00189 0.000279 3.56e-06  2.3e-07 2.24e-09 3.28e-10 1.37e-11 5.03e-12 8.89e-14 4.12e-16 1.16e-18    1e-20    1e-20    1e-20    1e-20    1e-20    1e-20    1e-20    1e-20
1        3 1.040e+04 7.090e+07 1.380e-02 1.010e+00 7.94e-09 1.02e-08 7.33e-07 0.000243   0.0136    0.171    0.652     0.16  0.00309 0.000475 6.92e-06 4.75e-07 5.33e-09 7.87e-10 3.74e-11 1.46e-11  3.1e-13  1.7e-15 5.75e-18    1e-20    1e-20    1e-20    1e-20    1e-20    1e-20    1e-20    1e-20
1        3 1.040e+04 7.090e+07 1.870e-02 1.370e+00  6.2e-09 7.69e-09 2.26e-07 9.82e-05  0.00742    0.126    0.648    0.213  0.00498 0.000805 1.39e-05  9.8e-07 1.29e-08 1.89e-09 1.05e-10 4.27e-11 1.11e-12 7.27e-15 2.97e-17  3.5e-20    1e-20    1e-20    1e-20    1e-20    1e-20    1e-20    1e-20
1        3 1.040e+04 7.090e+07 2.530e-02 1.860e+00 4.61e-09 5.67e-09 7.02e-08 3.82e-05   0.0039   0.0893    0.622    0.275  0.00794  0.00135 2.85e-05 2.03e-06 3.16e-08 4.56e-09 3.04e-10 1.26e-10 4.06e-12 3.23e-14  1.6e-16 2.22e-19    1e-20    1e-20    1e-20    1e-20    1e-20    1e-20    1e-20
1        3 1.040e+04 7.090e+07 3.420e-02 2.510e+00 3.31e-09 4.05e-09 2.32e-08 1.44e-05  0.00199   0.0614    0.578    0.343   0.0125  0.00227 5.94e-05 4.25e-06  7.9e-08 1.11e-08 8.94e-10  3.8e-10 1.53e-11 1.49e-13 8.94e-16 1.47e-18    1e-20    1e-20    1e-20    1e-20    1e-20    1e-20    1e-20
1        3 1.040e+04 7.090e+07 4.630e-02 3.400e+00 2.32e-09 2.83e-09 8.84e-09 5.24e-06 0.000977   0.0408     0.52    0.415   0.0193  0.00377 0.000125    9e-06 2.01e-07 2.75e-08 2.68e-09 1.17e-09 5.89e-11 7.13e-13 5.21e-15 1.03e-17  4.3e-20    1e-20    1e-20    1e-20    1e-20    1e-20    1e-20
1        3 1.040e+04 7.090e+07 6.260e-02 4.600e+00 1.63e-09 1.99e-09 4.17e-09 1.84e-06 0.000464   0.0262    0.451    0.486   0.0293  0.00623 0.000263 1.94e-05 5.23e-07 6.95e-08 8.16e-09 3.71e-09 2.33e-10 3.54e-12 3.18e-14 7.49e-17 3.61e-19    1e-20    1e-20    1e-20    1e-20    1e-20    1e-20
1        3 1.040e+04 7.090e+07 8.470e-02 6.230e+00 1.22e-09 1.49e-09 2.53e-09 6.28e-07 0.000213   0.0163    0.379    0.551   0.0434   0.0102 0.000552 4.27e-05 1.38e-06 1.81e-07 2.53e-08 1.22e-08 9.45e-10 1.82e-11 2.02e-13 5.76e-16  3.2e-18    1e-20    1e-20    1e-20    1e-20    1e-20    1e-20
1        3 1.040e+04 7.090e+07 1.150e-01 8.430e+00 1.06e-09  1.3e-09 2.01e-09 2.09e-07 9.44e-05  0.00976    0.307    0.603   0.0626   0.0167  0.00115 9.54e-05 3.71e-06 4.84e-07 7.96e-08 4.12e-08 3.93e-09 9.71e-11 1.35e-12 4.67e-15 2.97e-17 3.49e-20    1e-20    1e-20    1e-20    1e-20    1e-20
1        3 1.040e+04 7.090e+07 1.550e-01 1.140e+01 1.14e-09 1.39e-09  2.1e-09 6.98e-08 4.04e-05  0.00565     0.24    0.637   0.0877    0.027  0.00238 0.000217 1.01e-05 1.34e-06 2.57e-07 1.46e-07 1.68e-08  5.4e-10 9.47e-12 4.02e-14 2.93e-16  4.2e-19 1.02e-20    1e-20    1e-20    1e-20    1e-20
1        3 1.040e+04 7.090e+07 2.100e-01 1.540e+01 1.46e-09 1.79e-09 2.67e-09 2.64e-08 1.66e-05  0.00314    0.181    0.648    0.119   0.0432  0.00486   0.0005 2.78e-05 3.87e-06 8.49e-07 5.36e-07 7.46e-08 3.12e-09    7e-11 3.67e-13 3.07e-15 5.38e-18 1.46e-19    1e-20    1e-20    1e-20    1e-20
1        3 1.040e+04 7.090e+07 2.840e-01 2.090e+01 2.05e-09  2.5e-09 3.73e-09 1.52e-08 6.58e-06  0.00168    0.131    0.633    0.156   0.0681   0.0098  0.00116 7.69e-05 1.15e-05 2.88e-06 2.05e-06 3.41e-07 1.88e-08 5.43e-10 3.56e-12 3.42e-14 7.35e-17 2.22e-18  1.6e-20    1e-20    1e-20    1e-20
1        3 1.040e+04 7.090e+07 3.840e-01 2.820e+01  2.9e-09 3.54e-09 5.28e-09  1.5e-08  2.5e-06 0.000854   0.0899    0.589    0.194    0.104   0.0193  0.00267 0.000212 3.47e-05 9.96e-06 8.11e-06  1.6e-06 1.17e-07  4.4e-09 3.64e-11 4.02e-13 1.07e-15 3.61e-17 3.28e-19  1.2e-20    1e-20    1e-20
1        3 1.040e+04 7.090e+07 5.190e-01 3.820e+01 3.94e-09 4.81e-09 7.17e-09 1.86e-08 9.14e-07 0.000409   0.0582    0.515    0.228    0.154   0.0367  0.00603 0.000572 0.000105 3.47e-05 3.27e-05 7.67e-06 7.44e-07 3.67e-08 3.88e-10 4.95e-12 1.62e-14 6.13e-16 7.07e-18 2.79e-19    1e-20    1e-20
1        3 1.040e+04 7.090e+07 7.030e-01 5.170e+01 4.91e-09 5.99e-09 8.93e-09 2.28e-08 3.36e-07 0.000182    0.035    0.419     0.25    0.215   0.0664   0.0132   0.0015 0.000316 0.000121 0.000133  3.7e-05 4.79e-06 3.12e-07 4.27e-09 6.35e-11 2.56e-13 1.09e-14  1.6e-16 6.82e-18    1e-20    1e-20
1        3 1.040e+04 7.090e+07 9.510e-01 6.990e+01  5.3e-09 6.47e-09 9.65e-09 2.45e-08 1.39e-07 7.36e-05   0.0192     0.31     0.25    0.276    0.112   0.0272  0.00373 0.000907 0.000407 0.000529 0.000176 3.04e-05 2.63e-06 4.68e-08 8.22e-10 4.07e-12 1.97e-13 3.67e-15 1.69e-16 9.56e-20    1e-20
1        3 1.040e+04 7.090e+07 1.290e+00 9.470e+01 4.51e-09 5.51e-09 8.21e-09 2.09e-08 6.84e-08 2.67e-05  0.00939    0.206    0.223    0.323    0.171   0.0521  0.00864  0.00246  0.00131  0.00203 0.000804 0.000187 2.16e-05 5.04e-07 1.06e-08 6.47e-11 3.57e-12 8.45e-14 4.24e-15 3.24e-18    1e-20
1        3 1.040e+04 7.090e+07 1.740e+00 1.280e+02 2.18e-09 2.66e-09 3.97e-09 1.01e-08 2.73e-08 8.55e-06  0.00406     0.12    0.176    0.335    0.234   0.0901   0.0183  0.00611  0.00392  0.00731  0.00348  0.00108 0.000167 5.17e-06 1.32e-07 9.95e-10 6.29e-11  1.9e-12 1.04e-13 1.07e-16 4.36e-20
1        3 1.040e+04 7.090e+07 2.360e+00 1.730e+02    1e-20    1e-20    1e-20    1e-20    1e-20  2.3e-06   0.0015   0.0602    0.119      0.3    0.279    0.137   0.0342   0.0136   0.0106   0.0241   0.0138   0.0058   0.0012 4.94e-05 1.56e-06 1.45e-08 1.06e-09 4.07e-11 2.44e-12 3.41e-15 1.88e-18
1        3 1.040e+04 7.090e+07 3.190e+00 2.340e+02    1e-20    1e-20    1e-20    1e-20    1e-20  4.2e-07 0.000447   0.0242   0.0649    0.217    0.269    0.171   0.0533   0.0254   0.0242   0.0677   0.0472   0.0267  0.00744 0.000408 1.62e-05 1.87e-07 1.58e-08 7.77e-10 5.13e-11 9.71e-14 7.23e-17
1        3 1.040e+04 7.090e+07 4.310e+00 3.170e+02    1e-20    1e-20    1e-20    1e-20    1e-20    1e-20 9.25e-05  0.00681   0.0246     0.11    0.183    0.152   0.0596   0.0343   0.0404     0.14     0.12   0.0915   0.0343  0.00252 0.000127 1.84e-06 1.81e-07 1.15e-08 8.39e-10 2.15e-12 2.16e-15
1        3 1.040e+04 7.090e+07 5.840e+00 4.290e+02    1e-20    1e-20    1e-20    1e-20    1e-20    1e-20 1.14e-05  0.00115  0.00561   0.0337   0.0749   0.0821    0.041   0.0287   0.0422    0.184    0.194      0.2    0.101  0.00997 0.000649 1.19e-05 1.37e-06 1.12e-07 9.15e-09 3.17e-11 4.31e-14
1        3 1.040e+04 7.090e+07 7.900e+00 5.810e+02    1e-20    1e-20    1e-20    1e-20    1e-20    1e-20  8.6e-07 0.000121 0.000799  0.00644   0.0193   0.0279    0.018   0.0155   0.0286    0.159    0.209     0.29    0.198   0.0262  0.00222 5.18e-05 7.04e-06 7.45e-07  6.9e-08 3.23e-10 5.96e-13
1        3 1.040e+04 7.090e+07 1.070e+01 7.860e+02    1e-20    1e-20    1e-20    1e-20    1e-20    1e-20 4.44e-08 9.24e-06 8.29e-05   0.0009  0.00362    0.007  0.00588  0.00631   0.0147    0.104    0.173    0.325    0.299   0.0535  0.00596 0.000179  2.9e-05 3.98e-06 4.23e-07 2.68e-09 6.68e-12
1        3 1.040e+04 7.090e+07 1.450e+01 1.060e+03    1e-20    1e-20    1e-20    1e-20    1e-20    1e-20 1.95e-09 5.75e-07 6.98e-06 0.000102 0.000554  0.00143  0.00158  0.00214  0.00634   0.0582    0.123    0.311    0.388   0.0934   0.0138 0.000537 0.000105 1.88e-05 2.32e-06 1.99e-08 6.71e-11
1        3 1.040e+04 7.090e+07 1.960e+01 1.440e+03 4.02e-12  4.9e-12 7.31e-12 1.86e-11 4.03e-11 8.26e-11 2.93e-10  3.1e-08 4.99e-07 9.84e-06 7.21e-05  0.00025 0.000363 0.000629  0.00239   0.0286   0.0776    0.266    0.448    0.146   0.0286  0.00146  0.00035 8.17e-05 1.19e-05 1.38e-07  6.3e-10
1        3 1.040e+04 7.090e+07 2.650e+01 1.950e+03 1.99e-12 2.43e-12 3.62e-12 9.18e-12    2e-11 4.09e-11 1.02e-10 1.66e-09 3.12e-08 8.25e-07 8.15e-06 3.79e-05 7.34e-05 0.000164 0.000808   0.0126   0.0445    0.206     0.47    0.206    0.054  0.00365  0.00109 0.000332 5.81e-05 9.12e-07 5.63e-09
1        3 1.040e+04 7.090e+07 3.580e+01 2.630e+03 5.86e-13 7.16e-13 1.07e-12 2.71e-12 5.89e-12 1.21e-11 2.94e-11 1.33e-10 1.76e-09 6.09e-08 8.12e-07 5.08e-06 1.31e-05 3.83e-05 0.000246  0.00507   0.0234    0.146    0.451    0.267   0.0939   0.0084  0.00316  0.00127 0.000271 5.75e-06  4.8e-08
1        3 1.040e+04 7.090e+07 4.850e+01 3.570e+03 1.36e-13 1.67e-13 2.48e-13  6.3e-13 1.37e-12  2.8e-12  6.8e-12 1.97e-11 9.65e-11 3.97e-09 7.13e-08 6.02e-07 2.08e-06 7.98e-06 6.72e-05  0.00184   0.0112   0.0947    0.394    0.316    0.149   0.0178  0.00856  0.00455   0.0012 3.46e-05 3.91e-07
1        3 1.040e+04 7.090e+07 6.560e+01 4.820e+03 2.68e-14 3.27e-14 4.87e-14 1.24e-13 2.69e-13 5.51e-13 1.33e-12 3.53e-12 6.46e-12 2.31e-10 5.53e-09  6.3e-08 2.92e-07 1.48e-06 1.65e-05   0.0006  0.00483   0.0553    0.312    0.338    0.214   0.0343   0.0212    0.015  0.00497 0.000193 2.96e-06
1        3 1.040e+04 7.090e+07 8.870e+01 6.520e+03 4.41e-15 5.39e-15 8.03e-15 2.04e-14 4.43e-14 9.08e-14  2.2e-13  5.7e-13 6.19e-13 1.18e-11 3.67e-10 5.63e-09 3.52e-08 2.37e-07  3.5e-06  0.00017  0.00182   0.0283    0.215    0.316     0.27   0.0579   0.0469   0.0439   0.0186 0.000979 2.03e-05
1        3 1.040e+04 7.090e+07 1.200e+02 8.830e+03 5.87e-16 7.17e-16 1.07e-15 2.71e-15 5.89e-15 1.21e-14 2.92e-14 7.54e-14 6.92e-14 5.39e-13 1.99e-11  4.1e-10 3.45e-09 3.11e-08 6.12e-07 3.98e-05  0.00057   0.0119    0.123    0.244    0.282   0.0811   0.0863    0.108    0.059   0.0042 0.000118
1        3 1.040e+04 7.090e+07 1.620e+02 1.190e+04 5.84e-17 7.12e-17 1.06e-16  2.7e-16 5.86e-16  1.2e-15  2.9e-15 7.48e-15 6.57e-15 2.28e-14 8.12e-13 2.24e-11 2.54e-10 3.07e-09 8.08e-08 7.07e-06 0.000136  0.00384   0.0536    0.144    0.224   0.0869    0.122    0.205    0.146   0.0141 0.000532
1        3 1.040e+04 7.090e+07 2.200e+02 1.620e+04 4.21e-18 5.14e-18 7.66e-18 1.94e-17 4.23e-17 8.65e-17 2.09e-16 5.39e-16 4.68e-16 9.67e-16 2.43e-14 8.87e-13 1.36e-11  2.2e-10 7.77e-09 9.15e-07 2.36e-05 0.000904   0.0171   0.0619     0.13   0.0682    0.128    0.288    0.269   0.0351   0.0018
1        3 1.040e+04 7.090e+07 2.970e+02 2.190e+04    1e-20    1e-20    1e-20    1e-20    1e-20    1e-20    1e-20    1e-20    1e-20    1e-20 5.66e-16 2.69e-14 5.55e-13 1.21e-11 5.74e-10  9.1e-08 3.16e-06 0.000164  0.00418   0.0205   0.0584   0.0412    0.103    0.313    0.387   0.0682  0.00473
1        3 1.040e+04 7.090e+07 4.020e+02 2.960e+04    1e-20    1e-20    1e-20    1e-20    1e-20    1e-20    1e-20    1e-20    1e-20    1e-20 9.14e-18 6.57e-16 1.88e-14 5.54e-13 3.54e-11 7.57e-09 3.54e-07 2.49e-05 0.000858   0.0057   0.0219   0.0209   0.0702    0.286    0.471    0.112   0.0105
1        3 1.040e+04 7.090e+07 5.440e+02 4.000e+04    1e-20    1e-20    1e-20    1e-20    1e-20    1e-20    1e-20    1e-20    1e-20    1e-20    1e-20 6.46e-18 5.29e-16 2.25e-14 1.94e-12 5.61e-10 3.54e-08 3.36e-06 0.000157  0.00141  0.00734  0.00946   0.0427    0.235    0.516    0.167   0.0212
1        3 1.040e+04 7.090e+07 7.370e+02 5.420e+04  2.3e-20 2.81e-20 4.19e-20 1.06e-19 2.31e-19 4.73e-19 1.14e-18 2.93e-18 2.54e-18 3.68e-18  5.1e-18 7.87e-18 2.68e-17 8.94e-16  9.8e-14 3.83e-11 3.26e-09 4.19e-07 2.65e-05 0.000322  0.00226  0.00394    0.024    0.178    0.524    0.229   0.0393
1        3 1.040e+04 7.090e+07 9.970e+02 7.330e+04    1e-20    1e-20    1e-20    1e-20    1e-20    1e-20    1e-20    1e-20    1e-20    1e-20    1e-20    1e-20    1e-20    1e-20 4.66e-15 2.43e-12  2.8e-10 4.87e-08 4.16e-06 6.84e-05  0.00065  0.00153   0.0125    0.126    0.497    0.294   0.0683
1        3 1.040e+04 7.090e+07 1.350e+03 9.920e+04 2.54e-20  3.1e-20 4.62e-20 1.17e-19 2.55e-19 5.22e-19 1.26e-18 3.24e-18 2.81e-18 4.05e-18 5.61e-18 8.25e-18 1.13e-17 1.64e-17 1.45e-16 1.44e-13 2.25e-11 5.29e-09 6.11e-07 1.36e-05 0.000175 0.000557  0.00616   0.0833    0.444    0.355    0.112
1        3 1.040e+04 7.090e+07 1.820e+03 1.340e+05 3.68e-20 4.49e-20  6.7e-20  1.7e-19  3.7e-19 7.57e-19 1.83e-18 4.69e-18 4.06e-18 5.87e-18 8.11e-18 1.19e-17 1.63e-17 2.29e-17  4.4e-17 7.89e-15 1.69e-12 5.37e-10 8.41e-08 2.53e-06 4.41e-05  0.00019  0.00283   0.0518    0.372    0.402    0.171
1        3 1.040e+04 7.090e+07 2.470e+03 1.820e+05  6.3e-20 7.69e-20 1.15e-19 2.91e-19 6.33e-19  1.3e-18 3.13e-18 8.03e-18 6.95e-18    1e-17 1.39e-17 2.03e-17 2.79e-17 3.91e-17 6.17e-17    5e-16 1.19e-13 5.13e-11 1.09e-08 4.43e-07 1.04e-05 6.07e-05  0.00122   0.0303    0.293    0.429    0.247
1        3 1.040e+04 7.090e+07 3.340e+03 2.460e+05 1.02e-20 1.25e-20 1.86e-20 4.72e-20 1.03e-19  2.1e-19 5.08e-19  1.3e-18 1.13e-18 1.63e-18 2.25e-18 3.29e-18 4.51e-18 6.34e-18 9.98e-18 6.53e-17 7.89e-15 4.61e-12 1.32e-09 7.27e-08 2.32e-06 1.82e-05 0.000497   0.0166    0.217     0.43    0.335
1        3 1.040e+04 7.090e+07 4.520e+03 3.320e+05    1e-20    1e-20    1e-20    1e-20    1e-20    1e-20    1e-20    1e-20    1e-20    1e-20    1e-20    1e-20    1e-20    1e-20    1e-20    1e-20 4.89e-16 3.91e-13 1.51e-10 1.13e-08 4.86e-07 5.18e-06 0.000191  0.00863    0.152    0.408     0.43
1        3 1.040e+04 7.090e+07 6.120e+03 4.500e+05    1e-20    1e-20    1e-20    1e-20    1e-20    1e-20    1e-20    1e-20    1e-20    1e-20    1e-20    1e-20    1e-20    1e-20    1e-20    1e-20 6.57e-18 3.13e-14 1.64e-11 1.66e-09 9.68e-08  1.4e-06 6.96e-05  0.00426    0.102    0.369    0.526
1        3 1.040e+04 7.090e+07 8.280e+03 6.090e+05    1e-20    1e-20    1e-20    1e-20    1e-20    1e-20    1e-20    1e-20    1e-20    1e-20    1e-20    1e-20    1e-20    1e-20    1e-20    1e-20    1e-20 2.41e-15 1.72e-12 2.34e-10 1.85e-08 3.61e-07 2.43e-05  0.00201   0.0649    0.319    0.615
1        3 1.040e+04 7.090e+07 1.120e+04 8.230e+05    1e-20    1e-20    1e-20 1.28e-20 2.77e-20 5.68e-20 1.37e-19 3.52e-19 3.05e-19 4.39e-19 6.06e-19 8.85e-19 1.22e-18 1.71e-18 2.69e-18 1.21e-17 8.65e-18 1.92e-16 1.73e-13  3.2e-11 3.41e-09 9.01e-08 8.21e-06 0.000918     0.04    0.266    0.693
1        3 1.040e+04 7.090e+07 1.510e+04 1.110e+06    1e-20    1e-20    1e-20    1e-20    1e-20    1e-20    1e-20    1e-20    1e-20    1e-20    1e-20    1e-20    1e-20    1e-20    1e-20    1e-20    1e-20    1e-20 1.69e-14 4.23e-12  6.1e-10 2.18e-08 2.69e-06 0.000407    0.024    0.215     0.76
1        3 1.040e+04 7.090e+07 2.050e+04 1.510e+06    1e-20    1e-20    1e-20    1e-20    1e-20    1e-20    1e-20    1e-20    1e-20    1e-20    1e-20    1e-20    1e-20    1e-20    1e-20    1e-20    1e-20    1e-20 1.61e-15 5.46e-13 1.07e-10 5.15e-09 8.59e-07 0.000176    0.014    0.171    0.815
1        3 1.040e+04 7.090e+07 2.770e+04 2.040e+06    1e-20    1e-20    1e-20    1e-20    1e-20    1e-20    1e-20    1e-20    1e-20    1e-20    1e-20    1e-20    1e-20    1e-20    1e-20    1e-20    1e-20    1e-20 1.47e-16 6.93e-14 1.83e-11  1.2e-09  2.7e-07 7.49e-05  0.00808    0.133    0.859
1        3 1.040e+04 7.090e+07 3.750e+04 2.760e+06    1e-20    1e-20    1e-20    1e-20 1.62e-20 3.32e-20 8.02e-20 2.05e-19 1.78e-19 2.57e-19 3.54e-19 5.17e-19  7.1e-19    1e-18 1.57e-18 7.07e-18    5e-18 6.45e-18 2.21e-17  8.7e-15 3.11e-12 2.75e-10 8.38e-08 3.14e-05  0.00459    0.102    0.893
1        3 1.040e+04 7.090e+07 5.070e+04 3.730e+06    1e-20    1e-20    1e-20    1e-20    1e-20    1e-20 1.96e-20 5.02e-20 4.35e-20 6.27e-20 8.65e-20 1.26e-19 1.73e-19 2.44e-19 3.84e-19 1.73e-18 1.22e-18 1.58e-18 3.26e-18 1.08e-15 5.22e-13 6.25e-11 2.58e-08 1.31e-05  0.00258   0.0777     0.92
1        3 1.040e+04 7.090e+07 6.870e+04 5.050e+06    1e-20    1e-20    1e-20    1e-20    1e-20    1e-20    1e-20  1.6e-20 1.39e-20    2e-20 2.76e-20 4.03e-20 5.54e-20  7.8e-20 1.23e-19 5.52e-19  3.9e-19 5.03e-19 7.47e-19 1.34e-16 8.68e-14 1.41e-11 7.85e-09 5.39e-06  0.00144   0.0587     0.94
1        3 1.040e+04 7.090e+07 9.290e+04 6.830e+06    1e-20    1e-20    1e-20    1e-20    1e-20    1e-20    1e-20 2.34e-20 2.02e-20 2.92e-20 4.02e-20 5.87e-20 8.07e-20 1.14e-19 1.79e-19 8.04e-19 5.68e-19 7.33e-19 9.29e-19 1.78e-17 1.44e-14 3.15e-12 2.38e-09 2.21e-06   0.0008   0.0441    0.955
1        3 1.040e+04 7.090e+07 1.260e+05 9.250e+06    1e-20    1e-20    1e-20    1e-20    1e-20    1e-20    1e-20    1e-20    1e-20    1e-20 1.35e-20 1.97e-20  2.7e-20 3.81e-20 5.99e-20  2.7e-19  1.9e-19 2.46e-19 3.09e-19 2.49e-18 2.38e-15 7.04e-13  7.2e-10 9.04e-07 0.000442    0.033    0.967
1        3 1.040e+04 7.090e+07 1.700e+05 1.250e+07    1e-20    1e-20    1e-20    1e-20    1e-20    1e-20    1e-20    1e-20    1e-20    1e-20    1e-20    1e-20    1e-20    1e-20    1e-20    1e-20    1e-20    1e-20    1e-20    1e-20 3.89e-16 1.57e-13 2.17e-10 3.68e-07 0.000244   0.0246    0.975
1        3 1.040e+04 7.090e+07 2.300e+05 1.690e+07    1e-20    1e-20    1e-20    1e-20    1e-20    1e-20    1e-20    1e-20    1e-20    1e-20    1e-20    1e-20    1e-20    1e-20    1e-20    1e-20    1e-20    1e-20    1e-20    1e-20 6.25e-17 3.47e-14  6.5e-11  1.5e-07 0.000134   0.0183    0.982
1        3 1.040e+04 7.090e+07 3.110e+05 2.290e+07    1e-20    1e-20    1e-20    1e-20    1e-20    1e-20    1e-20 2.13e-20 1.84e-20 2.66e-20 3.66e-20 5.35e-20 7.34e-20 1.03e-19 1.63e-19 7.32e-19 5.17e-19 6.67e-19 8.35e-19 1.39e-18 1.25e-17 7.71e-15 1.95e-11 6.07e-08 7.35e-05   0.0136    0.986
1        3 1.040e+04 7.090e+07 4.210e+05 3.100e+07    1e-20    1e-20    1e-20    1e-20    1e-20    1e-20    1e-20    1e-20    1e-20    1e-20    1e-20    1e-20    1e-20    1e-20    1e-20    1e-20    1e-20    1e-20    1e-20    1e-20 1.65e-18  1.7e-15 5.84e-12 2.46e-08 4.03e-05   0.0101     0.99
1        3 1.040e+04 7.090e+07 5.700e+05 4.200e+07    1e-20    1e-20    1e-20    1e-20    1e-20    1e-20    1e-20    1e-20    1e-20    1e-20    1e-20 1.12e-20 1.54e-20 2.17e-20 3.41e-20 1.53e-19 1.08e-19  1.4e-19 1.75e-19 2.91e-19 7.04e-19 3.77e-16 1.74e-12 9.94e-09 2.21e-05  0.00746    0.993
1        3 1.040e+04 7.090e+07 7.720e+05 5.680e+07    1e-20    1e-20    1e-20    1e-20    1e-20    1e-20    1e-20    1e-20    1e-20    1e-20 1.28e-20 1.87e-20 2.56e-20 3.61e-20 5.68e-20 2.56e-19 1.81e-19 2.33e-19 2.92e-19 4.85e-19 7.52e-19 8.42e-17 5.22e-13 4.02e-09 1.21e-05  0.00553    0.994
1        3 1.040e+04 7.090e+07 1.040e+06 7.680e+07    1e-20    1e-20    1e-20    1e-20    1e-20    1e-20    1e-20    1e-20    1e-20    1e-20    1e-20    1e-20    1e-20    1e-20    1e-20    1e-20    1e-20    1e-20    1e-20    1e-20    1e-20 1.84e-17 1.56e-13 1.63e-09 6.61e-06  0.00409    0.996
1        3 1.040e+04 7.090e+07 1.410e+06 1.040e+08    1e-20    1e-20    1e-20    1e-20    1e-20    1e-20    1e-20    1e-20    1e-20    1e-20    1e-20    1e-20    1e-20    1e-20    1e-20    1e-20    1e-20    1e-20    1e-20    1e-20    1e-20 4.05e-18 4.66e-14 6.58e-10 3.61e-06  0.00303    0.997
1        3 1.040e+04 7.090e+07 1.910e+06 1.410e+08    1e-20    1e-20    1e-20    1e-20    1e-20    1e-20    1e-20    1e-20    1e-20    1e-20    1e-20    1e-20    1e-20    1e-20    1e-20    1e-20    1e-20    1e-20    1e-20    1e-20    1e-20 8.91e-19 1.39e-14 2.66e-10 1.98e-06  0.00224    0.998
1        3 1.040e+04 7.090e+07 2.590e+06 1.900e+08    1e-20    1e-20    1e-20    1e-20    1e-20    1e-20    1e-20    1e-20    1e-20    1e-20    1e-20    1e-20    1e-20    1e-20    1e-20    1e-20    1e-20    1e-20    1e-20    1e-20    1e-20 2.04e-19 4.16e-15 1.07e-10 1.08e-06  0.00166    0.998
1        3 1.040e+04 7.090e+07 3.500e+06 2.570e+08    1e-20    1e-20    1e-20    1e-20    1e-20    1e-20    1e-20    1e-20    1e-20    1e-20    1e-20    1e-20    1e-20    1e-20    1e-20    1e-20    1e-20    1e-20    1e-20    1e-20    1e-20 4.19e-20 1.24e-15 4.34e-11  5.9e-07  0.00122    0.999
1        3 1.040e+04 7.090e+07 4.730e+06 3.480e+08    1e-20    1e-20    1e-20    1e-20    1e-20    1e-20    1e-20    1e-20    1e-20    1e-20    1e-20    1e-20    1e-20    1e-20    1e-20    1e-20    1e-20    1e-20    1e-20    1e-20    1e-20 1.11e-20  3.7e-16 1.75e-11 3.22e-07 0.000905    0.999
