i converge       t_e       t_r        ip        xi      i01      i02      i03      i04      i05      i06      i07      i08
- -------- --------- --------- --------- --------- -------- -------- -------- -------- -------- -------- -------- --------
1        0 5.430e+03 7.090e+07 4.730e-07 3.480e-05    0.538    0.446   0.0162 1.51e-05 2.49e-08 7.88e-12 1.35e-16 8.95e-24
1        0 5.660e+03 7.090e+07 6.400e-07 4.710e-05    0.491    0.487   0.0213 2.37e-05 4.67e-08 1.77e-11 3.62e-16 8.95e-24
1        0 5.880e+03 7.090e+07 8.660e-07 6.380e-05    0.443    0.529   0.0279  3.7e-05 8.74e-08 3.97e-11 9.76e-16 8.95e-24
1        0 6.100e+03 7.090e+07 1.170e-06 8.630e-05    0.396    0.568   0.0362 5.76e-05 1.64e-07 8.95e-11 2.65e-15 1.33e-20
1        0 6.310e+03 7.090e+07 1.580e-06 1.170e-04    0.348    0.605   0.0468 8.95e-05 3.07e-07 2.03e-10 7.27e-15 4.42e-20
1        0 6.520e+03 7.090e+07 2.140e-06 1.580e-04    0.303    0.637     0.06 0.000139 5.76e-07 4.63e-10 2.01e-14 1.49e-19
1        0 6.710e+03 7.090e+07 2.900e-06 2.140e-04    0.259    0.664   0.0765 0.000215 1.09e-06 1.07e-09 5.65e-14  5.1e-19
1        0 6.890e+03 7.090e+07 3.920e-06 2.890e-04    0.218    0.685   0.0969 0.000333 2.06e-06 2.48e-09 1.61e-13 1.78e-18
1        0 7.050e+03 7.090e+07 5.310e-06 3.910e-04     0.18    0.698    0.122 0.000515 3.93e-06 5.84e-09 4.69e-13 6.41e-18
1        0 7.190e+03 7.090e+07 7.190e-06 5.290e-04    0.146    0.701    0.153 0.000799 7.57e-06  1.4e-08  1.4e-12 2.37e-17
1        0 7.320e+03 7.090e+07 9.720e-06 7.160e-04    0.115    0.694    0.189  0.00124 1.47e-05  3.4e-08 4.25e-12 9.04e-17
1        0 7.430e+03 7.090e+07 1.320e-05 9.690e-04   0.0889    0.676    0.233  0.00192 2.87e-05 8.37e-08 1.32e-11 3.55e-16
1        0 7.520e+03 7.090e+07 1.780e-05 1.310e-03   0.0668    0.647    0.284  0.00297 5.63e-05 2.09e-07  4.2e-11 1.44e-15
1        0 7.600e+03 7.090e+07 2.410e-05 1.770e-03   0.0488    0.606    0.341  0.00457 0.000111 5.29e-07 1.36e-10 5.97e-15
1        0 7.670e+03 7.090e+07 3.260e-05 2.400e-03   0.0346    0.554    0.404  0.00699 0.000219 1.35e-06 4.51e-10 2.55e-14
1        0 7.750e+03 7.090e+07 4.410e-05 3.250e-03   0.0238    0.495     0.47   0.0106 0.000433 3.48e-06 1.51e-09 1.12e-13
1        0 7.830e+03 7.090e+07 5.970e-05 4.390e-03   0.0157    0.431    0.537   0.0159 0.000851 8.98e-06 5.12e-09 4.97e-13
1        0 7.950e+03 7.090e+07 8.070e-05 5.940e-03   0.0101    0.364      0.6   0.0234  0.00166 2.32e-05 1.75e-08 2.25e-12
1        0 8.110e+03 7.090e+07 1.090e-04 8.040e-03  0.00623    0.299    0.657   0.0341  0.00321 5.99e-05 6.03e-08 1.03e-11
1        0 8.340e+03 7.090e+07 1.480e-04 1.090e-02  0.00371    0.239    0.702   0.0488  0.00616 0.000154 2.09e-07  4.8e-11
1        0 8.660e+03 7.090e+07 2.000e-04 1.470e-02  0.00212    0.185    0.733   0.0686   0.0116 0.000395 7.23e-07 2.25e-10
1        0 9.080e+03 7.090e+07 2.700e-04 1.990e-02  0.00117    0.138    0.744   0.0944   0.0217    0.001  2.5e-06 1.06e-09
1        0 9.620e+03 7.090e+07 3.660e-04 2.700e-02  0.00062   0.0995    0.731    0.127   0.0395  0.00251 8.63e-06 5.04e-09
1        0 1.030e+04 7.090e+07 4.950e-04 3.650e-02 0.000313   0.0685    0.691    0.164   0.0698  0.00615 2.92e-05 2.36e-08
1        0 1.110e+04 7.090e+07 6.700e-04 4.930e-02  0.00015   0.0447     0.62    0.203    0.118   0.0144 9.47e-05 1.06e-07
1        0 1.190e+04 7.090e+07 9.070e-04 6.680e-02 6.62e-05   0.0272     0.52    0.235    0.186   0.0317  0.00029 4.52e-07
1        0 1.280e+04 7.090e+07 1.230e-03 9.040e-02 2.72e-05   0.0152      0.4     0.25     0.27   0.0639 0.000815 1.77e-06
1        0 1.360e+04 7.090e+07 1.660e-03 1.220e-01 9.98e-06  0.00766    0.278    0.241    0.355    0.117  0.00207 6.24e-06
1        0 1.460e+04 7.090e+07 2.250e-03 1.650e-01  3.3e-06  0.00346    0.173    0.208    0.418    0.192  0.00473 1.99e-05
1        0 1.560e+04 7.090e+07 3.040e-03 2.240e-01 9.85e-07  0.00141   0.0973    0.162    0.445    0.284  0.00977 5.72e-05
1        0 1.660e+04 7.090e+07 4.110e-03 3.030e-01 2.68e-07 0.000522   0.0498    0.115    0.431    0.384   0.0184  0.00015
1        0 1.770e+04 7.090e+07 5.560e-03 4.100e-01 6.75e-08 0.000179   0.0235   0.0759    0.387    0.481   0.0321 0.000364
1        0 1.880e+04 7.090e+07 7.530e-03 5.540e-01 1.59e-08 5.75e-05   0.0104   0.0467    0.325    0.564   0.0524  0.00083
1        0 2.000e+04 7.090e+07 1.020e-02 7.500e-01 3.53e-09 1.74e-05  0.00436   0.0272    0.259    0.626   0.0812  0.00179
1        0 2.140e+04 7.090e+07 1.380e-02 1.020e+00 7.48e-10 5.02e-06  0.00173   0.0151    0.196    0.663     0.12  0.00371
1        0 2.300e+04 7.090e+07 1.860e-02 1.370e+00 1.49e-10 1.36e-06  0.00065  0.00795    0.141    0.672    0.171  0.00738
1        0 2.490e+04 7.090e+07 2.520e-02 1.860e+00 2.81e-11 3.49e-07 0.000232  0.00399   0.0973    0.651    0.233   0.0142
1        0 2.720e+04 7.090e+07 3.410e-02 2.510e+00 5.03e-12  8.5e-08 7.81e-05  0.00189   0.0635    0.603    0.305   0.0263
1        0 3.020e+04 7.090e+07 4.620e-02 3.400e+00 8.39e-13 1.92e-08 2.45e-05 0.000848   0.0391     0.53    0.383    0.047
1        0 3.410e+04 7.090e+07 6.250e-02 4.600e+00 1.27e-13 3.96e-09 7.15e-06 0.000354   0.0225     0.44    0.457   0.0808
1        0 3.900e+04 7.090e+07 8.460e-02 6.230e+00  1.8e-14 7.53e-10 1.92e-06 0.000137    0.012    0.342    0.514    0.132
1        0 4.530e+04 7.090e+07 1.140e-01 8.430e+00 2.06e-15 1.32e-10 4.68e-07 4.85e-05  0.00594    0.247    0.543    0.203
1        0 5.280e+04 7.090e+07 1.550e-01 1.140e+01    5e-16 2.14e-11 1.07e-07 1.59e-05  0.00273    0.167    0.536    0.294
1        0 6.190e+04 7.090e+07 2.090e-01 1.540e+01 8.95e-24 3.21e-12 2.23e-08 4.89e-06  0.00116    0.105    0.495    0.399
1        0 7.290e+04 7.090e+07 2.830e-01 2.090e+01 8.95e-24 4.41e-13 4.34e-09 1.38e-06 0.000461   0.0618    0.429    0.509
1        0 8.630e+04 7.090e+07 3.830e-01 2.820e+01 2.22e-16 5.58e-14 7.93e-10 3.68e-07 0.000172   0.0342    0.351    0.615
1        0 1.000e+05 7.090e+07 5.190e-01 3.820e+01 8.95e-24 7.68e-15 1.45e-10 9.64e-08 6.27e-05   0.0184    0.275    0.706
1        0 1.150e+05 7.090e+07 7.020e-01 5.170e+01 1.45e-17 1.01e-15 2.54e-11 2.44e-08 2.24e-05  0.00962    0.209    0.781
1        0 1.220e+05 7.090e+07 9.500e-01 7.000e+01 8.95e-24 8.95e-24 5.17e-12 6.94e-09  8.7e-06  0.00524     0.16    0.835
1        0 1.290e+05 7.090e+07 1.290e+00 9.470e+01 8.95e-24 8.95e-24 1.07e-12 1.96e-09 3.36e-06  0.00283     0.12    0.877
1        0 1.430e+05 7.090e+07 1.740e+00 1.280e+02 8.95e-24 8.95e-24 1.92e-13 4.96e-10  1.2e-06  0.00145   0.0878    0.911
1        0 1.840e+05 7.090e+07 2.350e+00 1.730e+02 8.95e-24 8.95e-24 2.33e-14 9.15e-11 3.28e-07 0.000624   0.0585    0.941
1        1 2.650e+05 7.090e+07 3.180e+00 2.340e+02 8.95e-24 8.95e-24 1.68e-15 1.28e-11 7.18e-08 0.000233   0.0361    0.964
1        0 3.110e+05 7.090e+07 4.310e+00 3.170e+02 8.95e-24 8.95e-24 1.71e-16 2.68e-12 2.21e-08 0.000107   0.0247    0.975
1        1 3.220e+05 7.090e+07 5.830e+00 4.290e+02 8.95e-24 8.95e-24 8.95e-24 7.47e-13 8.43e-09 5.68e-05    0.018    0.982
1        0 2.450e+05 7.090e+07 7.880e+00 5.810e+02 6.99e-19 2.77e-18 8.95e-24  4.1e-13 5.54e-09 4.23e-05   0.0156    0.984
1        0 2.820e+05 7.090e+07 1.070e+01 7.860e+02 8.95e-24 8.95e-24 8.95e-24 9.07e-14 1.76e-09 1.99e-05   0.0107    0.989
1        0 3.190e+05 7.090e+07 1.440e+01 1.060e+03 8.95e-24 8.95e-24 8.95e-24 2.04e-14  5.7e-10 9.46e-06  0.00738    0.993
1        0 3.630e+05 7.090e+07 1.950e+01 1.440e+03 1.19e-18 4.72e-18  2.2e-17 4.59e-15 1.83e-10 4.48e-06  0.00508    0.995
1        0 4.300e+05 7.090e+07 2.640e+01 1.950e+03 2.64e-18 1.05e-17 4.85e-17  8.9e-16 5.43e-11 2.01e-06  0.00341    0.997
1        0 5.840e+05 7.090e+07 3.580e+01 2.630e+03 2.66e-18 1.05e-17 4.88e-17 1.37e-16 1.23e-11 7.67e-07   0.0021    0.998
1        1 9.750e+05 7.090e+07 4.840e+01 3.570e+03 2.78e-19 1.09e-18 5.11e-18 7.06e-17 1.86e-12 2.23e-07  0.00113    0.999
1        2 9.750e+05 7.090e+07 6.550e+01 4.820e+03 1.73e-18 6.86e-18 3.18e-17 1.28e-16 7.53e-13 1.22e-07 0.000836    0.999
1        2 9.750e+05 7.090e+07 8.860e+01 6.530e+03 1.04e-19 4.11e-19 1.91e-18 8.42e-18 3.04e-13 6.65e-08 0.000618    0.999
1        2 9.750e+05 7.090e+07 1.200e+02 8.830e+03 8.95e-24 8.95e-24 8.95e-24  1.3e-20 1.23e-13 3.64e-08 0.000457      1.0
1        2 9.750e+05 7.090e+07 1.620e+02 1.190e+04 8.95e-24 8.95e-24 8.95e-24 8.95e-24 4.96e-14 1.99e-08 0.000338      1.0
1        2 9.750e+05 7.090e+07 2.190e+02 1.620e+04 8.95e-24 8.95e-24 8.95e-24 8.95e-24    2e-14 1.08e-08 0.000249      1.0
1        2 9.750e+05 7.090e+07 2.970e+02 2.190e+04 1.58e-20 6.23e-20 2.85e-19 1.14e-18 8.09e-15 5.93e-09 0.000184      1.0
1        2 9.750e+05 7.090e+07 4.020e+02 2.960e+04 2.77e-20  1.1e-19 5.03e-19    2e-18 3.27e-15 3.24e-09 0.000136      1.0
1        2 9.750e+05 7.090e+07 5.440e+02 4.000e+04 8.95e-24 8.95e-24 8.95e-24 8.95e-24  1.3e-15 1.77e-09 0.000101      1.0
1        2 9.750e+05 7.090e+07 7.360e+02 5.420e+04 2.35e-20 9.27e-20 4.27e-19 1.69e-18 5.37e-16 9.65e-10 7.44e-05      1.0
1        2 9.750e+05 7.090e+07 9.950e+02 7.330e+04 8.95e-24 8.95e-24 8.95e-24 8.95e-24 1.76e-16 5.27e-10  5.5e-05      1.0
1        2 9.750e+05 7.090e+07 1.350e+03 9.920e+04 8.95e-24 8.95e-24 8.95e-24 8.95e-24 6.96e-17 2.88e-10 4.07e-05      1.0
1        2 9.750e+05 7.090e+07 1.820e+03 1.340e+05 8.95e-24 3.65e-20 1.69e-19 6.65e-19  3.7e-17 1.57e-10 3.01e-05      1.0
1        2 9.750e+05 7.090e+07 2.460e+03 1.820e+05 8.95e-24 8.95e-24 8.95e-24 8.95e-24 2.56e-18  8.6e-11 2.22e-05      1.0
1        2 9.750e+05 7.090e+07 3.330e+03 2.460e+05 5.89e-20 2.33e-19 1.08e-18 4.24e-18 1.87e-17  4.7e-11 1.64e-05      1.0
1        2 9.750e+05 7.090e+07 4.510e+03 3.320e+05 8.95e-24 8.95e-24 8.95e-24 8.95e-24 8.95e-24 2.57e-11 1.21e-05      1.0
1        2 9.750e+05 7.090e+07 6.110e+03 4.500e+05 8.95e-24 8.95e-24 8.95e-24 8.95e-24 9.28e-19  1.4e-11 8.97e-06      1.0
1        2 9.750e+05 7.090e+07 8.260e+03 6.090e+05 8.95e-24 8.95e-24 8.95e-24 8.95e-24 3.75e-19 7.65e-12 6.63e-06      1.0
1        2 9.750e+05 7.090e+07 1.120e+04 8.230e+05 8.95e-24 8.95e-24 8.95e-24 8.95e-24 1.52e-19 4.18e-12  4.9e-06      1.0
1        2 9.750e+05 7.090e+07 1.510e+04 1.110e+06 8.95e-24 8.95e-24 8.95e-24 8.95e-24 6.12e-20 2.28e-12 3.62e-06      1.0
1        2 9.750e+05 7.090e+07 2.050e+04 1.510e+06 8.95e-24 8.95e-24 8.95e-24 8.95e-24 2.47e-20 1.25e-12 2.68e-06      1.0
1        2 9.750e+05 7.090e+07 2.770e+04 2.040e+06 8.95e-24 8.95e-24 8.95e-24 8.95e-24 8.95e-24 6.81e-13 1.98e-06      1.0
1        2 9.750e+05 7.090e+07 3.750e+04 2.760e+06 8.95e-24 8.95e-24 8.95e-24 8.95e-24 8.95e-24 3.72e-13 1.46e-06      1.0
1        2 9.750e+05 7.090e+07 5.070e+04 3.730e+06 8.95e-24 8.95e-24 8.95e-24 8.95e-24 8.95e-24 2.03e-13 1.08e-06      1.0
1        2 9.750e+05 7.090e+07 6.860e+04 5.050e+06 8.95e-24 8.95e-24 8.95e-24 8.95e-24 8.95e-24 1.11e-13 7.98e-07      1.0
1        2 9.750e+05 7.090e+07 9.280e+04 6.840e+06 8.95e-24 8.95e-24 8.95e-24 8.95e-24 8.95e-24 6.07e-14  5.9e-07      1.0
1        2 9.750e+05 7.090e+07 1.260e+05 9.250e+06 8.95e-24 8.95e-24 8.95e-24 8.95e-24 8.95e-24 3.31e-14 4.36e-07      1.0
1        2 9.750e+05 7.090e+07 1.700e+05 1.250e+07 8.95e-24 8.95e-24 8.95e-24 8.95e-24 8.95e-24 1.81e-14 3.22e-07      1.0
1        2 9.750e+05 7.090e+07 2.300e+05 1.690e+07 8.95e-24 8.95e-24 8.95e-24 8.95e-24 8.95e-24 9.88e-15 2.38e-07      1.0
1        2 9.750e+05 7.090e+07 3.110e+05 2.290e+07 8.95e-24 8.95e-24 8.95e-24 8.95e-24 8.95e-24  5.4e-15 1.76e-07      1.0
1        2 9.750e+05 7.090e+07 4.210e+05 3.100e+07 8.95e-24 8.95e-24 8.95e-24 8.95e-24 8.95e-24 2.95e-15  1.3e-07      1.0
1        2 9.750e+05 7.090e+07 5.700e+05 4.200e+07 8.95e-24 8.95e-24 8.95e-24 8.95e-24 8.95e-24 1.61e-15 9.61e-08      1.0
1        2 9.750e+05 7.090e+07 7.710e+05 5.680e+07 8.95e-24 8.95e-24 8.95e-24 8.95e-24 8.95e-24 8.79e-16 7.11e-08      1.0
1        2 9.750e+05 7.090e+07 1.040e+06 7.680e+07 8.95e-24 8.95e-24 8.95e-24 8.95e-24 8.95e-24 4.81e-16 5.25e-08      1.0
1        2 9.750e+05 7.090e+07 1.410e+06 1.040e+08 8.95e-24 8.95e-24 8.95e-24 8.95e-24 8.95e-24 2.62e-16 3.88e-08      1.0
1        2 9.750e+05 7.090e+07 1.910e+06 1.410e+08 8.95e-24 8.95e-24 8.95e-24 8.95e-24 8.95e-24 1.43e-16 2.87e-08      1.0
1        2 9.750e+05 7.090e+07 2.580e+06 1.900e+08 8.95e-24 8.95e-24 8.95e-24 8.95e-24 8.95e-24 7.83e-17 2.12e-08      1.0
1        2 9.750e+05 7.090e+07 3.490e+06 2.570e+08 8.95e-24 8.95e-24 8.95e-24 8.95e-24 8.95e-24 4.27e-17 1.57e-08      1.0
1        2 9.750e+05 7.090e+07 4.730e+06 3.480e+08 8.95e-24 8.95e-24 8.95e-24 8.95e-24 8.95e-24 2.33e-17 1.16e-08      1.0
