i converge       t_e       t_r        ip        xi      i01      i02      i03      i04      i05      i06      i07      i08      i09      i10      i11      i12      i13      i14      i15      i16      i17      i18      i19      i20      i21      i22      i23      i24      i25      i26      i27
- -------- --------- --------- --------- --------- -------- -------- -------- -------- -------- -------- -------- -------- -------- -------- -------- -------- -------- -------- -------- -------- -------- -------- -------- -------- -------- -------- -------- -------- -------- -------- --------
1        3 7.650e+03 7.090e+07 4.730e-07 3.480e-05    0.281     0.57     0.14  0.00878 0.000371 3.38e-05 2.67e-06 6.56e-08 4.14e-10 2.44e-11 8.69e-13 1.79e-17 8.61e-20    1e-20    1e-20    1e-20    1e-20    1e-20    1e-20    1e-20    1e-20    1e-20    1e-20    1e-20    1e-20    1e-20    1e-20
1        3 7.650e+03 7.090e+07 6.410e-07 4.710e-05    0.255     0.57    0.163   0.0117 0.000491 4.43e-05 3.23e-06 7.71e-08 4.81e-10 2.84e-11    1e-12 2.46e-17 1.17e-19    1e-20    1e-20    1e-20    1e-20    1e-20    1e-20    1e-20    1e-20    1e-20    1e-20    1e-20    1e-20    1e-20    1e-20
1        3 7.650e+03 7.090e+07 8.670e-07 6.370e-05    0.226    0.565    0.193   0.0159 0.000676 6.02e-05 3.99e-06 9.23e-08 5.66e-10 3.36e-11 1.18e-12 3.51e-17 1.64e-19    1e-20    1e-20    1e-20    1e-20    1e-20    1e-20    1e-20    1e-20    1e-20    1e-20    1e-20    1e-20    1e-20    1e-20
1        3 7.650e+03 7.090e+07 1.170e-06 8.620e-05    0.196    0.556    0.226   0.0217  0.00094 8.27e-05 4.96e-06 1.11e-07 6.66e-10 4.01e-11 1.41e-12 5.02e-17 2.32e-19 1.43e-20    1e-20    1e-20    1e-20    1e-20    1e-20    1e-20    1e-20    1e-20    1e-20    1e-20    1e-20    1e-20    1e-20
1        3 7.650e+03 7.090e+07 1.590e-06 1.170e-04    0.167     0.54    0.262   0.0295  0.00132 0.000115 6.21e-06 1.34e-07 7.83e-10 4.81e-11 1.72e-12 7.25e-17 3.31e-19 2.06e-20    1e-20    1e-20    1e-20    1e-20    1e-20    1e-20    1e-20    1e-20    1e-20    1e-20    1e-20    1e-20    1e-20
1        3 7.650e+03 7.090e+07 2.150e-06 1.580e-04    0.139    0.518    0.301     0.04  0.00189 0.000161 7.82e-06 1.62e-07 9.21e-10 5.84e-11 2.16e-12 1.06e-16 4.81e-19 3.01e-20    1e-20    1e-20    1e-20    1e-20    1e-20    1e-20    1e-20    1e-20    1e-20    1e-20    1e-20    1e-20    1e-20
1        3 7.650e+03 7.090e+07 2.900e-06 2.140e-04    0.113    0.488    0.342   0.0541  0.00273 0.000229 9.97e-06 1.99e-07 1.09e-09  7.2e-11 2.81e-12 1.57e-16 7.13e-19 4.49e-20    1e-20    1e-20    1e-20    1e-20    1e-20    1e-20    1e-20    1e-20    1e-20    1e-20    1e-20    1e-20    1e-20
1        3 7.650e+03 7.090e+07 3.930e-06 2.890e-04   0.0887    0.451    0.384   0.0725  0.00398  0.00033 1.29e-05 2.47e-07 1.29e-09 9.05e-11 3.79e-12 2.37e-16 1.09e-18 6.87e-20 1.05e-20    1e-20    1e-20    1e-20    1e-20    1e-20    1e-20    1e-20    1e-20    1e-20    1e-20    1e-20    1e-20
1        3 7.650e+03 7.090e+07 5.320e-06 3.910e-04   0.0676    0.407    0.423   0.0964  0.00585  0.00048 1.69e-05 3.12e-07 1.55e-09 1.16e-10 5.33e-12 3.67e-16 1.72e-18 1.08e-19 1.81e-20    1e-20    1e-20    1e-20    1e-20    1e-20    1e-20    1e-20    1e-20    1e-20    1e-20    1e-20    1e-20
1        3 7.650e+03 7.090e+07 7.200e-06 5.290e-04   0.0496    0.358    0.456    0.127  0.00868 0.000707 2.26e-05 4.03e-07 1.89e-09 1.53e-10 7.77e-12 5.86e-16 2.83e-18 1.77e-19 3.24e-20    1e-20    1e-20    1e-20    1e-20    1e-20    1e-20    1e-20    1e-20    1e-20    1e-20    1e-20    1e-20
1        3 7.650e+03 7.090e+07 9.740e-06 7.160e-04   0.0349    0.305    0.482    0.164   0.0129  0.00105 3.12e-05 5.37e-07 2.37e-09 2.09e-10 1.17e-11 9.73e-16 4.87e-18    3e-19 6.03e-20    1e-20    1e-20    1e-20    1e-20    1e-20    1e-20    1e-20    1e-20    1e-20    1e-20    1e-20    1e-20
1        3 7.650e+03 7.090e+07 1.320e-05 9.690e-04   0.0241    0.255    0.494    0.206   0.0188  0.00155 4.35e-05 7.27e-07 3.04e-09 2.86e-10 1.75e-11 1.63e-15 8.44e-18  5.1e-19 1.11e-19    1e-20    1e-20    1e-20    1e-20    1e-20    1e-20    1e-20    1e-20    1e-20    1e-20    1e-20    1e-20
1        3 7.650e+03 7.090e+07 1.780e-05 1.310e-03   0.0154    0.202    0.494    0.258    0.028  0.00236 6.45e-05 1.05e-06 4.17e-09 4.15e-10 2.75e-11 2.98e-15 1.59e-17 9.37e-19 2.21e-19    1e-20    1e-20    1e-20    1e-20    1e-20    1e-20    1e-20    1e-20    1e-20    1e-20    1e-20    1e-20
1        3 7.650e+03 7.090e+07 2.410e-05 1.770e-03  0.00931    0.153    0.477    0.316   0.0415  0.00363   0.0001  1.6e-06 6.11e-09 6.21e-10 4.37e-11 5.75e-15 3.13e-17 1.79e-18 4.46e-19    1e-20    1e-20    1e-20    1e-20    1e-20    1e-20    1e-20    1e-20    1e-20    1e-20    1e-20    1e-20
1        3 7.650e+03 7.090e+07 3.260e-05 2.400e-03  0.00531    0.111    0.443    0.374   0.0608  0.00563 0.000162 2.54e-06  9.6e-09 9.61e-10    7e-11 1.17e-14 6.38e-17 3.57e-18 9.16e-19    1e-20    1e-20    1e-20    1e-20    1e-20    1e-20    1e-20    1e-20    1e-20    1e-20    1e-20    1e-20
1        3 7.650e+03 7.090e+07 4.420e-05 3.250e-03  0.00286   0.0766    0.394     0.43   0.0874  0.00878 0.000274 4.25e-06 1.62e-08 1.54e-09 1.13e-10 2.52e-14 1.35e-16  7.4e-18 1.91e-18    1e-20    1e-20    1e-20    1e-20    1e-20    1e-20    1e-20    1e-20    1e-20    1e-20    1e-20    1e-20
1        1 8.610e+03 7.090e+07 5.970e-05 4.390e-03  0.00167   0.0442    0.321    0.486    0.132   0.0152 0.000546 8.14e-06 3.19e-08 2.85e-09 1.99e-10 6.41e-14 3.47e-16 1.85e-17 4.24e-18    1e-20    1e-20    1e-20    1e-20    1e-20    1e-20    1e-20    1e-20    1e-20    1e-20    1e-20    1e-20
1        3 1.040e+04 7.090e+07 8.080e-05 5.940e-03 0.000804   0.0207    0.229    0.517    0.203   0.0286  0.00129  1.8e-05 7.66e-08  6.4e-09 3.91e-10 1.99e-13 1.13e-15 5.97e-17 1.07e-17 3.24e-20    1e-20    1e-20    1e-20    1e-20    1e-20    1e-20    1e-20    1e-20    1e-20    1e-20    1e-20
1        3 1.040e+04 7.090e+07 1.090e-04 8.040e-03 0.000385   0.0119    0.173    0.511    0.259    0.043   0.0023 3.26e-05 1.49e-07 1.17e-08 6.35e-10 4.71e-13 2.59e-15 1.42e-16 2.28e-17    1e-19    1e-20    1e-20    1e-20    1e-20    1e-20    1e-20    1e-20    1e-20    1e-20    1e-20    1e-20
1        3 1.040e+04 7.090e+07 1.480e-04 1.090e-02 0.000162  0.00626    0.121     0.48    0.323   0.0652  0.00427 6.23e-05 3.08e-07 2.33e-08 1.08e-09 1.21e-12  6.5e-15 3.75e-16  5.2e-17 3.43e-19    1e-20    1e-20    1e-20    1e-20    1e-20    1e-20    1e-20    1e-20    1e-20    1e-20    1e-20
1        3 1.040e+04 7.090e+07 2.000e-04 1.470e-02 6.56e-05  0.00318   0.0818     0.43    0.382   0.0953  0.00769 0.000117 6.28e-07 4.72e-08 1.84e-09 3.04e-12 1.62e-14 1.01e-15 1.18e-16 1.15e-18 1.31e-20    1e-20    1e-20    1e-20    1e-20    1e-20    1e-20    1e-20    1e-20    1e-20    1e-20
1        3 1.040e+04 7.090e+07 2.710e-04 1.990e-02 2.34e-05  0.00146    0.051    0.363    0.433    0.137    0.014 0.000229 1.33e-06 1.03e-07 3.27e-09 8.11e-12 4.34e-14 2.95e-15 2.84e-16 4.19e-18 4.52e-20    1e-20    1e-20    1e-20    1e-20    1e-20    1e-20    1e-20    1e-20    1e-20    1e-20
1        3 1.040e+04 7.090e+07 3.670e-04 2.700e-02 7.78e-06 0.000638   0.0301    0.289    0.464     0.19   0.0249 0.000445 2.79e-06 2.26e-07  5.9e-09 2.17e-11 1.17e-13 8.76e-15 6.96e-16 1.52e-17 1.58e-19    1e-20    1e-20    1e-20    1e-20    1e-20    1e-20    1e-20    1e-20    1e-20    1e-20
1        3 1.040e+04 7.090e+07 4.960e-04 3.650e-02 2.39e-06 0.000262   0.0167    0.217    0.471    0.252   0.0426 0.000855 5.74e-06 4.97e-07 1.07e-08 5.74e-11 3.14e-13 2.61e-14 1.72e-15 5.51e-17 5.55e-19    1e-20    1e-20    1e-20    1e-20    1e-20    1e-20    1e-20    1e-20    1e-20    1e-20
1        3 1.040e+04 7.090e+07 6.710e-04 4.930e-02 7.32e-07 0.000108  0.00911    0.157    0.452    0.312   0.0679  0.00156 1.11e-05 1.03e-06 1.89e-08 1.42e-10 7.86e-13 7.16e-14 4.04e-15 1.82e-16  1.8e-18    1e-20    1e-20    1e-20    1e-20    1e-20    1e-20    1e-20    1e-20    1e-20    1e-20
1        3 1.040e+04 7.090e+07 9.080e-04 6.680e-02 1.86e-07 3.98e-05  0.00455    0.106    0.408    0.372    0.106  0.00286 2.17e-05 2.15e-06  3.4e-08 3.59e-10 2.04e-12 2.03e-13 9.91e-15 6.28e-16  6.2e-18 1.39e-20    1e-20    1e-20    1e-20    1e-20    1e-20    1e-20    1e-20    1e-20    1e-20
1        3 1.040e+04 7.090e+07 1.230e-03 9.030e-02 3.65e-08 1.39e-05  0.00214   0.0669    0.347     0.42    0.158  0.00513 4.14e-05 4.37e-06 6.11e-08 8.91e-10  5.2e-12  5.6e-13 2.43e-14 2.12e-15 2.11e-17 4.82e-20    1e-20    1e-20    1e-20    1e-20    1e-20    1e-20    1e-20    1e-20    1e-20
1        3 1.040e+04 7.090e+07 1.660e-03 1.220e-01 3.97e-09 4.54e-06 0.000942   0.0398    0.278    0.449    0.223  0.00894 7.69e-05 8.63e-06 1.09e-07 2.15e-09  1.3e-11  1.5e-12 5.92e-14    7e-15 7.12e-17 1.69e-19    1e-20    1e-20    1e-20    1e-20    1e-20    1e-20    1e-20    1e-20    1e-20
1        3 1.040e+04 7.090e+07 2.250e-03 1.650e-01 1.92e-09 1.49e-06  0.00041    0.023    0.213    0.453    0.296   0.0147 0.000135 1.59e-05 1.87e-07 4.83e-09 3.04e-11 3.73e-12 1.37e-13 2.11e-14 2.23e-16 5.59e-19    1e-20    1e-20    1e-20    1e-20    1e-20    1e-20    1e-20    1e-20    1e-20
1        3 1.040e+04 7.090e+07 3.040e-03 2.240e-01 5.81e-09 4.42e-07 0.000162   0.0122    0.152    0.433    0.378   0.0239 0.000238 2.95e-05 3.29e-07  1.1e-08 7.31e-11 9.45e-12 3.34e-13 6.57e-14 7.33e-16    2e-18    1e-20    1e-20    1e-20    1e-20    1e-20    1e-20    1e-20    1e-20    1e-20
1        3 1.040e+04 7.090e+07 4.120e-03 3.030e-01 9.23e-09 1.31e-07 6.01e-05  0.00613    0.103    0.393    0.459   0.0374  0.00041 5.32e-05 5.81e-07 2.43e-08 1.73e-10 2.34e-11 8.19e-13    2e-13 2.41e-15 7.29e-18 1.13e-20    1e-20    1e-20    1e-20    1e-20    1e-20    1e-20    1e-20    1e-20
1        3 1.040e+04 7.090e+07 5.570e-03 4.100e-01 1.08e-08 4.47e-08 2.12e-05  0.00292   0.0663     0.34    0.533   0.0567 0.000693 9.39e-05 1.04e-06 5.24e-08 4.07e-10 5.72e-11 2.05e-12 5.95e-13 7.94e-15 2.72e-17 5.21e-20    1e-20    1e-20    1e-20    1e-20    1e-20    1e-20    1e-20    1e-20
1        3 1.040e+04 7.090e+07 7.540e-03 5.540e-01 1.07e-08  2.1e-08 7.17e-06  0.00133   0.0407    0.281    0.593   0.0829  0.00115 0.000163  1.9e-06 1.11e-07 9.55e-10 1.38e-10 5.23e-12 1.74e-12 2.64e-14 1.05e-16 2.43e-19    1e-20    1e-20    1e-20    1e-20    1e-20    1e-20    1e-20    1e-20
1        3 1.040e+04 7.090e+07 1.020e-02 7.500e-01 9.58e-09 1.36e-08 2.32e-06 0.000578    0.024    0.223    0.633    0.117   0.0019  0.00028 3.57e-06 2.31e-07 2.25e-09  3.3e-10 1.38e-11 5.07e-12 8.97e-14 4.15e-16 1.17e-18    1e-20    1e-20    1e-20    1e-20    1e-20    1e-20    1e-20    1e-20
1        3 1.040e+04 7.090e+07 1.380e-02 1.010e+00 7.93e-09 1.02e-08 7.28e-07 0.000242   0.0136     0.17    0.652    0.161  0.00309 0.000477 6.95e-06 4.77e-07 5.35e-09 7.91e-10 3.76e-11 1.47e-11 3.12e-13 1.71e-15 5.81e-18    1e-20    1e-20    1e-20    1e-20    1e-20    1e-20    1e-20    1e-20
1        3 1.040e+04 7.090e+07 1.870e-02 1.370e+00 6.19e-09 7.68e-09 2.24e-07 9.77e-05  0.00739    0.125    0.648    0.214  0.00499 0.000807 1.39e-05 9.83e-07 1.29e-08  1.9e-09 1.06e-10  4.3e-11 1.11e-12 7.32e-15 2.99e-17 3.53e-20    1e-20    1e-20    1e-20    1e-20    1e-20    1e-20    1e-20
1        3 1.040e+04 7.090e+07 2.530e-02 1.860e+00 4.61e-09 5.66e-09 6.98e-08 3.81e-05  0.00389   0.0892    0.622    0.275  0.00795  0.00136 2.86e-05 2.04e-06 3.17e-08 4.58e-09 3.05e-10 1.27e-10 4.08e-12 3.25e-14 1.61e-16 2.24e-19    1e-20    1e-20    1e-20    1e-20    1e-20    1e-20    1e-20
1        3 1.040e+04 7.090e+07 3.420e-02 2.510e+00  3.3e-09 4.04e-09 2.31e-08 1.43e-05  0.00198   0.0614    0.578    0.344   0.0125  0.00227 5.96e-05 4.26e-06 7.93e-08 1.12e-08 8.98e-10 3.82e-10 1.53e-11  1.5e-13 8.99e-16 1.48e-18    1e-20    1e-20    1e-20    1e-20    1e-20    1e-20    1e-20
1        3 1.040e+04 7.090e+07 4.630e-02 3.400e+00 2.31e-09 2.83e-09 8.82e-09 5.22e-06 0.000975   0.0408    0.519    0.416   0.0193  0.00377 0.000125 9.02e-06 2.02e-07 2.76e-08 2.69e-09 1.18e-09 5.92e-11 7.16e-13 5.24e-15 1.03e-17 4.32e-20    1e-20    1e-20    1e-20    1e-20    1e-20    1e-20
1        3 1.040e+04 7.090e+07 6.260e-02 4.600e+00 1.63e-09 1.99e-09 4.17e-09 1.84e-06 0.000463   0.0262    0.451    0.486   0.0293  0.00623 0.000263 1.95e-05 5.25e-07 6.97e-08 8.18e-09 3.72e-09 2.34e-10 3.55e-12 3.19e-14 7.53e-17 3.63e-19    1e-20    1e-20    1e-20    1e-20    1e-20    1e-20
1        3 1.040e+04 7.090e+07 8.470e-02 6.230e+00 1.22e-09 1.49e-09 2.52e-09 6.27e-07 0.000213   0.0163    0.379    0.551   0.0434   0.0102 0.000552 4.27e-05 1.39e-06 1.81e-07 2.53e-08 1.22e-08 9.47e-10 1.83e-11 2.03e-13 5.79e-16 3.21e-18    1e-20    1e-20    1e-20    1e-20    1e-20    1e-20
1        3 1.040e+04 7.090e+07 1.150e-01 8.430e+00 1.06e-09  1.3e-09 2.01e-09 2.09e-07 9.43e-05  0.00975    0.307    0.603   0.0626   0.0167  0.00115 9.55e-05 3.72e-06 4.85e-07 7.97e-08 4.13e-08 3.94e-09 9.74e-11 1.35e-12 4.69e-15 2.98e-17  3.5e-20    1e-20    1e-20    1e-20    1e-20    1e-20
1        3 1.040e+04 7.090e+07 1.550e-01 1.140e+01 1.14e-09 1.39e-09  2.1e-09 6.97e-08 4.03e-05  0.00564     0.24    0.637   0.0878    0.027  0.00238 0.000217 1.01e-05 1.35e-06 2.57e-07 1.46e-07 1.69e-08 5.42e-10 9.51e-12 4.03e-14 2.95e-16 4.22e-19 1.02e-20    1e-20    1e-20    1e-20    1e-20
1        3 1.040e+04 7.090e+07 2.100e-01 1.540e+01 1.46e-09 1.79e-09 2.67e-09 2.64e-08 1.66e-05  0.00314    0.181    0.648    0.119   0.0433  0.00487   0.0005 2.79e-05 3.88e-06 8.51e-07 5.37e-07 7.47e-08 3.13e-09 7.02e-11 3.68e-13 3.08e-15  5.4e-18 1.46e-19    1e-20    1e-20    1e-20    1e-20
1        3 1.040e+04 7.090e+07 2.840e-01 2.090e+01 2.05e-09  2.5e-09 3.73e-09 1.52e-08 6.57e-06  0.00168    0.131    0.633    0.156   0.0681  0.00981  0.00116  7.7e-05 1.15e-05 2.88e-06 2.05e-06 3.42e-07 1.88e-08 5.44e-10 3.57e-12 3.43e-14 7.38e-17 2.23e-18  1.6e-20    1e-20    1e-20    1e-20
1        3 1.040e+04 7.090e+07 3.840e-01 2.820e+01  2.9e-09 3.55e-09 5.29e-09  1.5e-08 2.49e-06 0.000853   0.0898    0.588    0.194    0.105   0.0193  0.00267 0.000212 3.48e-05 9.98e-06 8.12e-06 1.61e-06 1.17e-07 4.41e-09 3.66e-11 4.04e-13 1.07e-15 3.62e-17 3.29e-19  1.2e-20    1e-20    1e-20
1        3 1.040e+04 7.090e+07 5.190e-01 3.820e+01 3.94e-09 4.81e-09 7.17e-09 1.86e-08 9.13e-07 0.000409   0.0582    0.515    0.228    0.154   0.0367  0.00604 0.000573 0.000106 3.48e-05 3.27e-05 7.69e-06 7.46e-07 3.68e-08 3.89e-10 4.97e-12 1.62e-14 6.16e-16  7.1e-18  2.8e-19    1e-20    1e-20
1        3 1.040e+04 7.090e+07 7.030e-01 5.170e+01 4.91e-09 5.99e-09 8.93e-09 2.28e-08 3.36e-07 0.000181   0.0349    0.419     0.25    0.215   0.0664   0.0132   0.0015 0.000316 0.000121 0.000133 3.71e-05 4.81e-06 3.13e-07 4.28e-09 6.38e-11 2.57e-13  1.1e-14 1.61e-16 6.85e-18    1e-20    1e-20
1        3 1.040e+04 7.090e+07 9.510e-01 6.990e+01  5.3e-09 6.47e-09 9.65e-09 2.45e-08 1.39e-07 7.35e-05   0.0191     0.31     0.25    0.276    0.112   0.0273  0.00374 0.000908 0.000408  0.00053 0.000176 3.05e-05 2.64e-06 4.69e-08 8.25e-10 4.09e-12 1.98e-13 3.68e-15  1.7e-16 9.61e-20    1e-20
1        3 1.040e+04 7.090e+07 1.290e+00 9.470e+01 4.51e-09 5.51e-09 8.21e-09 2.09e-08 6.83e-08 2.67e-05  0.00938    0.206    0.223    0.323    0.171   0.0521  0.00865  0.00246  0.00131  0.00203 0.000806 0.000187 2.16e-05 5.05e-07 1.06e-08 6.49e-11 3.58e-12 8.48e-14 4.25e-15 3.25e-18    1e-20
1        3 1.040e+04 7.090e+07 1.740e+00 1.280e+02 2.18e-09 2.66e-09 3.96e-09 1.01e-08 2.73e-08 8.54e-06  0.00405     0.12    0.176    0.335    0.234   0.0902   0.0183  0.00612  0.00392  0.00732  0.00348  0.00109 0.000168 5.19e-06 1.33e-07 9.98e-10 6.31e-11  1.9e-12 1.04e-13 1.08e-16 4.38e-20
1        3 1.040e+04 7.090e+07 2.360e+00 1.730e+02    1e-20    1e-20    1e-20    1e-20    1e-20  2.3e-06   0.0015   0.0601    0.119      0.3    0.279    0.137   0.0342   0.0136   0.0106   0.0241   0.0138  0.00581   0.0012 4.95e-05 1.56e-06 1.45e-08 1.06e-09 4.08e-11 2.45e-12 3.42e-15 1.88e-18
1        3 1.040e+04 7.090e+07 3.190e+00 2.340e+02    1e-20    1e-20    1e-20    1e-20    1e-20  4.2e-07 0.000446   0.0242   0.0649    0.217    0.269    0.172   0.0533   0.0254   0.0242   0.0677   0.0472   0.0267  0.00745 0.000408 1.62e-05 1.87e-07 1.58e-08 7.79e-10 5.14e-11 9.74e-14 7.25e-17
1        3 1.040e+04 7.090e+07 4.310e+00 3.170e+02    1e-20    1e-20    1e-20    1e-20    1e-20    1e-20 9.24e-05   0.0068   0.0246     0.11    0.183    0.152   0.0596   0.0343   0.0404    0.141     0.12   0.0915   0.0343  0.00252 0.000127 1.84e-06 1.81e-07 1.15e-08  8.4e-10 2.15e-12 2.17e-15
1        3 1.040e+04 7.090e+07 5.840e+00 4.290e+02    1e-20    1e-20    1e-20    1e-20    1e-20    1e-20 1.14e-05  0.00114  0.00561   0.0337   0.0749    0.082    0.041   0.0287   0.0422    0.184    0.194      0.2    0.101  0.00998  0.00065 1.19e-05 1.37e-06 1.12e-07 9.16e-09 3.17e-11 4.32e-14
1        3 1.040e+04 7.090e+07 7.900e+00 5.810e+02    1e-20    1e-20    1e-20    1e-20    1e-20    1e-20 8.59e-07  0.00012 0.000798  0.00644   0.0192   0.0279    0.018   0.0155   0.0286    0.159    0.209     0.29    0.198   0.0262  0.00222 5.18e-05 7.04e-06 7.45e-07 6.91e-08 3.24e-10 5.96e-13
1        3 1.040e+04 7.090e+07 1.070e+01 7.860e+02    1e-20    1e-20    1e-20    1e-20    1e-20    1e-20 4.43e-08 9.24e-06 8.29e-05   0.0009  0.00362    0.007  0.00587  0.00631   0.0147    0.104    0.173    0.325      0.3   0.0535  0.00596 0.000179  2.9e-05 3.98e-06 4.23e-07 2.68e-09 6.68e-12
1        3 1.040e+04 7.090e+07 1.450e+01 1.060e+03    1e-20    1e-20    1e-20    1e-20    1e-20    1e-20 1.95e-09 5.74e-07 6.97e-06 0.000102 0.000554  0.00143  0.00158  0.00214  0.00634   0.0582    0.123    0.311    0.388   0.0934   0.0138 0.000537 0.000105 1.88e-05 2.32e-06 1.99e-08 6.72e-11
1        3 1.040e+04 7.090e+07 1.960e+01 1.440e+03 4.02e-12  4.9e-12 7.31e-12 1.86e-11 4.03e-11 8.26e-11 2.93e-10  3.1e-08 4.99e-07 9.84e-06  7.2e-05 0.000249 0.000363 0.000629  0.00239   0.0286   0.0776    0.266    0.448    0.146   0.0286  0.00146 0.000351 8.17e-05 1.19e-05 1.38e-07 6.31e-10
1        3 1.040e+04 7.090e+07 2.650e+01 1.950e+03 1.99e-12 2.43e-12 3.62e-12 9.18e-12    2e-11 4.09e-11 1.02e-10 1.66e-09 3.11e-08 8.25e-07 8.15e-06 3.79e-05 7.34e-05 0.000164 0.000808   0.0126   0.0445    0.206     0.47    0.206   0.0541  0.00365  0.00109 0.000332 5.81e-05 9.12e-07 5.63e-09
1        3 1.040e+04 7.090e+07 3.580e+01 2.630e+03 5.86e-13 7.16e-13 1.07e-12 2.71e-12 5.89e-12 1.21e-11 2.93e-11 1.33e-10 1.75e-09 6.09e-08 8.12e-07 5.08e-06 1.31e-05 3.83e-05 0.000246  0.00507   0.0234    0.146    0.451    0.267   0.0939  0.00841  0.00316  0.00127 0.000271 5.75e-06 4.81e-08
1        3 1.040e+04 7.090e+07 4.850e+01 3.570e+03 1.36e-13 1.67e-13 2.48e-13  6.3e-13 1.37e-12  2.8e-12  6.8e-12 1.97e-11 9.65e-11 3.97e-09 7.12e-08 6.02e-07 2.08e-06 7.98e-06 6.72e-05  0.00184   0.0112   0.0947    0.394    0.316    0.149   0.0178  0.00856  0.00455   0.0012 3.46e-05 3.91e-07
1        3 1.040e+04 7.090e+07 6.560e+01 4.820e+03 2.68e-14 3.27e-14 4.87e-14 1.24e-13 2.69e-13 5.51e-13 1.33e-12 3.53e-12 6.46e-12 2.31e-10 5.53e-09 6.29e-08 2.92e-07 1.48e-06 1.65e-05   0.0006  0.00483   0.0553    0.311    0.338    0.214   0.0343   0.0212    0.015  0.00497 0.000193 2.96e-06
1        3 1.040e+04 7.090e+07 8.870e+01 6.520e+03 4.41e-15 5.39e-15 8.03e-15 2.04e-14 4.43e-14 9.07e-14  2.2e-13  5.7e-13 6.19e-13 1.18e-11 3.67e-10 5.63e-09 3.52e-08 2.37e-07  3.5e-06  0.00017  0.00182   0.0283    0.215    0.316     0.27   0.0579   0.0469   0.0439   0.0186 0.000979 2.03e-05
1        3 1.040e+04 7.090e+07 1.200e+02 8.830e+03 5.87e-16 7.17e-16 1.07e-15 2.71e-15 5.89e-15 1.21e-14 2.92e-14 7.54e-14 6.92e-14 5.39e-13 1.99e-11  4.1e-10 3.45e-09 3.11e-08 6.12e-07 3.98e-05  0.00057   0.0119    0.123    0.244    0.282   0.0811   0.0863    0.108    0.059   0.0042 0.000118
1        3 1.040e+04 7.090e+07 1.620e+02 1.190e+04 5.84e-17 7.13e-17 1.06e-16  2.7e-16 5.86e-16  1.2e-15  2.9e-15 7.48e-15 6.57e-15 2.28e-14 8.12e-13 2.24e-11 2.54e-10 3.07e-09 8.08e-08 7.07e-06 0.000136  0.00384   0.0536    0.144    0.224   0.0869    0.122    0.205    0.146   0.0141 0.000533
1        3 1.040e+04 7.090e+07 2.200e+02 1.620e+04 4.44e-18 5.42e-18 8.08e-18 2.05e-17 4.46e-17 9.13e-17 2.21e-16 5.68e-16 4.94e-16    1e-15 2.42e-14 8.87e-13 1.36e-11  2.2e-10 7.77e-09 9.15e-07 2.36e-05 0.000904   0.0171   0.0619     0.13   0.0682    0.128    0.288    0.269   0.0351   0.0018
1        3 1.040e+04 7.090e+07 2.970e+02 2.190e+04 1.41e-19 1.72e-19 2.57e-19 6.52e-19 1.42e-18  2.9e-18 7.02e-18  1.8e-17 1.57e-17 2.75e-17 5.57e-16 2.69e-14 5.54e-13 1.21e-11 5.74e-10  9.1e-08 3.16e-06 0.000164  0.00418   0.0205   0.0584   0.0412    0.103    0.313    0.387   0.0682  0.00473
1        3 1.040e+04 7.090e+07 4.020e+02 2.960e+04    1e-20    1e-20    1e-20    1e-20    1e-20    1e-20    1e-20    1e-20    1e-20    1e-20    1e-20 7.33e-16 1.88e-14 5.54e-13 3.54e-11 7.57e-09 3.54e-07 2.49e-05 0.000858   0.0057   0.0219   0.0209   0.0702    0.286    0.471    0.112   0.0105
1        3 1.040e+04 7.090e+07 5.440e+02 4.000e+04 9.18e-20 1.12e-19 1.67e-19 4.24e-19 9.22e-19 1.89e-18 4.56e-18 1.17e-17 1.02e-17 1.47e-17 2.06e-17 4.41e-17  5.6e-16 2.25e-14 1.94e-12 5.61e-10 3.54e-08 3.36e-06 0.000157  0.00141  0.00734  0.00946   0.0427    0.235    0.516    0.167   0.0212
1        3 1.040e+04 7.090e+07 7.370e+02 5.420e+04 5.21e-20 6.36e-20 9.48e-20 2.41e-19 5.23e-19 1.07e-18 2.59e-18 6.64e-18 5.76e-18 8.33e-18 1.16e-17 1.74e-17 3.91e-17 8.74e-16 9.82e-14 3.83e-11 3.26e-09 4.19e-07 2.65e-05 0.000322  0.00226  0.00394    0.024    0.178    0.524    0.229   0.0393
1        3 1.040e+04 7.090e+07 9.970e+02 7.330e+04    1e-20    1e-20    1e-20    1e-20    1e-20    1e-20    1e-20    1e-20    1e-20    1e-20    1e-20    1e-20    1e-20    1e-20 4.65e-15 2.43e-12  2.8e-10 4.87e-08 4.16e-06 6.84e-05  0.00065  0.00153   0.0125    0.126    0.497    0.294   0.0683
1        3 1.040e+04 7.090e+07 1.350e+03 9.920e+04    1e-20    1e-20    1e-20    1e-20    1e-20    1e-20    1e-20    1e-20    1e-20    1e-20    1e-20    1e-20    1e-20    1e-20 1.77e-16 1.44e-13 2.25e-11 5.29e-09 6.11e-07 1.36e-05 0.000175 0.000557  0.00616   0.0833    0.444    0.355    0.112
1        3 1.040e+04 7.090e+07 1.820e+03 1.340e+05 6.38e-20 7.79e-20 1.16e-19 2.95e-19 6.41e-19 1.31e-18 3.17e-18 8.14e-18 7.05e-18 1.02e-17 1.41e-17 2.06e-17 2.83e-17 3.97e-17 7.04e-17    8e-15 1.69e-12 5.37e-10 8.41e-08 2.53e-06 4.41e-05  0.00019  0.00283   0.0518    0.372    0.402    0.171
1        3 1.040e+04 7.090e+07 2.470e+03 1.820e+05 3.59e-20 4.38e-20 6.53e-20 1.66e-19  3.6e-19 7.37e-19 1.78e-18 4.57e-18 3.96e-18 5.71e-18 7.89e-18 1.16e-17 1.59e-17 2.23e-17 3.52e-17 4.46e-16 1.19e-13 5.13e-11 1.09e-08 4.43e-07 1.04e-05 6.07e-05  0.00122   0.0303    0.293    0.429    0.247
1        3 1.040e+04 7.090e+07 3.340e+03 2.460e+05 1.02e-20 1.24e-20 1.86e-20 4.71e-20 1.02e-19  2.1e-19 5.07e-19  1.3e-18 1.13e-18 1.62e-18 2.24e-18 3.28e-18  4.5e-18 6.33e-18 9.96e-18 6.53e-17 7.93e-15 4.61e-12 1.32e-09 7.27e-08 2.32e-06 1.82e-05 0.000497   0.0166    0.217     0.43    0.335
1        3 1.040e+04 7.090e+07 4.520e+03 3.320e+05    1e-20    1e-20    1e-20 1.52e-20 3.29e-20 6.74e-20 1.63e-19 4.18e-19 3.62e-19 5.22e-19 7.21e-19 1.05e-18 1.45e-18 2.03e-18  3.2e-18 1.53e-17 5.05e-16 3.91e-13 1.51e-10 1.13e-08 4.86e-07 5.18e-06 0.000191  0.00863    0.152    0.408     0.43
1        3 1.040e+04 7.090e+07 6.120e+03 4.500e+05    1e-20    1e-20    1e-20    1e-20    1e-20    1e-20 1.29e-20  3.3e-20 2.86e-20 4.12e-20 5.69e-20 8.32e-20 1.14e-19 1.61e-19 2.53e-19 1.18e-18 3.02e-17 3.14e-14 1.65e-11 1.66e-09 9.68e-08  1.4e-06 6.96e-05  0.00426    0.102    0.369    0.526
1        3 1.040e+04 7.090e+07 8.280e+03 6.090e+05    1e-20    1e-20 1.02e-20 2.58e-20 5.62e-20 1.15e-19 2.78e-19 7.12e-19 6.17e-19  8.9e-19 1.23e-18 1.79e-18 2.46e-18 3.47e-18 5.45e-18 2.45e-17  1.9e-17 2.44e-15 1.72e-12 2.34e-10 1.85e-08 3.61e-07 2.43e-05  0.00201   0.0649    0.319    0.615
1        3 1.040e+04 7.090e+07 1.120e+04 8.230e+05    1e-20    1e-20    1e-20    1e-20    1e-20 1.37e-20 3.31e-20  8.5e-20 7.36e-20 1.06e-19 1.46e-19 2.14e-19 2.94e-19 4.14e-19  6.5e-19 2.92e-18 2.16e-18 1.83e-16 1.73e-13  3.2e-11 3.41e-09 9.01e-08 8.21e-06 0.000918     0.04    0.266    0.693
1        3 1.040e+04 7.090e+07 1.510e+04 1.110e+06    1e-20    1e-20  1.1e-20 2.79e-20 6.05e-20 1.24e-19    3e-19 7.68e-19 6.65e-19 9.59e-19 1.32e-18 1.93e-18 2.65e-18 3.74e-18 5.87e-18 2.64e-17 1.87e-17 3.71e-17 1.69e-14 4.23e-12  6.1e-10 2.18e-08 2.69e-06 0.000407    0.024    0.215     0.76
1        3 1.040e+04 7.090e+07 2.050e+04 1.510e+06    1e-20    1e-20    1e-20    1e-20    1e-20    1e-20    1e-20    1e-20    1e-20    1e-20    1e-20 1.14e-20 1.57e-20 2.21e-20 3.47e-20 1.56e-19 1.11e-19 1.06e-18 1.61e-15 5.46e-13 1.07e-10 5.15e-09 8.59e-07 0.000176    0.014    0.171    0.815
1        3 1.040e+04 7.090e+07 2.770e+04 2.040e+06    1e-20    1e-20    1e-20    1e-20 1.79e-20 3.66e-20 8.84e-20 2.27e-19 1.96e-19 2.83e-19 3.91e-19  5.7e-19 7.83e-19  1.1e-18 1.73e-18  7.8e-18 5.52e-18 7.18e-18  1.6e-16 6.93e-14 1.83e-11  1.2e-09  2.7e-07 7.49e-05  0.00808    0.133    0.859
1        3 1.040e+04 7.090e+07 3.750e+04 2.760e+06    1e-20    1e-20    1e-20    1e-20    1e-20    1e-20    1e-20    1e-20    1e-20    1e-20    1e-20    1e-20    1e-20    1e-20    1e-20    1e-20    1e-20    1e-20 9.23e-18 8.68e-15 3.11e-12 2.75e-10 8.38e-08 3.14e-05  0.00459    0.102    0.893
1        3 1.040e+04 7.090e+07 5.070e+04 3.730e+06    1e-20    1e-20    1e-20    1e-20    1e-20    1e-20  1.7e-20 4.37e-20 3.79e-20 5.46e-20 7.53e-20  1.1e-19 1.51e-19 2.13e-19 3.34e-19  1.5e-18 1.06e-18 1.37e-18 3.01e-18 1.08e-15 5.22e-13 6.25e-11 2.58e-08 1.31e-05  0.00258   0.0777     0.92
1        3 1.040e+04 7.090e+07 6.870e+04 5.050e+06    1e-20    1e-20    1e-20    1e-20    1e-20    1e-20    1e-20    1e-20    1e-20    1e-20    1e-20    1e-20    1e-20    1e-20    1e-20    1e-20    1e-20    1e-20    1e-20 1.32e-16 8.68e-14 1.41e-11 7.85e-09 5.39e-06  0.00144   0.0587     0.94
1        3 1.040e+04 7.090e+07 9.290e+04 6.830e+06    1e-20    1e-20    1e-20    1e-20    1e-20    1e-20    1e-20    1e-20    1e-20    1e-20    1e-20    1e-20    1e-20    1e-20    1e-20    1e-20    1e-20    1e-20    1e-20 1.57e-17 1.44e-14 3.15e-12 2.38e-09 2.21e-06   0.0008   0.0441    0.955
1        3 1.040e+04 7.090e+07 1.260e+05 9.250e+06    1e-20    1e-20    1e-20    1e-20    1e-20    1e-20    1e-20 1.06e-20    1e-20 1.32e-20 1.82e-20 2.66e-20 3.65e-20 5.15e-20 8.09e-20 3.64e-19 2.57e-19 3.32e-19 4.17e-19 2.67e-18 2.38e-15 7.04e-13  7.2e-10 9.04e-07 0.000442    0.033    0.967
1        3 1.040e+04 7.090e+07 1.700e+05 1.250e+07    1e-20    1e-20    1e-20    1e-20    1e-20    1e-20    1e-20    1e-20    1e-20    1e-20    1e-20    1e-20    1e-20    1e-20    1e-20    1e-20    1e-20    1e-20    1e-20    1e-20  3.9e-16 1.57e-13 2.17e-10 3.68e-07 0.000244   0.0246    0.975
1        3 1.040e+04 7.090e+07 2.300e+05 1.690e+07    1e-20    1e-20    1e-20    1e-20    1e-20    1e-20    1e-20    1e-20    1e-20    1e-20    1e-20    1e-20    1e-20    1e-20    1e-20    1e-20    1e-20    1e-20    1e-20    1e-20 6.36e-17 3.47e-14  6.5e-11  1.5e-07 0.000134   0.0183    0.982
1        3 1.040e+04 7.090e+07 3.110e+05 2.290e+07    1e-20    1e-20    1e-20    1e-20    1e-20    1e-20    1e-20    1e-20    1e-20 1.19e-20 1.65e-20  2.4e-20  3.3e-20 4.65e-20 7.31e-20 3.29e-19 2.32e-19    3e-19 3.75e-19 6.28e-19 1.14e-17  7.7e-15 1.95e-11 6.07e-08 7.35e-05   0.0136    0.986
1        3 1.040e+04 7.090e+07 4.210e+05 3.100e+07    1e-20    1e-20    1e-20    1e-20    1e-20    1e-20    1e-20    1e-20    1e-20    1e-20    1e-20    1e-20    1e-20    1e-20    1e-20    1e-20    1e-20    1e-20    1e-20    1e-20 1.59e-18  1.7e-15 5.84e-12 2.46e-08 4.03e-05   0.0101     0.99
1        3 1.040e+04 7.090e+07 5.700e+05 4.200e+07    1e-20    1e-20    1e-20    1e-20    1e-20    1e-20    1e-20    1e-20    1e-20    1e-20    1e-20    1e-20 1.28e-20  1.8e-20 2.83e-20 1.27e-19 8.99e-20 1.16e-19 1.45e-19 2.42e-19 6.31e-19 3.77e-16 1.74e-12 9.94e-09 2.21e-05  0.00746    0.993
1        3 1.040e+04 7.090e+07 7.720e+05 5.680e+07    1e-20    1e-20    1e-20    1e-20    1e-20    1e-20    1e-20    1e-20    1e-20    1e-20    1e-20 1.35e-20 1.85e-20 2.61e-20 4.09e-20 1.84e-19  1.3e-19 1.68e-19  2.1e-19  3.5e-19 5.55e-19 8.39e-17 5.22e-13 4.02e-09 1.21e-05  0.00553    0.994
1        3 1.040e+04 7.090e+07 1.040e+06 7.680e+07    1e-20    1e-20    1e-20    1e-20    1e-20    1e-20    1e-20    1e-20    1e-20    1e-20    1e-20    1e-20    1e-20    1e-20    1e-20    1e-20    1e-20    1e-20    1e-20    1e-20 1.04e-20 1.84e-17 1.56e-13 1.63e-09 6.61e-06  0.00409    0.996
1        3 1.040e+04 7.090e+07 1.410e+06 1.040e+08    1e-20    1e-20    1e-20    1e-20    1e-20    1e-20    1e-20    1e-20    1e-20    1e-20    1e-20    1e-20    1e-20    1e-20    1e-20    1e-20    1e-20    1e-20    1e-20    1e-20    1e-20 4.06e-18 4.66e-14 6.58e-10 3.61e-06  0.00303    0.997
1        3 1.040e+04 7.090e+07 1.910e+06 1.410e+08    1e-20    1e-20    1e-20    1e-20    1e-20    1e-20    1e-20    1e-20    1e-20    1e-20    1e-20    1e-20    1e-20    1e-20    1e-20    1e-20    1e-20    1e-20    1e-20    1e-20    1e-20 8.95e-19 1.39e-14 2.66e-10 1.98e-06  0.00224    0.998
1        3 1.040e+04 7.090e+07 2.590e+06 1.900e+08    1e-20    1e-20    1e-20    1e-20    1e-20    1e-20    1e-20    1e-20    1e-20    1e-20    1e-20    1e-20    1e-20    1e-20    1e-20    1e-20    1e-20    1e-20    1e-20    1e-20    1e-20 1.94e-19 4.16e-15 1.07e-10 1.08e-06  0.00166    0.998
1        3 1.040e+04 7.090e+07 3.500e+06 2.570e+08    1e-20    1e-20    1e-20    1e-20    1e-20    1e-20    1e-20    1e-20    1e-20    1e-20    1e-20    1e-20    1e-20    1e-20    1e-20    1e-20    1e-20    1e-20    1e-20    1e-20    1e-20 4.32e-20 1.24e-15 4.34e-11  5.9e-07  0.00122    0.999
1        3 1.040e+04 7.090e+07 4.730e+06 3.480e+08    1e-20    1e-20    1e-20    1e-20    1e-20    1e-20    1e-20    1e-20    1e-20    1e-20    1e-20    1e-20    1e-20    1e-20    1e-20    1e-20    1e-20    1e-20    1e-20    1e-20    1e-20    1e-20  3.7e-16 1.75e-11 3.22e-07 0.000905    0.999
