i converge       t_e       t_r        ip        xi      i01      i02      i03      i04      i05      i06      i07      i08      i09      i10      i11      i12      i13      i14      i15      i16      i17      i18      i19      i20      i21      i22      i23      i24      i25      i26      i27
- -------- --------- --------- --------- --------- -------- -------- -------- -------- -------- -------- -------- -------- -------- -------- -------- -------- -------- -------- -------- -------- -------- -------- -------- -------- -------- -------- -------- -------- -------- -------- --------
1        1 1.150e+03 7.100e+07 4.730e-10 3.480e-08     0.98   0.0195 0.000151 7.84e-06 6.07e-07 9.13e-08  1.4e-08 1.18e-09 2.22e-11 8.82e-13 3.37e-14    1e-20    1e-20    1e-20    1e-20    1e-20    1e-20    1e-20    1e-20    1e-20    1e-20    1e-20    1e-20    1e-20    1e-20    1e-20    1e-20
1        0 1.590e+03 7.100e+07 4.730e-07 3.480e-05    0.524    0.429   0.0446  0.00179 9.93e-05 9.35e-06 1.02e-06 4.41e-08 6.19e-10 2.29e-11 7.97e-13 1.03e-17 5.15e-20    1e-20    1e-20    1e-20    1e-20    1e-20    1e-20    1e-20    1e-20    1e-20    1e-20    1e-20    1e-20    1e-20    1e-20
1        0 1.620e+03 7.100e+07 6.400e-07 4.710e-05    0.476    0.465    0.057  0.00253 0.000134 1.24e-05 1.28e-06 5.25e-08 7.25e-10 2.64e-11 8.98e-13 1.44e-17 7.08e-20    1e-20    1e-20    1e-20    1e-20    1e-20    1e-20    1e-20    1e-20    1e-20    1e-20    1e-20    1e-20    1e-20    1e-20
1        0 1.650e+03 7.100e+07 8.660e-07 6.380e-05    0.426    0.498   0.0724  0.00358 0.000183 1.67e-05  1.6e-06 6.26e-08 8.49e-10 3.06e-11 1.01e-12 2.02e-17 9.77e-20    1e-20    1e-20    1e-20    1e-20    1e-20    1e-20    1e-20    1e-20    1e-20    1e-20    1e-20    1e-20    1e-20    1e-20
1        0 1.690e+03 7.100e+07 1.170e-06 8.630e-05    0.377    0.527   0.0912  0.00508 0.000252 2.27e-05 2.02e-06 7.48e-08 9.93e-10 3.54e-11 1.14e-12 2.86e-17 1.35e-19 1.04e-20    1e-20    1e-20    1e-20    1e-20    1e-20    1e-20    1e-20    1e-20    1e-20    1e-20    1e-20    1e-20    1e-20
1        0 1.720e+03 7.100e+07 1.590e-06 1.170e-04    0.328    0.551    0.114  0.00724  0.00035 3.13e-05 2.54e-06 8.97e-08 1.16e-09 4.11e-11  1.3e-12 4.07e-17 1.88e-19 1.45e-20    1e-20    1e-20    1e-20    1e-20    1e-20    1e-20    1e-20    1e-20    1e-20    1e-20    1e-20    1e-20    1e-20
1        0 1.760e+03 7.100e+07 2.150e-06 1.580e-04     0.28    0.568    0.141   0.0103 0.000493 4.35e-05 3.22e-06 1.08e-07 1.36e-09 4.81e-11 1.49e-12 5.83e-17 2.62e-19 2.02e-20    1e-20    1e-20    1e-20    1e-20    1e-20    1e-20    1e-20    1e-20    1e-20    1e-20    1e-20    1e-20    1e-20
1        0 1.810e+03 7.100e+07 2.900e-06 2.140e-04    0.235    0.577    0.173   0.0147 0.000705 6.14e-05 4.09e-06  1.3e-07 1.58e-09 5.66e-11 1.74e-12 8.41e-17 3.69e-19 2.87e-20    1e-20    1e-20    1e-20    1e-20    1e-20    1e-20    1e-20    1e-20    1e-20    1e-20    1e-20    1e-20    1e-20
1        0 1.860e+03 7.100e+07 3.930e-06 2.890e-04    0.193    0.576    0.209   0.0209  0.00102 8.76e-05 5.22e-06 1.57e-07 1.84e-09 6.73e-11 2.07e-12 1.23e-16 5.25e-19 4.12e-20    1e-20    1e-20    1e-20    1e-20    1e-20    1e-20    1e-20    1e-20    1e-20    1e-20    1e-20    1e-20    1e-20
1        0 1.910e+03 7.100e+07 5.310e-06 3.910e-04    0.154    0.565     0.25   0.0297   0.0015 0.000127 6.71e-06 1.92e-07 2.14e-09 8.11e-11 2.55e-12 1.81e-16 7.56e-19 6.04e-20    1e-20    1e-20    1e-20    1e-20    1e-20    1e-20    1e-20    1e-20    1e-20    1e-20    1e-20    1e-20    1e-20
1        0 1.960e+03 7.100e+07 7.190e-06 5.290e-04     0.12    0.541    0.294    0.042  0.00224 0.000186 8.72e-06 2.36e-07  2.5e-09 9.95e-11 3.27e-12 2.72e-16 1.11e-18 9.07e-20 1.49e-20    1e-20    1e-20    1e-20    1e-20    1e-20    1e-20    1e-20    1e-20    1e-20    1e-20    1e-20    1e-20
1        0 2.020e+03 7.100e+07 9.730e-06 7.160e-04   0.0903    0.506    0.341   0.0589  0.00339 0.000278 1.15e-05 2.95e-07 2.92e-09 1.25e-10 4.42e-12 4.18e-16 1.68e-18  1.4e-19 2.42e-20    1e-20    1e-20    1e-20    1e-20    1e-20    1e-20    1e-20    1e-20    1e-20    1e-20    1e-20    1e-20
1        0 2.090e+03 7.100e+07 1.320e-05 9.690e-04   0.0655     0.46    0.387    0.082  0.00521 0.000423 1.54e-05 3.75e-07 3.44e-09 1.61e-10 6.31e-12  6.6e-16 2.63e-18 2.25e-19 4.19e-20    1e-20    1e-20    1e-20    1e-20    1e-20    1e-20    1e-20    1e-20    1e-20    1e-20    1e-20    1e-20
1        0 2.170e+03 7.100e+07 1.780e-05 1.310e-03   0.0456    0.405    0.428    0.113   0.0081 0.000652 2.13e-05 4.89e-07 4.13e-09 2.14e-10 9.46e-12 1.08e-15 4.31e-18 3.77e-19  7.7e-20    1e-20    1e-20    1e-20    1e-20    1e-20    1e-20    1e-20    1e-20    1e-20    1e-20    1e-20    1e-20
1        0 2.250e+03 7.100e+07 2.410e-05 1.770e-03   0.0301    0.342    0.461    0.153   0.0127  0.00102 3.04e-05 6.63e-07 5.11e-09 2.96e-10 1.49e-11 1.86e-15 7.52e-18 6.62e-19  1.5e-19    1e-20    1e-20    1e-20    1e-20    1e-20    1e-20    1e-20    1e-20    1e-20    1e-20    1e-20    1e-20
1        0 2.350e+03 7.100e+07 3.260e-05 2.400e-03   0.0188    0.276    0.481    0.203     0.02  0.00164 4.55e-05 9.45e-07 6.63e-09 4.26e-10 2.41e-11 3.39e-15  1.4e-17 1.22e-18 3.04e-19    1e-20    1e-20    1e-20    1e-20    1e-20    1e-20    1e-20    1e-20    1e-20    1e-20    1e-20    1e-20
1        0 2.460e+03 7.100e+07 4.410e-05 3.250e-03    0.011    0.212    0.481    0.262   0.0315  0.00266 7.18e-05 1.43e-06  9.2e-09 6.41e-10 4.02e-11  6.6e-15 2.79e-17 2.39e-18 6.41e-19    1e-20    1e-20    1e-20    1e-20    1e-20    1e-20    1e-20    1e-20    1e-20    1e-20    1e-20    1e-20
1        0 2.590e+03 7.100e+07 5.970e-05 4.400e-03  0.00595    0.152    0.459    0.328   0.0493  0.00439 0.000121 2.32e-06  1.4e-08 1.01e-09 6.83e-11 1.39e-14 5.97e-17 4.94e-18 1.39e-18    1e-20    1e-20    1e-20    1e-20    1e-20    1e-20    1e-20    1e-20    1e-20    1e-20    1e-20    1e-20
1        0 2.740e+03 7.100e+07 8.070e-05 5.940e-03  0.00299    0.103    0.416    0.395   0.0756   0.0073 0.000216    4e-06 2.33e-08 1.67e-09 1.17e-10 3.14e-14 1.35e-16 1.07e-17 3.09e-18    1e-20    1e-20    1e-20    1e-20    1e-20    1e-20    1e-20    1e-20    1e-20    1e-20    1e-20    1e-20
1        0 2.910e+03 7.100e+07 1.090e-04 8.040e-03  0.00137   0.0644    0.354    0.454    0.113   0.0122 0.000406 7.36e-06 4.26e-08 2.89e-09 2.01e-10 7.58e-14 3.23e-16 2.46e-17    7e-18 1.06e-20    1e-20    1e-20    1e-20    1e-20    1e-20    1e-20    1e-20    1e-20    1e-20    1e-20    1e-20
1        0 3.120e+03 7.100e+07 1.480e-04 1.090e-02 0.000568    0.037    0.282    0.495    0.165   0.0206 0.000801 1.43e-05 8.46e-08 5.31e-09 3.52e-10 1.96e-13  8.2e-16 6.03e-17 1.63e-17 3.68e-20    1e-20    1e-20    1e-20    1e-20    1e-20    1e-20    1e-20    1e-20    1e-20    1e-20    1e-20
1        0 3.390e+03 7.100e+07 2.000e-04 1.470e-02 0.000211   0.0194    0.208    0.507    0.229   0.0346  0.00164 2.91e-05 1.79e-07 1.05e-08 6.25e-10 5.34e-13 2.21e-15 1.59e-16  3.9e-17 1.37e-19    1e-20    1e-20    1e-20    1e-20    1e-20    1e-20    1e-20    1e-20    1e-20    1e-20    1e-20
1        0 3.730e+03 7.100e+07 2.710e-04 1.990e-02 6.96e-05   0.0092    0.141    0.485    0.304   0.0574  0.00343 6.16e-05 3.97e-07 2.25e-08 1.14e-09 1.53e-12 6.34e-15  4.6e-16 9.73e-17 5.49e-19    1e-20    1e-20    1e-20    1e-20    1e-20    1e-20    1e-20    1e-20    1e-20    1e-20    1e-20
1        0 4.180e+03 7.100e+07 3.660e-04 2.700e-02    2e-05  0.00387   0.0862    0.428    0.381   0.0936  0.00728 0.000135 9.15e-07 5.28e-08 2.17e-09 4.65e-12 1.95e-14 1.46e-15 2.55e-16 2.35e-18 2.44e-20    1e-20    1e-20    1e-20    1e-20    1e-20    1e-20    1e-20    1e-20    1e-20    1e-20
1        0 4.830e+03 7.100e+07 4.960e-04 3.650e-02 4.79e-06   0.0014   0.0468    0.344    0.444    0.149   0.0157 0.000313 2.19e-06 1.37e-07 4.38e-09 1.51e-11 6.49e-14 5.19e-15 7.08e-16  1.1e-17 1.05e-19    1e-20    1e-20    1e-20    1e-20    1e-20    1e-20    1e-20    1e-20    1e-20    1e-20
1        0 5.770e+03 7.100e+07 6.700e-04 4.930e-02 9.59e-07 0.000427    0.022    0.245    0.473    0.225   0.0335 0.000749 5.39e-06 3.82e-07 9.35e-09  5.2e-11 2.33e-13 2.03e-14 2.07e-15 5.51e-17 4.93e-19    1e-20    1e-20    1e-20    1e-20    1e-20    1e-20    1e-20    1e-20    1e-20    1e-20
1        0 1.580e+04 7.100e+07 9.070e-04 6.680e-02 1.09e-07 1.44e-05  0.00227   0.0706    0.353    0.416    0.154  0.00404 3.42e-05 3.89e-06  5.3e-08  6.2e-10  4.6e-12 4.68e-13 1.58e-14 1.13e-15 1.55e-17 2.92e-20    1e-20    1e-20    1e-20    1e-20    1e-20    1e-20    1e-20    1e-20    1e-20
1        0 1.660e+04 7.100e+07 1.230e-03 9.040e-02 2.43e-08 4.23e-06 0.000929   0.0401    0.278    0.448    0.226  0.00728 6.65e-05  8.1e-06 9.87e-08 1.59e-09 1.25e-11 1.36e-12 4.06e-14 3.96e-15 5.77e-17 1.11e-19    1e-20    1e-20    1e-20    1e-20    1e-20    1e-20    1e-20    1e-20    1e-20
1        0 1.720e+04 7.100e+07 1.660e-03 1.220e-01 6.47e-09 1.19e-06  0.00036   0.0215    0.205    0.451     0.31   0.0125 0.000124  1.6e-05  1.8e-07 3.88e-09 3.25e-11 3.74e-12 1.02e-13 1.32e-14 2.06e-16 4.21e-19    1e-20    1e-20    1e-20    1e-20    1e-20    1e-20    1e-20    1e-20    1e-20
1        0 1.780e+04 7.100e+07 2.250e-03 1.650e-01 4.41e-09 3.24e-07 0.000131   0.0108    0.142    0.426      0.4   0.0207 0.000222 3.02e-05 3.23e-07 9.14e-09 8.19e-11 9.89e-12 2.57e-13 4.28e-14  7.2e-16  1.6e-18    1e-20    1e-20    1e-20    1e-20    1e-20    1e-20    1e-20    1e-20    1e-20
1        0 1.840e+04 7.100e+07 3.040e-03 2.240e-01 5.28e-09 9.12e-08 4.49e-05   0.0051   0.0921    0.381    0.489   0.0327 0.000387 5.53e-05 5.81e-07 2.08e-08 2.03e-10 2.54e-11  6.5e-13 1.34e-13 2.49e-15 6.24e-18 1.13e-20    1e-20    1e-20    1e-20    1e-20    1e-20    1e-20    1e-20    1e-20
1        0 1.900e+04 7.100e+07 4.110e-03 3.030e-01 5.92e-09 3.22e-08 1.44e-05  0.00227   0.0566    0.322    0.569   0.0499 0.000663  9.9e-05 1.06e-06 4.64e-08 4.99e-10 6.44e-11 1.68e-12 4.14e-13 8.69e-15 2.51e-17 5.56e-20    1e-20    1e-20    1e-20    1e-20    1e-20    1e-20    1e-20    1e-20
1        0 1.980e+04 7.100e+07 5.570e-03 4.100e-01 5.81e-09 1.71e-08 4.36e-06 0.000949   0.0329    0.259    0.633   0.0736  0.00112 0.000175 1.99e-06 1.02e-07 1.24e-09 1.63e-10 4.51e-12 1.27e-12 3.09e-14 1.06e-16 2.85e-19    1e-20    1e-20    1e-20    1e-20    1e-20    1e-20    1e-20    1e-20
1        0 2.070e+04 7.100e+07 7.530e-03 5.540e-01 5.12e-09  1.2e-08 1.25e-06 0.000377   0.0182    0.199    0.676    0.105  0.00188 0.000307 3.87e-06 2.22e-07 3.11e-09 4.11e-10 1.26e-11 3.87e-12 1.13e-13  4.7e-16 1.52e-18    1e-20    1e-20    1e-20    1e-20    1e-20    1e-20    1e-20    1e-20
1        0 2.170e+04 7.100e+07 1.020e-02 7.500e-01 4.18e-09 8.96e-09 3.48e-07 0.000143  0.00961    0.147    0.696    0.145  0.00312 0.000535 7.87e-06 4.84e-07 8.01e-09 1.05e-09 3.71e-11 1.19e-11  4.3e-13 2.21e-15 8.56e-18    1e-20    1e-20    1e-20    1e-20    1e-20    1e-20    1e-20    1e-20
1        0 2.280e+04 7.100e+07 1.380e-02 1.020e+00 3.22e-09 6.61e-09 9.71e-08 5.22e-05   0.0049    0.104    0.691    0.193  0.00516 0.000933 1.66e-05 1.06e-06 2.11e-08  2.7e-09 1.14e-10 3.74e-11  1.7e-12 1.09e-14  5.1e-17 6.54e-20    1e-20    1e-20    1e-20    1e-20    1e-20    1e-20    1e-20
1        0 2.390e+04 7.100e+07 1.870e-02 1.370e+00 2.39e-09 4.72e-09 2.91e-08 1.85e-05  0.00242   0.0718    0.665    0.251  0.00845  0.00162 3.63e-05 2.36e-06 5.71e-08 7.05e-09 3.61e-10 1.19e-10 6.92e-12 5.65e-14 3.19e-16 5.02e-19    1e-20    1e-20    1e-20    1e-20    1e-20    1e-20    1e-20
1        0 2.500e+04 7.100e+07 2.520e-02 1.860e+00 1.73e-09 3.28e-09 1.03e-08 6.34e-06  0.00115   0.0479    0.619    0.315   0.0137  0.00282 8.07e-05 5.33e-06 1.59e-07 1.88e-08 1.18e-09 3.93e-10 2.93e-11 3.07e-13 2.12e-15 4.08e-18 1.21e-20    1e-20    1e-20    1e-20    1e-20    1e-20    1e-20
1        0 2.630e+04 7.100e+07 3.420e-02 2.510e+00 1.24e-09 2.26e-09 4.63e-09 2.09e-06 0.000531   0.0308    0.558    0.384   0.0219  0.00492 0.000183 1.24e-05 4.59e-07  5.2e-08 4.03e-09 1.35e-09  1.3e-10 1.78e-12 1.51e-14  3.6e-17 1.22e-19    1e-20    1e-20    1e-20    1e-20    1e-20    1e-20
1        0 2.780e+04 7.100e+07 4.620e-02 3.400e+00 9.16e-10 1.63e-09  2.7e-09 6.57e-07 0.000233    0.019    0.486    0.451   0.0346  0.00863 0.000423    3e-05 1.39e-06 1.52e-07 1.44e-08 4.93e-09 6.12e-10 1.11e-11 1.18e-13 3.51e-16 1.36e-18    1e-20    1e-20    1e-20    1e-20    1e-20    1e-20
1        0 2.970e+04 7.100e+07 6.250e-02 4.600e+00 7.74e-10 1.35e-09 2.07e-09 1.96e-07 9.71e-05   0.0112    0.407    0.512   0.0537   0.0153 0.000993 7.62e-05 4.42e-06 4.77e-07 5.44e-08 1.94e-08  3.1e-09 7.57e-11 1.04e-12 3.87e-15 1.73e-17 4.18e-20    1e-20    1e-20    1e-20    1e-20    1e-20
1        0 3.240e+04 7.100e+07 8.460e-02 6.230e+00 8.35e-10 1.46e-09 2.18e-09 5.74e-08 3.77e-05  0.00625    0.326    0.556   0.0819   0.0274  0.00239 0.000205 1.51e-05 1.65e-06 2.23e-07 8.42e-08 1.74e-08 5.83e-10 1.05e-11 5.04e-14  2.6e-16 8.26e-19    1e-20    1e-20    1e-20    1e-20    1e-20
1        0 3.600e+04 7.100e+07 1.140e-01 8.430e+00 1.14e-09 2.01e-09    3e-09 2.04e-08 1.34e-05  0.00325    0.248    0.572    0.122   0.0494  0.00586 0.000583 5.49e-05 6.42e-06 1.01e-06 4.12e-07 1.09e-07 5.16e-09 1.26e-10 7.97e-13 4.79e-15 2.03e-17 2.32e-19    1e-20    1e-20    1e-20    1e-20
1        0 4.150e+04 7.100e+07 1.550e-01 1.140e+01 1.74e-09 3.14e-09 4.72e-09 1.48e-08 4.26e-06  0.00153    0.174    0.545    0.173   0.0891   0.0146  0.00177 0.000217 2.85e-05 5.13e-06 2.34e-06 7.97e-07 5.43e-08 1.86e-09 1.62e-11 1.15e-13 6.69e-16 8.42e-18 6.83e-20    1e-20    1e-20    1e-20
1        0 4.970e+04 7.100e+07 2.100e-01 1.540e+01 2.55e-09 4.81e-09 7.29e-09 1.91e-08 1.19e-06 0.000632    0.109    0.464    0.229    0.155   0.0361  0.00562 0.000913 0.000143 2.93e-05 1.54e-05  6.8e-06  6.9e-07 3.45e-08 4.32e-10 3.74e-12 3.06e-14 4.32e-16 4.53e-18 2.03e-19    1e-20    1e-20
1        0 6.330e+04 7.100e+07 2.840e-01 2.090e+01 3.08e-09 6.17e-09 9.53e-09 2.44e-08 3.37e-07 0.000238   0.0563    0.329    0.265    0.243   0.0837    0.018  0.00399 0.000793 0.000187 0.000113  6.8e-05 1.07e-05 8.13e-07 1.56e-08 1.75e-10 2.04e-12 3.34e-14 4.59e-16 2.52e-17 1.26e-20    1e-20
1        0 8.250e+04 7.100e+07 3.840e-01 2.820e+01 2.51e-09 5.19e-09 8.18e-09  2.1e-08 1.56e-07 0.000108   0.0234    0.188    0.245    0.311     0.16     0.05   0.0154  0.00403  0.00113 0.000734 0.000652 0.000161 1.89e-05 5.75e-07  8.9e-09 1.46e-10 2.89e-12 5.18e-14 3.57e-15 2.86e-18    1e-20
1        0 1.030e+05 7.100e+07 5.190e-01 3.820e+01 6.43e-10 1.31e-09 2.08e-09 5.45e-09 7.33e-08 4.92e-05  0.00813   0.0891    0.178     0.31    0.233    0.106   0.0446   0.0154  0.00517  0.00357  0.00469  0.00178 0.000318  1.5e-05 3.32e-07 7.35e-09 1.82e-10 4.19e-12 3.59e-13  4.5e-16 2.16e-19
1        0 1.240e+05 7.100e+07 7.020e-01 5.170e+01    1e-20    1e-20    1e-20    1e-20    1e-20 1.65e-05  0.00234   0.0345      0.1    0.236    0.253    0.164   0.0945   0.0425   0.0175   0.0131   0.0245    0.014  0.00377  0.00027 8.62e-06 2.55e-07 7.98e-09 2.34e-10 2.48e-11 4.73e-14 3.45e-17
1        0 1.360e+05 7.100e+07 9.500e-01 7.000e+01    1e-20    1e-20    1e-20    1e-20    1e-20  3.3e-06 0.000528   0.0104   0.0417    0.132    0.194    0.172    0.131   0.0756   0.0383    0.033   0.0792   0.0648   0.0247  0.00253 0.000112 4.27e-06 1.69e-07 6.14e-09 7.74e-10 2.12e-12 2.22e-15
1        0 1.450e+05 7.100e+07 1.290e+00 9.470e+01    1e-20    1e-20    1e-20    1e-20    1e-20  3.5e-07 7.39e-05  0.00195   0.0107   0.0451   0.0908    0.109     0.11   0.0816   0.0513   0.0521    0.156     0.18   0.0963   0.0139 0.000844 4.19e-05 2.09e-06 9.44e-08  1.4e-08 5.42e-11 7.99e-14
1        0 1.710e+05 7.100e+07 1.740e+00 1.280e+02    1e-20    1e-20    1e-20    1e-20    1e-20 1.89e-08 4.62e-06 0.000157  0.00118   0.0066   0.0186   0.0319   0.0448   0.0448    0.036   0.0424    0.174    0.301     0.24   0.0524  0.00483 0.000337 2.22e-05  1.3e-06 2.37e-07 1.38e-09 3.05e-12
1        0 2.210e+05 7.100e+07 2.350e+00 1.730e+02 6.86e-11 1.07e-10 1.61e-10 4.17e-10 9.31e-10 2.67e-09 1.47e-07 5.89e-06 5.86e-05 0.000425  0.00169  0.00423  0.00872   0.0122   0.0132   0.0186     0.11    0.302    0.375    0.131   0.0201  0.00213 0.000196 1.57e-05 3.64e-06 3.39e-08 1.19e-10
1        0 2.710e+05 7.100e+07 3.190e+00 2.350e+02 2.71e-11 4.04e-11 6.06e-11 1.56e-10 3.49e-10 7.38e-10 5.17e-09 1.77e-07 2.28e-06 2.17e-05 0.000121 0.000431  0.00128  0.00253  0.00376   0.0068   0.0544    0.224    0.416    0.226    0.055   0.0087  0.00112 0.000123 3.58e-05 5.15e-07 2.79e-09
1        0 3.150e+05 7.100e+07 4.310e+00 3.170e+02 6.31e-12 9.05e-12 1.35e-11 3.45e-11 7.72e-11  1.6e-10 4.66e-10  5.5e-09    8e-08 1.01e-06 7.84e-06 3.95e-05 0.000168 0.000467 0.000961  0.00229   0.0238    0.142    0.378    0.306    0.114   0.0261  0.00472 0.000704 0.000253 5.45e-06 4.39e-08
1        1 3.010e+05 7.100e+07 5.830e+00 4.290e+02 1.82e-12 2.51e-12 3.74e-12 9.56e-12 2.12e-11 4.38e-11 1.11e-10 4.89e-10 5.24e-09 8.67e-08 8.92e-07 5.95e-06 3.31e-05  0.00012 0.000315 0.000948   0.0115   0.0914    0.323    0.344    0.165   0.0493   0.0115  0.00216 0.000896 2.53e-05 2.69e-07
1        0 3.030e+05 7.100e+07 7.890e+00 5.810e+02 3.82e-13 5.11e-13 7.62e-13 1.94e-12 4.29e-12 8.84e-12 2.18e-11  6.3e-11  2.7e-10  5.2e-09 7.17e-08 6.44e-07 4.81e-06 2.33e-05 8.12e-05 0.000316  0.00468   0.0503    0.241    0.348    0.226   0.0909   0.0281  0.00688   0.0034 0.000131 1.88e-06
1        0 3.400e+05 7.100e+07 1.070e+01 7.860e+02 4.43e-14 5.81e-14 8.64e-14  2.2e-13 4.84e-13 9.97e-13 2.44e-12  6.4e-12 1.01e-11 1.51e-10 2.79e-09 3.52e-08 3.75e-07 2.57e-06 1.27e-05 6.76e-05  0.00132   0.0202    0.137    0.289    0.279    0.162    0.071   0.0243   0.0153 0.000859  1.8e-05
1        0 3.560e+05 7.100e+07 1.440e+01 1.060e+03 5.03e-15 6.48e-15 9.65e-15 2.45e-14 5.39e-14 1.11e-13  2.7e-13 6.98e-13 7.18e-13  5.3e-12 1.18e-10 2.04e-09    3e-08 2.83e-07 1.91e-06 1.37e-05 0.000345  0.00726   0.0675    0.198    0.269    0.216     0.13   0.0602   0.0476  0.00373 0.000109
1        1 2.310e+05 7.100e+07 1.950e+01 1.440e+03 3.59e-15 4.54e-15 6.78e-15 1.73e-14 3.76e-14 7.72e-14 1.88e-13 4.83e-13 4.54e-13 2.41e-12 5.92e-11 1.18e-09 1.89e-08 1.96e-07 1.43e-06 1.17e-05 0.000279  0.00649   0.0683    0.203    0.257    0.209    0.135   0.0654   0.0511  0.00406 0.000122
1        0 2.570e+05 7.100e+07 2.640e+01 1.950e+03 2.23e-16  2.8e-16 4.17e-16 1.06e-15 2.31e-15 4.74e-15 1.15e-14 2.97e-14 2.64e-14 6.65e-14 1.34e-12 3.64e-11 8.25e-10 1.21e-08 1.23e-07 1.37e-06 4.47e-05  0.00149   0.0223   0.0966    0.182    0.214    0.196    0.133    0.138    0.016 0.000695
1        0 3.590e+05 7.100e+07 3.580e+01 2.630e+03 8.29e-19 1.03e-18 1.54e-18 3.92e-18 8.55e-18 1.75e-17 4.32e-17 4.38e-16 2.88e-16 5.25e-16 4.67e-15 1.74e-13 6.26e-12 1.45e-10 2.37e-09 4.03e-08 2.15e-06 0.000112  0.00259   0.0189   0.0638    0.127    0.185    0.205    0.329   0.0642  0.00467
1        0 6.840e+05 7.100e+07 4.840e+01 3.570e+03    1e-20    1e-20    1e-20    1e-20    1e-20    1e-20    1e-20 6.27e-17    1e-20 7.32e-17    1e-20    1e-20 1.89e-15 9.42e-14 3.48e-12 1.27e-10 1.33e-08 1.18e-06 4.61e-05 0.000702  0.00544   0.0226   0.0669    0.161    0.507    0.206   0.0308
1        0 1.870e+06 7.100e+07 6.550e+01 4.820e+03    1e-20    1e-20    1e-20    1e-20    1e-20    1e-20    1e-20    1e-20    1e-20 8.43e-17 5.13e-17    1e-20  1.7e-17 5.88e-17 8.97e-16 1.16e-13 9.38e-12 9.65e-10 6.07e-08 2.21e-06 4.78e-05 0.000586  0.00543   0.0441    0.374    0.413    0.162
1        0 3.440e+06 7.100e+07 8.860e+01 6.530e+03    1e-20    1e-20    1e-20    1e-20    1e-20    1e-20    1e-20    1e-20    1e-20 2.06e-17    1e-20    1e-20    5e-17    1e-20 2.01e-17 1.23e-15 8.41e-14 8.75e-12 6.59e-10 3.45e-08 1.23e-06 2.83e-05  0.00058   0.0105    0.191    0.442    0.356
1        0 5.340e+06 7.100e+07 1.200e+02 8.830e+03    1e-20    1e-20    1e-20    1e-20    1e-20    1e-20    1e-20    1e-20 8.64e-17 3.05e-17 4.45e-17    1e-20    1e-20 1.81e-17 1.48e-16 4.38e-17 8.19e-16 1.15e-13 1.21e-11 9.33e-10 5.17e-08 1.96e-06 7.39e-05  0.00243   0.0849    0.367    0.545
1        0 7.430e+06 7.100e+07 1.620e+02 1.190e+04    1e-20    1e-20    1e-20    1e-20    1e-20    1e-20    1e-20    1e-20    1e-20 4.52e-17    1e-20 7.41e-17    1e-20    1e-20    1e-20    1e-20    1e-20 1.43e-15 2.44e-13 2.94e-11  2.6e-09 1.62e-07 1.05e-05 0.000586   0.0363    0.272    0.691
1        0 9.360e+06 7.100e+07 2.200e+02 1.620e+04    1e-20    1e-20    1e-20    1e-20    1e-20    1e-20    1e-20    1e-20    1e-20    1e-20 9.77e-17    1e-20 5.38e-17    1e-20    1e-20    1e-20    1e-20 1.03e-16 6.41e-15 1.21e-12 1.68e-10 1.67e-08 1.77e-06 0.000159   0.0161    0.194     0.79
1        1 1.060e+07 7.100e+07 2.970e+02 2.190e+04    1e-20    1e-20    1e-20    1e-20    1e-20    1e-20    1e-20    1e-20    1e-20    1e-20 1.09e-16    1e-20    1e-20 2.95e-17    1e-20    1e-20 5.77e-17    1e-20  2.7e-16 7.91e-14 1.64e-11 2.43e-09 3.88e-07 5.23e-05  0.00787    0.141    0.851
1        2 1.060e+07 7.100e+07 4.020e+02 2.960e+04    1e-20    1e-20    1e-20    1e-20    1e-20    1e-20    1e-20    1e-20    1e-20    1e-20    1e-20    1e-20    1e-20    1e-20    1e-20 1.07e-16 8.56e-17    1e-20 3.64e-17 9.95e-15  2.8e-12  5.6e-10 1.21e-07  2.2e-05  0.00448    0.109    0.887
1        2 1.060e+07 7.100e+07 5.440e+02 4.010e+04    1e-20    1e-20    1e-20    1e-20    1e-20    1e-20    1e-20    1e-20    1e-20    1e-20    1e-20    1e-20 8.77e-17    1e-20 5.28e-17    1e-20    1e-20    1e-20    1e-20 1.23e-15 4.72e-13 1.28e-10 3.72e-08 9.17e-06  0.00252   0.0828    0.915
1        2 1.060e+07 7.100e+07 7.360e+02 5.420e+04    1e-20    1e-20    1e-20    1e-20    1e-20    1e-20    1e-20    1e-20    1e-20    1e-20    1e-20    1e-20    1e-20    1e-20    1e-20    1e-20    1e-20    1e-20    1e-20 2.19e-16 7.88e-14 2.88e-11 1.14e-08 3.79e-06  0.00141   0.0626    0.936
1        2 1.060e+07 7.100e+07 9.960e+02 7.330e+04    1e-20    1e-20    1e-20    1e-20    1e-20    1e-20    1e-20    1e-20    1e-20    1e-20    1e-20    1e-20    1e-20    1e-20 1.16e-16 8.75e-17    1e-20 4.59e-17 2.95e-17 4.63e-17 1.32e-14 6.48e-12 3.46e-09 1.56e-06 0.000784   0.0471    0.952
1        2 1.060e+07 7.100e+07 1.350e+03 9.920e+04    1e-20    1e-20    1e-20    1e-20    1e-20    1e-20    1e-20    1e-20    1e-20    1e-20    1e-20    1e-20    1e-20    1e-20    1e-20    1e-20    1e-20  3.4e-17    1e-20    1e-20 2.19e-15 1.45e-12 1.05e-09 6.37e-07 0.000434   0.0353    0.964
1        2 1.060e+07 7.100e+07 1.820e+03 1.340e+05 7.27e-20 8.87e-20 1.32e-19 3.36e-19 7.29e-19 1.49e-18 3.61e-18 9.23e-18 8.02e-18 1.16e-17 1.59e-17 2.33e-17 3.19e-17  4.5e-17 7.06e-17    1e-20    1e-20 5.02e-17    1e-20    1e-20 3.68e-16 3.23e-13 3.15e-10  2.6e-07 0.000239   0.0263    0.973
1        2 1.060e+07 7.100e+07 2.470e+03 1.820e+05    1e-20    1e-20    1e-20    1e-20    1e-20    1e-20    1e-20    1e-20    1e-20    1e-20    1e-20    1e-20    1e-20    1e-20    1e-20    1e-20    1e-20 3.71e-17 4.77e-17 3.75e-17 5.44e-17 7.18e-14 9.46e-11 1.06e-07 0.000132   0.0196     0.98
1        2 1.060e+07 7.100e+07 3.340e+03 2.460e+05    1e-20    1e-20    1e-20    1e-20    1e-20    1e-20    1e-20    1e-20    1e-20    1e-20    1e-20    1e-20    1e-20    1e-20    1e-20    1e-20    1e-20  1.1e-16    1e-20    1e-20    1e-20 1.59e-14 2.84e-11 4.28e-08 7.22e-05   0.0145    0.985
1        2 1.060e+07 7.100e+07 4.520e+03 3.320e+05    1e-20    1e-20    1e-20    1e-20    1e-20    1e-20    1e-20    1e-20    1e-20    1e-20    1e-20    1e-20    1e-20    1e-20    1e-20    1e-20    1e-20    1e-20 5.22e-17    1e-20    1e-20  3.5e-15 8.51e-12 1.74e-08 3.96e-05   0.0108    0.989
1        2 1.060e+07 7.100e+07 6.110e+03 4.500e+05    1e-20    1e-20 1.39e-20 3.53e-20 7.68e-20 1.57e-19  3.8e-19 9.74e-19 8.44e-19 1.22e-18 1.68e-18 2.45e-18 3.36e-18 4.74e-18 7.44e-18 3.35e-17 2.37e-17 3.05e-17    1e-20    1e-20  4.4e-17 7.12e-16 2.54e-12 7.02e-09 2.17e-05    0.008    0.992
1        2 1.060e+07 7.100e+07 8.270e+03 6.090e+05    1e-20    1e-20    1e-20    1e-20    1e-20    1e-20    1e-20    1e-20    1e-20    1e-20    1e-20    1e-20    1e-20    1e-20    1e-20    1e-20    1e-20    1e-20    1e-20 4.47e-17    1e-20 1.91e-16  7.6e-13 2.84e-09 1.19e-05  0.00592    0.994
1        2 1.060e+07 7.100e+07 1.120e+04 8.230e+05    1e-20    1e-20    1e-20    1e-20    1e-20    1e-20    1e-20    1e-20    1e-20    1e-20    1e-20    1e-20    1e-20    1e-20    1e-20    1e-20    1e-20    1e-20    1e-20    1e-20    1e-20 7.07e-17 2.28e-13 1.15e-09  6.5e-06  0.00439    0.996
1        2 1.060e+07 7.100e+07 1.510e+04 1.110e+06    1e-20    1e-20    1e-20    1e-20    1e-20    1e-20    1e-20    1e-20    1e-20    1e-20    1e-20    1e-20    1e-20    1e-20    1e-20    1e-20    1e-20    1e-20    1e-20    1e-20  7.1e-17 5.23e-17 6.79e-14 4.65e-10 3.55e-06  0.00324    0.997
1        2 1.060e+07 7.100e+07 2.050e+04 1.510e+06    1e-20    1e-20    1e-20    1e-20    1e-20    1e-20    1e-20    1e-20    1e-20    1e-20    1e-20    1e-20    1e-20    1e-20    1e-20    1e-20    1e-20    1e-20    1e-20    1e-20    1e-20    1e-20 2.03e-14 1.88e-10 1.94e-06   0.0024    0.998
1        2 1.060e+07 7.100e+07 2.770e+04 2.040e+06    1e-20    1e-20    1e-20    1e-20  1.9e-20  3.9e-20 9.43e-20 2.42e-19 2.09e-19 3.02e-19 4.16e-19 6.08e-19 8.35e-19 1.18e-18 1.85e-18 8.32e-18 5.87e-18 7.57e-18 9.47e-18 1.58e-17 2.29e-17 3.44e-17 6.05e-15 7.59e-11 1.06e-06  0.00177    0.998
1        2 1.060e+07 7.100e+07 3.750e+04 2.760e+06    1e-20    1e-20    1e-20    1e-20 1.34e-20 2.75e-20 6.64e-20  1.7e-19 1.47e-19 2.13e-19 2.93e-19 4.28e-19 5.88e-19 8.28e-19  1.3e-18 5.86e-18 4.13e-18 5.33e-18 6.67e-18 1.11e-17 1.61e-17  2.4e-17 1.85e-15 3.06e-11  5.8e-07  0.00131    0.999
1        2 1.060e+07 7.100e+07 5.070e+04 3.730e+06    1e-20    1e-20    1e-20    1e-20    1e-20    1e-20    1e-20    1e-20    1e-20    1e-20    1e-20    1e-20    1e-20    1e-20    1e-20    1e-20    1e-20    1e-20    1e-20    1e-20    1e-20    1e-20 5.28e-16 1.24e-11 3.17e-07  0.00097    0.999
1        2 1.060e+07 7.100e+07 6.860e+04 5.050e+06    1e-20    1e-20    1e-20    1e-20    1e-20    1e-20 1.92e-20 4.93e-20 4.27e-20 6.16e-20  8.5e-20 1.24e-19  1.7e-19  2.4e-19 3.77e-19  1.7e-18  1.2e-18 1.55e-18 1.93e-18 3.22e-18 4.68e-18 6.94e-18 1.73e-16    5e-12 1.73e-07 0.000717    0.999
1        2 1.060e+07 7.100e+07 9.290e+04 6.840e+06    1e-20    1e-20    1e-20    1e-20    1e-20    1e-20    1e-20    1e-20    1e-20    1e-20    1e-20    1e-20    1e-20    1e-20    1e-20    1e-20    1e-20    1e-20    1e-20    1e-20    1e-20    1e-20 4.56e-17 2.02e-12 9.46e-08  0.00053    0.999
1        2 1.060e+07 7.100e+07 1.260e+05 9.250e+06    1e-20    1e-20    1e-20    1e-20    1e-20    1e-20    1e-20    1e-20    1e-20    1e-20    1e-20    1e-20    1e-20    1e-20    1e-20    1e-20    1e-20    1e-20    1e-20    1e-20    1e-20    1e-20 1.16e-17 8.15e-13 5.17e-08 0.000392      1.0
1        2 1.060e+07 7.100e+07 1.700e+05 1.250e+07    1e-20    1e-20    1e-20    1e-20    1e-20    1e-20    1e-20    1e-20    1e-20    1e-20    1e-20    1e-20    1e-20    1e-20    1e-20    1e-20    1e-20    1e-20    1e-20    1e-20    1e-20    1e-20 3.33e-18 3.29e-13 2.82e-08  0.00029      1.0
1        2 1.060e+07 7.100e+07 2.300e+05 1.690e+07    1e-20    1e-20    1e-20    1e-20    1e-20    1e-20    1e-20    1e-20    1e-20    1e-20 1.15e-20 1.68e-20 2.31e-20 3.25e-20  5.1e-20  2.3e-19 1.62e-19 2.09e-19 2.62e-19 4.36e-19 6.33e-19 9.39e-19 2.84e-18 1.33e-13 1.54e-08 0.000214      1.0
1        2 1.060e+07 7.100e+07 3.110e+05 2.290e+07    1e-20    1e-20    1e-20    1e-20    1e-20    1e-20    1e-20    1e-20    1e-20    1e-20    1e-20    1e-20 1.01e-20 1.42e-20 2.22e-20    1e-19 7.07e-20 9.12e-20 1.14e-19  1.9e-19 2.76e-19 4.09e-19 1.06e-18 5.36e-14 8.43e-09 0.000158      1.0
1        2 1.060e+07 7.100e+07 4.210e+05 3.100e+07    1e-20    1e-20    1e-20    1e-20    1e-20    1e-20    1e-20    1e-20    1e-20    1e-20    1e-20    1e-20 1.37e-20 1.93e-20 3.04e-20 1.37e-19 9.65e-20 1.25e-19 1.56e-19 2.59e-19 3.77e-19 5.59e-19 1.04e-18 2.17e-14  4.6e-09 0.000117      1.0
1        2 1.060e+07 7.100e+07 5.700e+05 4.200e+07    1e-20    1e-20    1e-20    1e-20    1e-20    1e-20    1e-20    1e-20    1e-20    1e-20    1e-20    1e-20    1e-20 1.14e-20 1.79e-20 8.07e-20 5.69e-20 7.34e-20 9.18e-20 1.53e-19 2.22e-19 3.29e-19 5.81e-19 8.73e-15 2.51e-09 8.64e-05      1.0
1        2 1.060e+07 7.100e+07 7.710e+05 5.680e+07    1e-20    1e-20    1e-20    1e-20    1e-20    1e-20    1e-20    1e-20    1e-20    1e-20    1e-20    1e-20    1e-20    1e-20    1e-20    1e-20    1e-20    1e-20    1e-20    1e-20    1e-20    1e-20    1e-20 3.53e-15 1.37e-09 6.39e-05      1.0
1        2 1.060e+07 7.100e+07 1.040e+06 7.680e+07    1e-20    1e-20    1e-20    1e-20    1e-20    1e-20    1e-20    1e-20    1e-20    1e-20    1e-20    1e-20    1e-20    1e-20    1e-20    1e-20    1e-20    1e-20    1e-20    1e-20    1e-20    1e-20    1e-20 1.42e-15  7.5e-10 4.72e-05      1.0
1        2 1.060e+07 7.100e+07 1.410e+06 1.040e+08    1e-20    1e-20    1e-20    1e-20    1e-20    1e-20    1e-20    1e-20    1e-20    1e-20    1e-20    1e-20    1e-20    1e-20    1e-20    1e-20    1e-20    1e-20    1e-20    1e-20    1e-20    1e-20    1e-20 5.75e-16  4.1e-10 3.49e-05      1.0
1        2 1.060e+07 7.100e+07 1.910e+06 1.410e+08    1e-20    1e-20    1e-20    1e-20    1e-20    1e-20    1e-20    1e-20    1e-20    1e-20    1e-20    1e-20    1e-20    1e-20    1e-20    1e-20    1e-20    1e-20    1e-20    1e-20    1e-20    1e-20    1e-20 2.32e-16 2.24e-10 2.58e-05      1.0
1        2 1.060e+07 7.100e+07 2.580e+06 1.900e+08    1e-20    1e-20    1e-20    1e-20    1e-20    1e-20    1e-20    1e-20    1e-20    1e-20    1e-20    1e-20    1e-20    1e-20    1e-20    1e-20    1e-20    1e-20    1e-20    1e-20    1e-20    1e-20    1e-20 9.37e-17 1.22e-10 1.91e-05      1.0
1        2 1.060e+07 7.100e+07 3.500e+06 2.570e+08    1e-20    1e-20    1e-20    1e-20    1e-20    1e-20    1e-20    1e-20    1e-20    1e-20    1e-20    1e-20    1e-20    1e-20    1e-20    1e-20    1e-20    1e-20    1e-20    1e-20    1e-20    1e-20    1e-20 3.78e-17 6.68e-11 1.41e-05      1.0
1        2 1.060e+07 7.100e+07 4.730e+06 3.480e+08    1e-20    1e-20    1e-20    1e-20    1e-20    1e-20    1e-20    1e-20    1e-20    1e-20    1e-20    1e-20    1e-20    1e-20    1e-20    1e-20    1e-20    1e-20    1e-20    1e-20    1e-20    1e-20    1e-20 1.53e-17 3.65e-11 1.04e-05      1.0
