i converge       t_e       t_r        ip        xi      i01      i02      i03      i04      i05      i06      i07      i08
- -------- --------- --------- --------- --------- -------- -------- -------- -------- -------- -------- -------- --------
1        1 1.150e+03 7.100e+07 4.730e-10 3.480e-08    0.991  0.00876 5.98e-06 4.47e-09 2.95e-12  1.3e-15    1e-20    1e-20
1        0 1.590e+03 7.100e+07 4.730e-07 3.480e-05    0.744    0.252  0.00425 7.31e-06 7.61e-08 8.35e-11 3.11e-16    1e-20
1        0 1.620e+03 7.100e+07 6.400e-07 4.710e-05     0.71    0.285  0.00569 1.05e-05 1.21e-07 1.43e-10 6.31e-16    1e-20
1        0 1.650e+03 7.100e+07 8.660e-07 6.380e-05    0.673     0.32  0.00761 1.51e-05 1.91e-07 2.46e-10 1.29e-15    1e-20
1        0 1.690e+03 7.100e+07 1.170e-06 8.630e-05    0.633    0.357   0.0101 2.19e-05 3.03e-07 4.27e-10 2.67e-15    1e-20
1        0 1.720e+03 7.100e+07 1.590e-06 1.170e-04     0.59    0.397   0.0135  3.2e-05 4.82e-07  7.5e-10  5.6e-15    1e-20
1        0 1.760e+03 7.100e+07 2.150e-06 1.580e-04    0.544    0.438   0.0179  4.7e-05 7.64e-07 1.33e-09 1.19e-14 2.31e-20
1        0 1.810e+03 7.100e+07 2.900e-06 2.140e-04    0.497    0.479   0.0236 6.94e-05 1.21e-06 2.37e-09 2.56e-14 5.99e-20
1        0 1.860e+03 7.100e+07 3.930e-06 2.890e-04    0.448    0.521   0.0311 0.000103 1.93e-06 4.29e-09 5.59e-14 1.58e-19
1        0 1.910e+03 7.100e+07 5.310e-06 3.910e-04    0.399     0.56   0.0407 0.000154 3.08e-06 7.83e-09 1.24e-13 4.26e-19
1        0 1.960e+03 7.100e+07 7.190e-06 5.290e-04     0.35    0.597   0.0532 0.000233 4.92e-06 1.45e-08 2.82e-13 1.18e-18
1        0 2.020e+03 7.100e+07 9.730e-06 7.160e-04    0.301    0.629   0.0693 0.000353 7.91e-06 2.73e-08 6.52e-13 3.37e-18
1        0 2.090e+03 7.100e+07 1.320e-05 9.690e-04    0.255    0.655   0.0899  0.00054 1.28e-05 5.21e-08 1.54e-12 9.91e-18
1        0 2.170e+03 7.100e+07 1.780e-05 1.310e-03    0.211    0.673    0.116 0.000832 2.07e-05 1.01e-07 3.75e-12 3.01e-17
1        0 2.250e+03 7.100e+07 2.410e-05 1.770e-03     0.17     0.68    0.149  0.00129 3.38e-05    2e-07 9.37e-12 9.51e-17
1        0 2.350e+03 7.100e+07 3.260e-05 2.400e-03    0.133    0.675     0.19  0.00202 5.55e-05 4.01e-07 2.41e-11 3.12e-16
1        0 2.460e+03 7.100e+07 4.410e-05 3.250e-03    0.101    0.656    0.239  0.00316 9.17e-05 8.19e-07 6.36e-11 1.07e-15
1        0 2.590e+03 7.100e+07 5.970e-05 4.400e-03   0.0743    0.622    0.299  0.00496 0.000153  1.7e-06 1.73e-10 3.81e-15
1        0 2.740e+03 7.100e+07 8.070e-05 5.940e-03   0.0524    0.573    0.366  0.00775 0.000253 3.56e-06  4.8e-10  1.4e-14
1        0 2.910e+03 7.100e+07 1.090e-04 8.040e-03   0.0354    0.512     0.44    0.012 0.000422 7.49e-06 1.36e-09 5.32e-14
1        0 3.120e+03 7.100e+07 1.480e-04 1.090e-02   0.0228    0.441    0.518   0.0185   0.0007 1.59e-05 3.93e-09 2.09e-13
1        0 3.390e+03 7.100e+07 2.000e-04 1.470e-02   0.0139    0.365    0.592    0.028  0.00116 3.37e-05 1.15e-08 8.44e-13
1        0 3.730e+03 7.100e+07 2.710e-04 1.990e-02  0.00806     0.29    0.658   0.0416   0.0019 7.16e-05 3.42e-08 3.51e-12
1        0 4.180e+03 7.100e+07 3.660e-04 2.700e-02   0.0044    0.221     0.71    0.061  0.00312 0.000153 1.04e-07 1.52e-11
1        0 4.830e+03 7.100e+07 4.960e-04 3.650e-02  0.00223    0.161    0.743   0.0885  0.00514 0.000333 3.29e-07 6.97e-11
1        0 5.770e+03 7.100e+07 6.700e-04 4.930e-02  0.00104    0.111    0.752    0.127  0.00855 0.000738 1.09e-06 3.42e-10
1        0 1.580e+04 7.100e+07 9.070e-04 6.680e-02 0.000155   0.0451    0.675    0.253   0.0225  0.00417 1.55e-05 1.21e-08
1        0 1.660e+04 7.100e+07 1.230e-03 9.040e-02 7.65e-05   0.0302     0.61    0.316   0.0359  0.00782 4.04e-05 4.34e-08
1        0 1.720e+04 7.100e+07 1.660e-03 1.220e-01 3.69e-05   0.0196    0.532    0.378   0.0558   0.0142 0.000101  1.5e-07
1        0 1.780e+04 7.100e+07 2.250e-03 1.650e-01 1.72e-05   0.0122    0.444    0.434   0.0836   0.0253 0.000248 5.04e-07
1        0 1.840e+04 7.100e+07 3.040e-03 2.240e-01 7.68e-06  0.00731    0.354    0.475     0.12   0.0438 0.000591 1.65e-06
1        0 1.900e+04 7.100e+07 4.110e-03 3.030e-01 3.28e-06  0.00415    0.266    0.491    0.164   0.0735  0.00137 5.28e-06
1        0 1.980e+04 7.100e+07 5.570e-03 4.100e-01 1.34e-06  0.00223    0.188    0.478     0.21    0.119  0.00306 1.63e-05
1        0 2.070e+04 7.100e+07 7.530e-03 5.540e-01 5.23e-07  0.00113    0.124    0.435    0.251    0.182  0.00653 4.84e-05
1        0 2.170e+04 7.100e+07 1.020e-02 7.500e-01 1.95e-07 0.000539   0.0758    0.368    0.279    0.264   0.0132 0.000136
1        0 2.280e+04 7.100e+07 1.380e-02 1.020e+00 6.89e-08 0.000241   0.0431    0.287    0.285    0.359    0.025  0.00036
1        0 2.390e+04 7.100e+07 1.870e-02 1.370e+00  2.3e-08 0.000101   0.0228    0.208     0.27    0.454   0.0442 0.000885
1        0 2.500e+04 7.100e+07 2.520e-02 1.860e+00 7.22e-09 3.97e-05   0.0112     0.14    0.236    0.538   0.0729  0.00203
1        0 2.630e+04 7.100e+07 3.420e-02 2.510e+00 2.18e-09 1.48e-05  0.00516   0.0875    0.192    0.598    0.113   0.0044
1        0 2.780e+04 7.100e+07 4.620e-02 3.400e+00 6.47e-10 5.32e-06  0.00225   0.0514    0.146    0.625    0.166  0.00907
1        0 2.970e+04 7.100e+07 6.250e-02 4.600e+00 1.93e-10 1.87e-06 0.000933   0.0285    0.103    0.618    0.232   0.0179
1        0 3.240e+04 7.100e+07 8.460e-02 6.230e+00 5.95e-11 6.55e-07 0.000372   0.0148   0.0673    0.574    0.309   0.0341
1        0 3.600e+04 7.100e+07 1.140e-01 8.430e+00 1.92e-11 2.31e-07 0.000143  0.00717   0.0403    0.499    0.391   0.0624
1        0 4.150e+04 7.100e+07 1.550e-01 1.140e+01 6.48e-12 8.17e-08 5.29e-05  0.00315   0.0217      0.4    0.465     0.11
1        0 4.970e+04 7.100e+07 2.100e-01 1.540e+01 2.15e-12 2.77e-08 1.81e-05  0.00121   0.0102    0.289    0.514    0.185
1        0 6.330e+04 7.100e+07 2.840e-01 2.090e+01 5.97e-13 7.92e-09 5.19e-06 0.000372  0.00398    0.182    0.518    0.295
1        0 8.250e+04 7.100e+07 3.840e-01 2.820e+01 1.02e-13 1.55e-09 1.12e-06 9.14e-05  0.00135    0.101    0.468     0.43
1        0 1.030e+05 7.100e+07 5.190e-01 3.820e+01 1.13e-14 2.18e-10 1.96e-07 2.05e-05 0.000443   0.0532    0.388    0.559
1        0 1.240e+05 7.100e+07 7.020e-01 5.170e+01 1.01e-15 2.62e-11 3.15e-08 4.49e-06 0.000145   0.0271    0.303    0.669
1        0 1.360e+05 7.100e+07 9.500e-01 7.000e+01 1.13e-16 3.65e-12 5.95e-09 1.17e-06  5.4e-05   0.0146    0.236    0.749
1        0 1.450e+05 7.100e+07 1.290e+00 9.470e+01 4.15e-17 5.24e-13 1.16e-09 3.13e-07 2.06e-05   0.0079    0.181    0.811
1        0 1.710e+05 7.100e+07 1.740e+00 1.280e+02 1.12e-17 4.98e-14 1.56e-10 6.13e-08 6.21e-06  0.00367    0.128    0.868
1        0 2.210e+05 7.100e+07 2.350e+00 1.730e+02    1e-20 2.86e-15 1.39e-11 8.69e-09 1.51e-06  0.00148   0.0836    0.915
1        0 2.710e+05 7.100e+07 3.190e+00 2.350e+02    1e-20 1.51e-16 1.38e-12 1.38e-09 3.98e-07 0.000626   0.0554    0.944
1        0 3.150e+05 7.100e+07 4.310e+00 3.170e+02 1.73e-18 2.27e-17 1.65e-13 2.55e-10 1.17e-07 0.000282   0.0376    0.962
1        1 3.010e+05 7.100e+07 5.830e+00 4.290e+02    1e-20    1e-20 4.55e-14 8.98e-11 5.29e-08 0.000165   0.0289    0.971
1        0 3.030e+05 7.100e+07 7.890e+00 5.810e+02    3e-18  1.5e-17 1.01e-14 2.66e-11 2.13e-08 9.03e-05   0.0215    0.978
1        0 3.400e+05 7.100e+07 1.070e+01 7.860e+02 2.36e-18 1.15e-17  1.4e-15 5.41e-12 6.65e-09  4.2e-05   0.0147    0.985
1        0 3.560e+05 7.100e+07 1.440e+01 1.060e+03  1.3e-18 6.31e-18 2.76e-16  1.4e-12 2.44e-09 2.16e-05   0.0106    0.989
1        1 2.310e+05 7.100e+07 1.950e+01 1.440e+03 1.43e-18 6.95e-18 3.69e-16 1.75e-12  2.6e-09 2.18e-05   0.0106    0.989
1        0 2.570e+05 7.100e+07 2.640e+01 1.950e+03    1e-20    1e-20 3.94e-17 3.71e-13  8.3e-10 1.03e-05  0.00728    0.993
1        0 3.590e+05 7.100e+07 3.580e+01 2.630e+03    1e-20    1e-20    1e-20 3.67e-14  1.6e-10 3.51e-06  0.00428    0.996
1        0 6.840e+05 7.100e+07 4.840e+01 3.570e+03 2.58e-19 1.25e-18 5.64e-18 1.35e-15  1.7e-11 7.64e-07  0.00199    0.998
1        0 1.870e+06 7.100e+07 6.550e+01 4.820e+03    1e-20    1e-20    1e-20  1.2e-16  8.2e-12 2.28e-07 0.000688    0.999
1        0 3.440e+06 7.100e+07 8.860e+01 6.530e+03    1e-20    1e-20    1e-20    1e-20 2.64e-12 8.74e-08 0.000309      1.0
1        0 5.340e+06 7.100e+07 1.200e+02 8.830e+03    1e-20    1e-20    1e-20    1e-20 5.17e-13 2.81e-08 0.000156      1.0
1        0 7.430e+06 7.100e+07 1.620e+02 1.190e+04    1e-20    1e-20    1e-20    1e-20 9.68e-14 9.15e-09 8.59e-05      1.0
1        0 9.360e+06 7.100e+07 2.200e+02 1.620e+04    1e-20    1e-20    1e-20    1e-20  2.1e-14 3.32e-09 5.14e-05      1.0
1        1 1.060e+07 7.100e+07 2.970e+02 2.190e+04    1e-20    1e-20    1e-20    1e-20 5.93e-15 1.44e-09 3.39e-05      1.0
1        2 1.060e+07 7.100e+07 4.020e+02 2.960e+04    1e-20    1e-20    1e-20    1e-20  2.4e-15  7.9e-10 2.51e-05      1.0
1        2 1.060e+07 7.100e+07 5.440e+02 4.010e+04    1e-20    1e-20    1e-20    1e-20 9.69e-16 4.33e-10 1.86e-05      1.0
1        2 1.060e+07 7.100e+07 7.360e+02 5.420e+04 2.81e-20 1.37e-19 6.15e-19 2.46e-18 4.04e-16 2.37e-10 1.37e-05      1.0
1        2 1.060e+07 7.100e+07 9.960e+02 7.330e+04 1.87e-20 9.09e-20  4.1e-19 1.64e-18 1.66e-16  1.3e-10 1.02e-05      1.0
1        2 1.060e+07 7.100e+07 1.350e+03 9.920e+04    1e-20 1.19e-20 5.34e-20 2.14e-19 6.55e-17 7.09e-11 7.52e-06      1.0
1        2 1.060e+07 7.100e+07 1.820e+03 1.340e+05    1e-20    1e-20    1e-20    1e-20 2.61e-17 3.88e-11 5.56e-06      1.0
1        2 1.060e+07 7.100e+07 2.470e+03 1.820e+05    1e-20    1e-20    1e-20    1e-20 8.21e-18 2.12e-11 4.11e-06      1.0
1        2 1.060e+07 7.100e+07 3.340e+03 2.460e+05    1e-20    1e-20    1e-20    1e-20 2.65e-18 1.16e-11 3.04e-06      1.0
1        2 1.060e+07 7.100e+07 4.520e+03 3.320e+05    1e-20    1e-20    1e-20    1e-20 1.76e-18 6.33e-12 2.25e-06      1.0
1        2 1.060e+07 7.100e+07 6.110e+03 4.500e+05    1e-20    1e-20    1e-20    1e-20 6.97e-19 3.46e-12 1.66e-06      1.0
1        2 1.060e+07 7.100e+07 8.270e+03 6.090e+05    1e-20    1e-20    1e-20    1e-20 2.82e-19 1.89e-12 1.23e-06      1.0
1        2 1.060e+07 7.100e+07 1.120e+04 8.230e+05    1e-20    1e-20    1e-20    1e-20 1.14e-19 1.03e-12 9.07e-07      1.0
1        2 1.060e+07 7.100e+07 1.510e+04 1.110e+06    1e-20    1e-20    1e-20    1e-20  4.6e-20 5.64e-13 6.71e-07      1.0
1        2 1.060e+07 7.100e+07 2.050e+04 1.510e+06    1e-20    1e-20    1e-20    1e-20 1.86e-20 3.08e-13 4.96e-07      1.0
1        2 1.060e+07 7.100e+07 2.770e+04 2.040e+06    1e-20    1e-20    1e-20    1e-20    1e-20 1.68e-13 3.66e-07      1.0
1        2 1.060e+07 7.100e+07 3.750e+04 2.760e+06    1e-20    1e-20    1e-20    1e-20    1e-20 9.19e-14 2.71e-07      1.0
1        2 1.060e+07 7.100e+07 5.070e+04 3.730e+06    1e-20    1e-20    1e-20    1e-20    1e-20 5.02e-14    2e-07      1.0
1        2 1.060e+07 7.100e+07 6.860e+04 5.050e+06    1e-20    1e-20    1e-20    1e-20    1e-20 2.74e-14 1.48e-07      1.0
1        2 1.060e+07 7.100e+07 9.290e+04 6.840e+06    1e-20    1e-20    1e-20    1e-20    1e-20  1.5e-14 1.09e-07      1.0
1        2 1.060e+07 7.100e+07 1.260e+05 9.250e+06    1e-20    1e-20    1e-20    1e-20    1e-20 8.18e-15 8.08e-08      1.0
1        2 1.060e+07 7.100e+07 1.700e+05 1.250e+07    1e-20    1e-20    1e-20    1e-20    1e-20 4.47e-15 5.97e-08      1.0
1        2 1.060e+07 7.100e+07 2.300e+05 1.690e+07    1e-20    1e-20    1e-20    1e-20    1e-20 2.44e-15 4.41e-08      1.0
1        2 1.060e+07 7.100e+07 3.110e+05 2.290e+07    1e-20    1e-20    1e-20    1e-20    1e-20 1.33e-15 3.26e-08      1.0
1        2 1.060e+07 7.100e+07 4.210e+05 3.100e+07    1e-20    1e-20    1e-20    1e-20    1e-20 7.28e-16 2.41e-08      1.0
1        2 1.060e+07 7.100e+07 5.700e+05 4.200e+07    1e-20    1e-20    1e-20    1e-20    1e-20 3.97e-16 1.78e-08      1.0
1        2 1.060e+07 7.100e+07 7.710e+05 5.680e+07    1e-20    1e-20    1e-20    1e-20    1e-20 2.17e-16 1.32e-08      1.0
1        2 1.060e+07 7.100e+07 1.040e+06 7.680e+07    1e-20    1e-20    1e-20    1e-20    1e-20 1.19e-16 9.73e-09      1.0
1        2 1.060e+07 7.100e+07 1.410e+06 1.040e+08    1e-20    1e-20    1e-20    1e-20    1e-20 6.48e-17 7.19e-09      1.0
1        2 1.060e+07 7.100e+07 1.910e+06 1.410e+08    1e-20    1e-20    1e-20    1e-20    1e-20 3.54e-17 5.31e-09      1.0
1        2 1.060e+07 7.100e+07 2.580e+06 1.900e+08    1e-20    1e-20    1e-20    1e-20    1e-20 1.93e-17 3.93e-09      1.0
1        2 1.060e+07 7.100e+07 3.500e+06 2.570e+08    1e-20    1e-20    1e-20    1e-20    1e-20 1.06e-17  2.9e-09      1.0
1        2 1.060e+07 7.100e+07 4.730e+06 3.480e+08    1e-20    1e-20    1e-20    1e-20    1e-20 5.77e-18 2.15e-09      1.0
