i converge       t_e       t_r        ip        xi      i01      i02      i03      i04      i05      i06      i07      i08      i09
- -------- --------- --------- --------- --------- -------- -------- -------- -------- -------- -------- -------- -------- --------
1        1 1.150e+03 7.100e+07 4.730e-10 3.480e-08    0.983   0.0168 6.92e-06 7.33e-09 3.44e-13 1.25e-15 3.57e-20    1e-20    1e-20
1        0 1.590e+03 7.100e+07 4.730e-07 3.480e-05    0.603    0.391  0.00555 1.62e-05 1.17e-08 1.05e-10 4.67e-14 7.03e-20    1e-20
1        0 1.620e+03 7.100e+07 6.400e-07 4.710e-05    0.561    0.431  0.00728 2.37e-05 1.84e-08 1.82e-10 8.76e-14 1.57e-19    1e-20
1        0 1.650e+03 7.100e+07 8.660e-07 6.380e-05    0.518    0.473  0.00951 3.48e-05 2.91e-08 3.18e-10 1.65e-13 3.51e-19    1e-20
1        0 1.690e+03 7.100e+07 1.170e-06 8.630e-05    0.473    0.515   0.0124 5.12e-05  4.6e-08 5.58e-10 3.13e-13  7.9e-19    1e-20
1        0 1.720e+03 7.100e+07 1.590e-06 1.170e-04    0.428    0.556    0.016 7.58e-05 7.29e-08 9.89e-10 5.96e-13  1.8e-18    1e-20
1        0 1.760e+03 7.100e+07 2.150e-06 1.580e-04    0.383    0.597   0.0207 0.000113 1.16e-07 1.76e-09 1.14e-12 4.14e-18    1e-20
1        0 1.810e+03 7.100e+07 2.900e-06 2.140e-04    0.338    0.635   0.0266 0.000169 1.85e-07 3.18e-09 2.22e-12 9.69e-18    1e-20
1        0 1.860e+03 7.100e+07 3.930e-06 2.890e-04    0.295     0.67   0.0341 0.000253 2.98e-07  5.8e-09 4.37e-12  2.3e-17    1e-20
1        0 1.910e+03 7.100e+07 5.310e-06 3.910e-04    0.254    0.702   0.0435 0.000384 4.84e-07 1.07e-08 8.71e-12 5.58e-17    1e-20
1        0 1.960e+03 7.100e+07 7.190e-06 5.290e-04    0.216    0.728   0.0554 0.000585 7.96e-07    2e-08 1.78e-11 1.39e-16    1e-20
1        0 2.020e+03 7.100e+07 9.730e-06 7.160e-04     0.18    0.748   0.0704 0.000901 1.33e-06 3.79e-08  3.7e-11 3.57e-16    1e-20
1        0 2.090e+03 7.100e+07 1.320e-05 9.690e-04    0.148    0.761   0.0893   0.0014 2.26e-06 7.32e-08 7.94e-11  9.5e-16    1e-20
1        0 2.170e+03 7.100e+07 1.780e-05 1.310e-03    0.119    0.766    0.113  0.00219 3.93e-06 1.44e-07 1.76e-10 2.63e-15    1e-20
1        0 2.250e+03 7.100e+07 2.410e-05 1.770e-03   0.0933    0.761    0.143  0.00346    7e-06 2.89e-07 4.04e-10 7.64e-15 3.48e-20
1        0 2.350e+03 7.100e+07 3.260e-05 2.400e-03   0.0714    0.744    0.179  0.00553 1.28e-05 5.92e-07 9.64e-10 2.33e-14 1.36e-19
1        0 2.460e+03 7.100e+07 4.410e-05 3.250e-03    0.053    0.714    0.224  0.00888 2.42e-05 1.24e-06 2.39e-09  7.5e-14 5.63e-19
1        0 2.590e+03 7.100e+07 5.970e-05 4.400e-03   0.0379     0.67    0.278   0.0144 4.71e-05 2.64e-06 6.24e-09 2.56e-13 2.53e-18
1        0 2.740e+03 7.100e+07 8.070e-05 5.940e-03   0.0262    0.612    0.339    0.023 9.33e-05 5.68e-06 1.67e-08 9.08e-13 1.19e-17
1        0 2.910e+03 7.100e+07 1.090e-04 8.040e-03   0.0173    0.541    0.405   0.0367 0.000188 1.23e-05  4.6e-08 3.36e-12 5.89e-17
1        0 3.120e+03 7.100e+07 1.480e-04 1.090e-02   0.0108    0.459    0.472   0.0575 0.000386 2.68e-05 1.31e-07  1.3e-11  3.1e-16
1        0 3.390e+03 7.100e+07 2.000e-04 1.470e-02  0.00633    0.372    0.533   0.0878 0.000793 5.79e-05 3.75e-07 5.15e-11 1.69e-15
1        0 3.730e+03 7.100e+07 2.710e-04 1.990e-02  0.00348    0.285     0.58     0.13  0.00161 0.000124 1.08e-06 2.08e-10 9.57e-15
1        0 4.180e+03 7.100e+07 3.660e-04 2.700e-02  0.00178    0.206    0.605    0.183  0.00323 0.000262 3.14e-06 8.58e-10 5.59e-14
1        0 4.830e+03 7.100e+07 4.960e-04 3.650e-02 0.000833    0.139    0.605    0.248  0.00633 0.000547 9.13e-06 3.63e-09 3.44e-13
1        0 5.770e+03 7.100e+07 6.700e-04 4.930e-02 0.000357    0.088    0.579    0.319    0.012  0.00112 2.64e-05 1.56e-08 2.19e-12
1        0 1.580e+04 7.100e+07 9.070e-04 6.680e-02 4.76e-05    0.028    0.473    0.459   0.0362  0.00297   0.0002 2.97e-07 1.03e-10
1        0 1.660e+04 7.100e+07 1.230e-03 9.040e-02  2.1e-05   0.0168    0.393    0.527   0.0565  0.00539 0.000452 9.31e-07 4.45e-10
1        0 1.720e+04 7.100e+07 1.660e-03 1.220e-01 9.03e-06  0.00981    0.315     0.58   0.0846  0.00958 0.000987  2.8e-06 1.84e-09
1        0 1.780e+04 7.100e+07 2.250e-03 1.650e-01 3.75e-06  0.00549    0.242    0.612    0.121   0.0167   0.0021 8.18e-06  7.4e-09
1        0 1.840e+04 7.100e+07 3.040e-03 2.240e-01  1.5e-06  0.00294    0.178    0.619    0.167   0.0285  0.00435 2.34e-05 2.91e-08
1        0 1.900e+04 7.100e+07 4.110e-03 3.030e-01 5.72e-07   0.0015    0.125    0.597    0.221   0.0473  0.00884 6.55e-05 1.12e-07
1        0 1.980e+04 7.100e+07 5.570e-03 4.100e-01 2.08e-07 0.000721   0.0825    0.547    0.277   0.0755   0.0175  0.00018 4.26e-07
1        0 2.070e+04 7.100e+07 7.530e-03 5.540e-01 7.25e-08 0.000326   0.0514    0.471    0.328    0.115   0.0334 0.000477 1.57e-06
1        0 2.170e+04 7.100e+07 1.020e-02 7.500e-01  2.4e-08 0.000138   0.0298     0.38    0.364    0.164   0.0609  0.00121 5.56e-06
1        0 2.280e+04 7.100e+07 1.380e-02 1.020e+00 7.57e-09 5.46e-05   0.0161    0.284    0.375    0.218    0.105  0.00291 1.86e-05
1        0 2.390e+04 7.100e+07 1.870e-02 1.370e+00 2.25e-09 2.01e-05  0.00804    0.196    0.355    0.267    0.169  0.00652 5.81e-05
1        0 2.500e+04 7.100e+07 2.520e-02 1.860e+00 6.29e-10 6.87e-06   0.0037    0.124    0.308      0.3    0.251   0.0136 0.000168
1        0 2.630e+04 7.100e+07 3.420e-02 2.510e+00 1.67e-10 2.18e-06  0.00157   0.0715    0.245    0.308    0.347   0.0261 0.000452
1        0 2.780e+04 7.100e+07 4.620e-02 3.400e+00  4.3e-11 6.54e-07 0.000615   0.0381    0.179     0.29    0.444    0.047  0.00114
1        0 2.970e+04 7.100e+07 6.250e-02 4.600e+00 1.11e-11 1.89e-07 0.000227   0.0188    0.121    0.249    0.529   0.0791   0.0027
1        0 3.240e+04 7.100e+07 8.460e-02 6.230e+00 3.05e-12 5.52e-08 8.03e-05  0.00866   0.0768    0.196    0.587    0.126  0.00614
1        0 3.600e+04 7.100e+07 1.140e-01 8.430e+00 9.38e-13 1.71e-08 2.82e-05  0.00376   0.0454    0.141    0.607    0.189   0.0134
1        0 4.150e+04 7.100e+07 1.550e-01 1.140e+01  3.4e-13 5.96e-09 1.01e-05  0.00154   0.0247   0.0915    0.584     0.27   0.0283
1        0 4.970e+04 7.100e+07 2.100e-01 1.540e+01 1.41e-13 2.32e-09 3.73e-06 0.000593   0.0121   0.0525    0.514    0.363   0.0579
1        0 6.330e+04 7.100e+07 2.840e-01 2.090e+01 5.65e-14 8.92e-10  1.3e-06 0.000202  0.00489   0.0257    0.402    0.453    0.114
1        0 8.250e+04 7.100e+07 3.840e-01 2.820e+01 1.33e-14 2.34e-10 3.42e-07 5.58e-05  0.00158   0.0108    0.277    0.506    0.205
1        0 1.030e+05 7.100e+07 5.190e-01 3.820e+01 1.75e-15 3.78e-11 6.49e-08 1.26e-05 0.000445   0.0043    0.174    0.502    0.319
1        0 1.240e+05 7.100e+07 7.020e-01 5.170e+01 1.84e-16 4.54e-12 9.99e-09 2.49e-06 0.000116  0.00164    0.103    0.454    0.441
1        0 1.360e+05 7.100e+07 9.500e-01 7.000e+01 4.62e-19 5.46e-13 1.61e-09 5.35e-07  3.4e-05 0.000678   0.0613    0.391    0.547
1        0 1.450e+05 7.100e+07 1.290e+00 9.470e+01    1e-20 6.46e-14 2.57e-10 1.15e-07    1e-05  0.00028   0.0359    0.324     0.64
1        0 1.710e+05 7.100e+07 1.740e+00 1.280e+02    1e-20 5.18e-15 2.86e-11 1.77e-08 2.16e-06 9.13e-05    0.018    0.247    0.735
1        0 2.210e+05 7.100e+07 2.350e+00 1.730e+02 2.79e-17 3.57e-16    2e-12 1.81e-09  3.4e-07 2.37e-05  0.00769    0.171    0.821
1        0 2.710e+05 7.100e+07 3.190e+00 2.350e+02    1e-20  1.8e-18 1.46e-13 1.99e-10 5.79e-08 6.57e-06  0.00338    0.118    0.879
1        0 3.150e+05 7.100e+07 4.310e+00 3.170e+02    1e-20    1e-20 1.25e-14 2.54e-11 1.12e-08 1.99e-06  0.00156    0.082    0.916
1        1 3.010e+05 7.100e+07 5.830e+00 4.290e+02 1.77e-18 7.26e-18 2.64e-15 6.88e-12 3.95e-09 9.06e-07 0.000927   0.0637    0.935
1        0 3.030e+05 7.100e+07 7.890e+00 5.810e+02    1e-20    1e-20 4.13e-16 1.52e-12 1.18e-09 3.68e-07 0.000511   0.0477    0.952
1        0 3.400e+05 7.100e+07 1.070e+01 7.860e+02    1e-20    1e-20    1e-20 2.11e-13 2.46e-10 1.16e-07  0.00024    0.033    0.967
1        0 3.560e+05 7.100e+07 1.440e+01 1.060e+03    1e-20    1e-20    1e-20 3.92e-14  6.4e-11 4.29e-08 0.000124   0.0239    0.976
1        1 2.310e+05 7.100e+07 1.950e+01 1.440e+03 1.68e-18 6.77e-18 3.08e-17 4.75e-14 7.48e-11  4.5e-08 0.000125   0.0238    0.976
1        0 2.570e+05 7.100e+07 2.640e+01 1.950e+03 1.53e-18 6.13e-18 2.29e-17 7.15e-15 1.62e-11 1.45e-08 5.92e-05   0.0165    0.983
1        0 3.590e+05 7.100e+07 3.580e+01 2.630e+03    1e-20    1e-20    1e-20 4.06e-16 1.69e-12 2.82e-09 2.04e-05  0.00974     0.99
1        0 6.840e+05 7.100e+07 4.840e+01 3.570e+03    1e-20    1e-20    1e-20    1e-20 5.83e-14 2.69e-10  4.4e-06  0.00458    0.995
1        0 1.870e+06 7.100e+07 6.550e+01 4.820e+03 1.72e-19 6.86e-19 2.47e-18 8.04e-18 2.56e-15 5.22e-11 8.67e-07  0.00161    0.998
1        0 3.440e+06 7.100e+07 8.860e+01 6.530e+03    1e-20    1e-20    1e-20    1e-20 3.87e-16 2.25e-11 3.58e-07 0.000731    0.999
1        0 5.340e+06 7.100e+07 1.200e+02 8.830e+03    1e-20    1e-20    1e-20    1e-20 3.64e-17  5.6e-12 1.29e-07 0.000374      1.0
1        0 7.430e+06 7.100e+07 1.620e+02 1.190e+04 1.15e-19 4.61e-19 1.66e-18 5.39e-18  2.3e-17  1.2e-12  4.5e-08 0.000207      1.0
1        0 9.360e+06 7.100e+07 2.200e+02 1.620e+04    1e-20    1e-20    1e-20    1e-20    1e-20 2.82e-13  1.7e-08 0.000125      1.0
1        1 1.060e+07 7.100e+07 2.970e+02 2.190e+04    5e-20    2e-19 7.24e-19 2.35e-18 7.79e-18 8.28e-14 7.52e-09 8.25e-05      1.0
1        2 1.060e+07 7.100e+07 4.020e+02 2.960e+04    1e-20    1e-20    1e-20    1e-20    1e-20 3.36e-14 4.12e-09  6.1e-05      1.0
1        2 1.060e+07 7.100e+07 5.440e+02 4.010e+04 3.14e-20 1.26e-19 4.55e-19 1.48e-18 4.83e-18 1.36e-14 2.26e-09 4.52e-05      1.0
1        2 1.060e+07 7.100e+07 7.360e+02 5.420e+04    1e-20    1e-20    1e-20    1e-20    1e-20  5.5e-15 1.23e-09 3.34e-05      1.0
1        2 1.060e+07 7.100e+07 9.960e+02 7.330e+04 2.44e-20 9.77e-20 3.53e-19 1.15e-18 3.75e-18 2.25e-15 6.76e-10 2.47e-05      1.0
1        2 1.060e+07 7.100e+07 1.350e+03 9.920e+04    1e-20    1e-20    1e-20    1e-20    1e-20 9.02e-16 3.69e-10 1.83e-05      1.0
1        2 1.060e+07 7.100e+07 1.820e+03 1.340e+05  1.3e-20  5.2e-20 1.88e-19 6.11e-19 1.99e-18 3.71e-16 2.02e-10 1.35e-05      1.0
1        2 1.060e+07 7.100e+07 2.470e+03 1.820e+05    1e-20    1e-20    1e-20    1e-20    1e-20 1.45e-16  1.1e-10 9.99e-06      1.0
1        2 1.060e+07 7.100e+07 3.340e+03 2.460e+05    1e-20    1e-20    1e-20    1e-20    1e-20  5.9e-17 6.03e-11 7.38e-06      1.0
1        2 1.060e+07 7.100e+07 4.520e+03 3.320e+05    1e-20    1e-20    1e-20    1e-20    1e-20 2.33e-17  3.3e-11 5.46e-06      1.0
1        2 1.060e+07 7.100e+07 6.110e+03 4.500e+05    1e-20 1.08e-20 3.91e-20 1.27e-19 4.16e-19  1.1e-17  1.8e-11 4.03e-06      1.0
1        2 1.060e+07 7.100e+07 8.270e+03 6.090e+05    1e-20    1e-20    1e-20    1e-20    1e-20 3.92e-18 9.83e-12 2.98e-06      1.0
1        2 1.060e+07 7.100e+07 1.120e+04 8.230e+05    1e-20    1e-20    1e-20    1e-20    1e-20 1.59e-18 5.38e-12  2.2e-06      1.0
1        2 1.060e+07 7.100e+07 1.510e+04 1.110e+06    1e-20    1e-20    1e-20    1e-20    1e-20 6.41e-19 2.94e-12 1.63e-06      1.0
1        2 1.060e+07 7.100e+07 2.050e+04 1.510e+06    1e-20    1e-20    1e-20    1e-20    1e-20 2.59e-19  1.6e-12  1.2e-06      1.0
1        2 1.060e+07 7.100e+07 2.770e+04 2.040e+06    1e-20    1e-20    1e-20    1e-20    1e-20 1.04e-19 8.76e-13  8.9e-07      1.0
1        2 1.060e+07 7.100e+07 3.750e+04 2.760e+06    1e-20    1e-20    1e-20    1e-20    1e-20 4.21e-20 4.78e-13 6.57e-07      1.0
1        2 1.060e+07 7.100e+07 5.070e+04 3.730e+06    1e-20    1e-20    1e-20    1e-20    1e-20  1.7e-20 2.61e-13 4.86e-07      1.0
1        2 1.060e+07 7.100e+07 6.860e+04 5.050e+06    1e-20    1e-20    1e-20    1e-20    1e-20    1e-20 1.43e-13 3.59e-07      1.0
1        2 1.060e+07 7.100e+07 9.290e+04 6.840e+06    1e-20    1e-20    1e-20    1e-20    1e-20    1e-20  7.8e-14 2.65e-07      1.0
1        2 1.060e+07 7.100e+07 1.260e+05 9.250e+06    1e-20    1e-20    1e-20    1e-20    1e-20    1e-20 4.26e-14 1.96e-07      1.0
1        2 1.060e+07 7.100e+07 1.700e+05 1.250e+07    1e-20    1e-20    1e-20    1e-20    1e-20    1e-20 2.33e-14 1.45e-07      1.0
1        2 1.060e+07 7.100e+07 2.300e+05 1.690e+07    1e-20    1e-20    1e-20    1e-20    1e-20    1e-20 1.27e-14 1.07e-07      1.0
1        2 1.060e+07 7.100e+07 3.110e+05 2.290e+07    1e-20    1e-20    1e-20    1e-20    1e-20    1e-20 6.94e-15 7.92e-08      1.0
1        2 1.060e+07 7.100e+07 4.210e+05 3.100e+07    1e-20    1e-20    1e-20    1e-20    1e-20    1e-20 3.79e-15 5.85e-08      1.0
1        2 1.060e+07 7.100e+07 5.700e+05 4.200e+07    1e-20    1e-20    1e-20    1e-20    1e-20    1e-20 2.07e-15 4.32e-08      1.0
1        2 1.060e+07 7.100e+07 7.710e+05 5.680e+07    1e-20    1e-20    1e-20    1e-20    1e-20    1e-20 1.13e-15  3.2e-08      1.0
1        2 1.060e+07 7.100e+07 1.040e+06 7.680e+07    1e-20    1e-20    1e-20    1e-20    1e-20    1e-20 6.18e-16 2.36e-08      1.0
1        2 1.060e+07 7.100e+07 1.410e+06 1.040e+08    1e-20    1e-20    1e-20    1e-20    1e-20    1e-20 3.37e-16 1.75e-08      1.0
1        2 1.060e+07 7.100e+07 1.910e+06 1.410e+08    1e-20    1e-20    1e-20    1e-20    1e-20    1e-20 1.84e-16 1.29e-08      1.0
1        2 1.060e+07 7.100e+07 2.580e+06 1.900e+08    1e-20    1e-20    1e-20    1e-20    1e-20    1e-20 1.01e-16 9.54e-09      1.0
1        2 1.060e+07 7.100e+07 3.500e+06 2.570e+08    1e-20    1e-20    1e-20    1e-20    1e-20    1e-20  5.5e-17 7.05e-09      1.0
1        2 1.060e+07 7.100e+07 4.730e+06 3.480e+08    1e-20    1e-20    1e-20    1e-20    1e-20    1e-20 3.01e-17 5.21e-09      1.0
