i converge       t_e       t_r        ip        xi      i01      i02      i03      i04      i05      i06      i07
- -------- --------- --------- --------- --------- -------- -------- -------- -------- -------- -------- --------
1        3 7.650e+03 7.090e+07 4.730e-07 3.480e-05     0.59    0.406  0.00429 1.37e-05 3.12e-07 5.96e-12 2.08e-17
1        3 7.650e+03 7.090e+07 6.410e-07 4.710e-05     0.55    0.444  0.00548  1.8e-05 4.67e-07 1.05e-11 4.29e-17
1        3 7.650e+03 7.090e+07 8.670e-07 6.370e-05    0.506    0.487  0.00714 2.42e-05 7.25e-07 1.93e-11 9.44e-17
1        3 7.650e+03 7.090e+07 1.170e-06 8.620e-05    0.461    0.529  0.00925 3.24e-05 1.12e-06 3.57e-11 2.08e-16
1        3 7.650e+03 7.090e+07 1.590e-06 1.170e-04    0.416    0.572   0.0119 4.36e-05 1.74e-06 6.62e-11 4.62e-16
1        3 7.650e+03 7.090e+07 2.150e-06 1.580e-04    0.371    0.613   0.0154 5.87e-05 2.69e-06 1.23e-10 1.03e-15
1        3 7.650e+03 7.090e+07 2.900e-06 2.140e-04    0.327    0.653   0.0197 7.96e-05 4.17e-06 2.31e-10 2.34e-15
1        3 7.650e+03 7.090e+07 3.930e-06 2.890e-04    0.285     0.69   0.0253 0.000109  6.5e-06 4.37e-10 5.37e-15
1        3 7.650e+03 7.090e+07 5.320e-06 3.910e-04    0.245    0.723   0.0323  0.00015 1.02e-05 8.34e-10 1.25e-14
1        3 7.650e+03 7.090e+07 7.200e-06 5.290e-04    0.207    0.752   0.0413 0.000208  1.6e-05 1.61e-09 2.98e-14
1        3 7.650e+03 7.090e+07 9.740e-06 7.160e-04    0.172    0.775   0.0527 0.000294 2.53e-05 3.17e-09 7.25e-14
1        3 7.650e+03 7.090e+07 1.320e-05 9.690e-04    0.143    0.791   0.0662 0.000411 3.93e-05 6.05e-09 1.71e-13
1        3 7.650e+03 7.090e+07 1.780e-05 1.310e-03    0.114      0.8   0.0844 0.000599 6.34e-05 1.23e-08 4.38e-13
1        3 7.650e+03 7.090e+07 2.410e-05 1.770e-03   0.0901    0.801    0.107 0.000887 0.000103 2.55e-08 1.15e-12
1        3 7.650e+03 7.090e+07 3.260e-05 2.400e-03   0.0695    0.793    0.136  0.00133 0.000169 5.35e-08  3.1e-12
1        3 7.650e+03 7.090e+07 4.420e-05 3.250e-03   0.0524    0.773    0.172  0.00203 0.000278 1.14e-07 8.55e-12
1        1 8.610e+03 7.090e+07 5.970e-05 4.390e-03   0.0379    0.736    0.222  0.00349 0.000507 2.86e-07 2.94e-11
1        3 1.040e+04 7.090e+07 8.080e-05 5.940e-03   0.0251    0.674    0.293  0.00661  0.00102 8.49e-07 1.28e-10
1        3 1.040e+04 7.090e+07 1.090e-04 8.040e-03   0.0176    0.619    0.352   0.0101  0.00165 1.79e-06 3.55e-10
1        3 1.040e+04 7.090e+07 1.480e-04 1.090e-02   0.0117    0.551    0.419   0.0156  0.00272 3.97e-06 1.05e-09
1        3 1.040e+04 7.090e+07 2.000e-04 1.470e-02  0.00766    0.479    0.485   0.0235  0.00438 8.48e-06 2.99e-09
1        3 1.040e+04 7.090e+07 2.710e-04 1.990e-02  0.00475    0.402     0.55   0.0355  0.00714 1.87e-05  8.9e-09
1        3 1.040e+04 7.090e+07 3.670e-04 2.700e-02  0.00286    0.327    0.606   0.0522   0.0115 4.06e-05 2.62e-08
1        3 1.040e+04 7.090e+07 4.960e-04 3.650e-02  0.00167    0.258    0.647   0.0747   0.0182 8.73e-05 7.61e-08
1        3 1.040e+04 7.090e+07 6.710e-04 4.930e-02 0.000977    0.201    0.668    0.102   0.0277 0.000177 2.05e-07
1        3 1.040e+04 7.090e+07 9.080e-04 6.680e-02  0.00054     0.15     0.67    0.137   0.0428 0.000367 5.72e-07
1        3 1.040e+04 7.090e+07 1.230e-03 9.030e-02 0.000288    0.107    0.649    0.178   0.0651 0.000752 1.58e-06
1        3 1.040e+04 7.090e+07 1.660e-03 1.220e-01 0.000148   0.0742    0.604    0.222   0.0975  0.00152  4.3e-06
1        3 1.040e+04 7.090e+07 2.250e-03 1.650e-01 7.52e-05   0.0502    0.543    0.264     0.14   0.0029 1.09e-05
1        3 1.040e+04 7.090e+07 3.040e-03 2.240e-01 3.52e-05   0.0317    0.461    0.302    0.199  0.00555 2.81e-05
1        3 1.040e+04 7.090e+07 4.120e-03 3.030e-01 1.55e-05   0.0189    0.371    0.327    0.272   0.0102    7e-05
1        3 1.040e+04 7.090e+07 5.570e-03 4.100e-01 6.45e-06   0.0106    0.281    0.334    0.356   0.0181 0.000167
1        3 1.040e+04 7.090e+07 7.540e-03 5.540e-01 2.52e-06  0.00557      0.2    0.321    0.444   0.0304 0.000379
1        3 1.040e+04 7.090e+07 1.020e-02 7.500e-01 9.23e-07  0.00276    0.133     0.29    0.525   0.0486 0.000818
1        3 1.040e+04 7.090e+07 1.380e-02 1.010e+00 3.19e-07  0.00129   0.0843    0.247    0.591    0.074  0.00168
1        3 1.040e+04 7.090e+07 1.870e-02 1.370e+00 1.05e-07 0.000573   0.0506    0.201    0.637    0.108  0.00331
1        3 1.040e+04 7.090e+07 2.530e-02 1.860e+00 3.29e-08 0.000243    0.029    0.155    0.659    0.151  0.00626
1        3 1.040e+04 7.090e+07 3.420e-02 2.510e+00 9.89e-09 9.87e-05   0.0159    0.115    0.655    0.202   0.0114
1        3 1.040e+04 7.090e+07 4.630e-02 3.400e+00 2.85e-09 3.85e-05  0.00841   0.0823    0.627    0.262   0.0199
1        3 1.040e+04 7.090e+07 6.260e-02 4.600e+00 7.91e-10 1.44e-05  0.00427   0.0565    0.578    0.327   0.0336
1        3 1.040e+04 7.090e+07 8.470e-02 6.230e+00  2.1e-10  5.2e-06  0.00208   0.0372    0.513    0.393   0.0546
1        3 1.040e+04 7.090e+07 1.150e-01 8.430e+00 5.38e-11  1.8e-06 0.000972   0.0235    0.438    0.453   0.0852
1        3 1.040e+04 7.090e+07 1.550e-01 1.140e+01 1.32e-11 5.95e-07 0.000435   0.0142    0.358      0.5    0.127
1        3 1.040e+04 7.090e+07 2.100e-01 1.540e+01 3.08e-12 1.88e-07 0.000186  0.00825     0.28     0.53    0.182
1        3 1.040e+04 7.090e+07 2.840e-01 2.090e+01 6.89e-13  5.7e-08 7.63e-05  0.00457    0.209    0.536     0.25
1        3 1.040e+04 7.090e+07 3.840e-01 2.820e+01 1.48e-13 1.65e-08 2.99e-05  0.00242     0.15     0.52    0.327
1        3 1.040e+04 7.090e+07 5.190e-01 3.820e+01 3.04e-14  4.6e-09 1.13e-05  0.00123    0.103    0.484    0.412
1        3 1.040e+04 7.090e+07 7.030e-01 5.170e+01 5.99e-15 1.23e-09 4.06e-06 0.000603   0.0682    0.433    0.499
1        3 1.040e+04 7.090e+07 9.510e-01 6.990e+01 1.17e-15 3.17e-10 1.42e-06 0.000285   0.0436    0.374    0.583
1        3 1.040e+04 7.090e+07 1.290e+00 9.470e+01 1.94e-16 7.92e-11  4.8e-07  0.00013    0.027    0.313     0.66
1        3 1.040e+04 7.090e+07 1.740e+00 1.280e+02 4.69e-17 1.93e-11 1.58e-07 5.81e-05   0.0163    0.255    0.728
1        3 1.040e+04 7.090e+07 2.360e+00 1.730e+02 6.51e-18  4.6e-12  5.1e-08 2.53e-05   0.0096    0.204    0.787
1        3 1.040e+04 7.090e+07 3.190e+00 2.340e+02 3.37e-18 1.08e-12 1.62e-08 1.09e-05  0.00556     0.16    0.835
1        3 1.040e+04 7.090e+07 4.310e+00 3.170e+02 2.42e-19 2.49e-13 5.05e-09 4.59e-06  0.00318    0.124    0.873
1        3 1.040e+04 7.090e+07 5.840e+00 4.290e+02    1e-20 5.68e-14 1.56e-09 1.92e-06   0.0018   0.0945    0.904
1        3 1.040e+04 7.090e+07 7.900e+00 5.810e+02    1e-20 1.29e-14 4.78e-10 7.95e-07  0.00101   0.0717    0.927
1        3 1.040e+04 7.090e+07 1.070e+01 7.860e+02    1e-20 2.89e-15 1.45e-10 3.27e-07 0.000562    0.054    0.945
1        3 1.040e+04 7.090e+07 1.450e+01 1.060e+03    1e-20 6.45e-16  4.4e-11 1.34e-07 0.000311   0.0405    0.959
1        3 1.040e+04 7.090e+07 1.960e+01 1.440e+03    1e-20 1.39e-16 1.33e-11 5.48e-08 0.000172   0.0303     0.97
1        3 1.040e+04 7.090e+07 2.650e+01 1.950e+03    1e-20 2.99e-17    4e-12 2.23e-08 9.47e-05   0.0226    0.977
1        3 1.040e+04 7.090e+07 3.580e+01 2.630e+03  2.4e-19 8.98e-18  1.2e-12 9.05e-09  5.2e-05   0.0168    0.983
1        3 1.040e+04 7.090e+07 4.850e+01 3.570e+03    1e-20    1e-20 3.59e-13 3.67e-09 2.85e-05   0.0124    0.988
1        3 1.040e+04 7.090e+07 6.560e+01 4.820e+03    1e-20    1e-20 1.08e-13 1.49e-09 1.56e-05  0.00923    0.991
1        3 1.040e+04 7.090e+07 8.870e+01 6.520e+03 1.99e-20 2.31e-19 3.22e-14 6.02e-10 8.56e-06  0.00684    0.993
1        3 1.040e+04 7.090e+07 1.200e+02 8.830e+03  1.7e-20 1.49e-19 9.63e-15 2.43e-10 4.69e-06  0.00507    0.995
1        3 1.040e+04 7.090e+07 1.620e+02 1.190e+04    1e-20 7.17e-20 2.88e-15 9.84e-11 2.56e-06  0.00375    0.996
1        3 1.040e+04 7.090e+07 2.200e+02 1.620e+04    1e-20    1e-20 8.58e-16 3.98e-11  1.4e-06  0.00277    0.997
1        3 1.040e+04 7.090e+07 2.970e+02 2.190e+04    1e-20    1e-20 2.55e-16 1.61e-11 7.67e-07  0.00205    0.998
1        3 1.040e+04 7.090e+07 4.020e+02 2.960e+04    1e-20 6.47e-20  7.7e-17 6.49e-12 4.19e-07  0.00152    0.998
1        3 1.040e+04 7.090e+07 5.440e+02 4.000e+04 6.06e-20 4.69e-19 2.57e-17 2.62e-12 2.29e-07  0.00112    0.999
1        3 1.040e+04 7.090e+07 7.370e+02 5.420e+04    1e-20    1e-20 6.81e-18 1.06e-12 1.25e-07 0.000829    0.999
1        3 1.040e+04 7.090e+07 9.970e+02 7.330e+04    1e-20    1e-20 1.97e-18 4.27e-13 6.83e-08 0.000613    0.999
1        3 1.040e+04 7.090e+07 1.350e+03 9.920e+04    1e-20 4.37e-20 8.77e-19 1.73e-13 3.73e-08 0.000453      1.0
1        3 1.040e+04 7.090e+07 1.820e+03 1.340e+05    1e-20    1e-20    1e-20 6.97e-14 2.04e-08 0.000335      1.0
1        3 1.040e+04 7.090e+07 2.470e+03 1.820e+05    1e-20    1e-20    1e-20 2.81e-14 1.11e-08 0.000248      1.0
1        3 1.040e+04 7.090e+07 3.340e+03 2.460e+05    1e-20    1e-20 1.63e-20 1.14e-14 6.09e-09 0.000183      1.0
1        3 1.040e+04 7.090e+07 4.520e+03 3.320e+05    1e-20    1e-20    1e-20 4.59e-15 3.33e-09 0.000135      1.0
1        3 1.040e+04 7.090e+07 6.120e+03 4.500e+05    1e-20    1e-20    1e-20 1.85e-15 1.81e-09 9.99e-05      1.0
1        3 1.040e+04 7.090e+07 8.280e+03 6.090e+05    1e-20    1e-20    1e-20 7.47e-16 9.92e-10 7.38e-05      1.0
1        3 1.040e+04 7.090e+07 1.120e+04 8.230e+05    1e-20    1e-20    1e-20 3.02e-16 5.42e-10 5.46e-05      1.0
1        3 1.040e+04 7.090e+07 1.510e+04 1.110e+06    1e-20    1e-20    1e-20 1.22e-16 2.96e-10 4.03e-05      1.0
1        3 1.040e+04 7.090e+07 2.050e+04 1.510e+06    1e-20    1e-20    1e-20 4.92e-17 1.62e-10 2.98e-05      1.0
1        3 1.040e+04 7.090e+07 2.770e+04 2.040e+06    1e-20    1e-20    1e-20 1.99e-17 8.83e-11  2.2e-05      1.0
1        3 1.040e+04 7.090e+07 3.750e+04 2.760e+06    1e-20    1e-20    1e-20 8.01e-18 4.82e-11 1.63e-05      1.0
1        3 1.040e+04 7.090e+07 5.070e+04 3.730e+06    1e-20    1e-20    1e-20 3.24e-18 2.64e-11  1.2e-05      1.0
1        3 1.040e+04 7.090e+07 6.870e+04 5.050e+06    1e-20    1e-20    1e-20 1.31e-18 1.44e-11  8.9e-06      1.0
1        3 1.040e+04 7.090e+07 9.290e+04 6.830e+06    1e-20    1e-20    1e-20 5.27e-19 7.86e-12 6.58e-06      1.0
1        3 1.040e+04 7.090e+07 1.260e+05 9.250e+06    1e-20    1e-20    1e-20 2.13e-19 4.29e-12 4.86e-06      1.0
1        3 1.040e+04 7.090e+07 1.700e+05 1.250e+07    1e-20    1e-20    1e-20 8.59e-20 2.35e-12 3.59e-06      1.0
1        3 1.040e+04 7.090e+07 2.300e+05 1.690e+07    1e-20    1e-20    1e-20 3.47e-20 1.28e-12 2.65e-06      1.0
1        3 1.040e+04 7.090e+07 3.110e+05 2.290e+07    1e-20    1e-20    1e-20  1.4e-20    7e-13 1.96e-06      1.0
1        3 1.040e+04 7.090e+07 4.210e+05 3.100e+07    1e-20    1e-20    1e-20    1e-20 3.82e-13 1.45e-06      1.0
1        3 1.040e+04 7.090e+07 5.700e+05 4.200e+07    1e-20    1e-20    1e-20    1e-20 2.09e-13 1.07e-06      1.0
1        3 1.040e+04 7.090e+07 7.720e+05 5.680e+07    1e-20    1e-20    1e-20    1e-20 1.14e-13 7.92e-07      1.0
1        3 1.040e+04 7.090e+07 1.040e+06 7.680e+07    1e-20    1e-20    1e-20    1e-20 6.23e-14 5.85e-07      1.0
1        3 1.040e+04 7.090e+07 1.410e+06 1.040e+08    1e-20    1e-20    1e-20    1e-20  3.4e-14 4.33e-07      1.0
1        3 1.040e+04 7.090e+07 1.910e+06 1.410e+08    1e-20    1e-20    1e-20    1e-20 1.86e-14  3.2e-07      1.0
1        3 1.040e+04 7.090e+07 2.590e+06 1.900e+08    1e-20    1e-20    1e-20    1e-20 1.02e-14 2.36e-07      1.0
1        3 1.040e+04 7.090e+07 3.500e+06 2.570e+08    1e-20    1e-20    1e-20    1e-20 5.55e-15 1.75e-07      1.0
1        3 1.040e+04 7.090e+07 4.730e+06 3.480e+08    1e-20    1e-20    1e-20    1e-20 3.03e-15 1.29e-07      1.0
