i converge       t_e       t_r        ip        xi      i01      i02      i03      i04      i05      i06      i07      i08      i09
- -------- --------- --------- --------- --------- -------- -------- -------- -------- -------- -------- -------- -------- --------
1        0 1.590e+03 7.090e+07 4.730e-07 3.480e-05    0.602    0.392  0.00561 1.64e-05 1.19e-08 1.07e-10 4.77e-14 7.23e-20    1e-20
1        0 1.620e+03 7.090e+07 6.400e-07 4.710e-05     0.56    0.433  0.00734  2.4e-05 1.87e-08 1.85e-10 8.93e-14  1.6e-19    1e-20
1        0 1.650e+03 7.090e+07 8.660e-07 6.380e-05    0.516    0.474  0.00958 3.51e-05 2.95e-08 3.23e-10 1.68e-13 3.59e-19    1e-20
1        0 1.690e+03 7.090e+07 1.170e-06 8.630e-05    0.472    0.516   0.0125 5.16e-05 4.65e-08 5.66e-10 3.18e-13 8.07e-19    1e-20
1        0 1.720e+03 7.090e+07 1.580e-06 1.170e-04    0.427    0.557   0.0161 7.63e-05 7.36e-08    1e-09 6.05e-13 1.83e-18    1e-20
1        0 1.760e+03 7.090e+07 2.140e-06 1.580e-04    0.382    0.597   0.0208 0.000113 1.17e-07 1.78e-09 1.16e-12 4.21e-18    1e-20
1        0 1.810e+03 7.090e+07 2.900e-06 2.140e-04    0.338    0.636   0.0267 0.000169 1.86e-07  3.2e-09 2.24e-12 9.79e-18    1e-20
1        0 1.850e+03 7.090e+07 3.920e-06 2.890e-04    0.295    0.671   0.0341 0.000254 2.99e-07 5.82e-09 4.39e-12 2.32e-17    1e-20
1        0 1.910e+03 7.090e+07 5.310e-06 3.910e-04    0.254    0.702   0.0436 0.000384 4.85e-07 1.07e-08 8.75e-12 5.61e-17    1e-20
1        0 1.960e+03 7.090e+07 7.190e-06 5.290e-04    0.216    0.728   0.0555 0.000586 7.98e-07    2e-08 1.78e-11  1.4e-16    1e-20
1        0 2.020e+03 7.090e+07 9.720e-06 7.160e-04     0.18    0.748   0.0705 0.000901 1.33e-06 3.79e-08 3.71e-11 3.58e-16    1e-20
1        0 2.090e+03 7.090e+07 1.320e-05 9.690e-04    0.148    0.761   0.0894   0.0014 2.26e-06 7.31e-08 7.94e-11  9.5e-16    1e-20
1        0 2.170e+03 7.090e+07 1.780e-05 1.310e-03    0.119    0.766    0.113  0.00219 3.92e-06 1.44e-07 1.76e-10 2.63e-15    1e-20
1        0 2.250e+03 7.090e+07 2.410e-05 1.770e-03   0.0933    0.761    0.143  0.00346 6.99e-06 2.88e-07 4.03e-10 7.63e-15 3.47e-20
1        0 2.350e+03 7.090e+07 3.260e-05 2.400e-03   0.0714    0.744    0.179  0.00552 1.28e-05 5.91e-07 9.62e-10 2.33e-14 1.35e-19
1        0 2.460e+03 7.090e+07 4.410e-05 3.250e-03    0.053    0.714    0.224  0.00886 2.41e-05 1.23e-06 2.39e-09 7.47e-14 5.62e-19
1        0 2.590e+03 7.090e+07 5.970e-05 4.390e-03    0.038     0.67    0.278   0.0143  4.7e-05 2.64e-06 6.22e-09 2.55e-13 2.52e-18
1        0 2.740e+03 7.090e+07 8.070e-05 5.940e-03   0.0262    0.612    0.339    0.023  9.3e-05 5.67e-06 1.66e-08 9.05e-13 1.18e-17
1        0 2.910e+03 7.090e+07 1.090e-04 8.040e-03   0.0173    0.541    0.405   0.0366 0.000188 1.23e-05 4.59e-08 3.35e-12 5.86e-17
1        0 3.120e+03 7.090e+07 1.480e-04 1.090e-02   0.0108    0.459    0.472   0.0574 0.000385 2.67e-05  1.3e-07 1.29e-11 3.08e-16
1        0 3.390e+03 7.090e+07 2.000e-04 1.470e-02  0.00634    0.372    0.533   0.0877 0.000791 5.78e-05 3.74e-07 5.13e-11 1.69e-15
1        0 3.730e+03 7.090e+07 2.700e-04 1.990e-02  0.00349    0.285     0.58    0.129  0.00161 0.000124 1.08e-06 2.08e-10 9.53e-15
1        0 4.180e+03 7.090e+07 3.660e-04 2.700e-02  0.00178    0.206    0.605    0.183  0.00322 0.000261 3.13e-06 8.55e-10 5.57e-14
1        0 4.830e+03 7.090e+07 4.950e-04 3.650e-02 0.000834    0.139    0.605    0.248  0.00632 0.000546 9.11e-06 3.62e-09 3.42e-13
1        0 5.760e+03 7.090e+07 6.700e-04 4.930e-02 0.000358   0.0881     0.58    0.319   0.0119  0.00112 2.63e-05 1.55e-08 2.18e-12
1        0 1.580e+04 7.090e+07 9.070e-04 6.680e-02 4.76e-05    0.028    0.474    0.459   0.0361  0.00297 0.000199 2.97e-07 1.03e-10
1        0 1.660e+04 7.090e+07 1.230e-03 9.040e-02  2.1e-05   0.0169    0.394    0.527   0.0565  0.00538 0.000452 9.31e-07 4.45e-10
1        0 1.720e+04 7.090e+07 1.660e-03 1.220e-01 9.04e-06  0.00982    0.315     0.58   0.0845  0.00957 0.000986  2.8e-06 1.84e-09
1        0 1.780e+04 7.090e+07 2.250e-03 1.650e-01 3.75e-06   0.0055    0.242    0.612    0.121   0.0167   0.0021 8.18e-06  7.4e-09
1        0 1.840e+04 7.090e+07 3.040e-03 2.240e-01  1.5e-06  0.00295    0.178    0.619    0.167   0.0285  0.00435 2.34e-05 2.91e-08
1        0 1.900e+04 7.090e+07 4.110e-03 3.030e-01 5.72e-07   0.0015    0.125    0.597    0.221   0.0473  0.00884 6.55e-05 1.12e-07
1        0 1.980e+04 7.090e+07 5.560e-03 4.100e-01 2.08e-07 0.000722   0.0826    0.547    0.277   0.0755   0.0175  0.00018 4.26e-07
1        0 2.070e+04 7.090e+07 7.530e-03 5.540e-01 7.25e-08 0.000327   0.0514    0.472    0.328    0.115   0.0334 0.000477 1.57e-06
1        0 2.170e+04 7.090e+07 1.020e-02 7.500e-01  2.4e-08 0.000138   0.0299     0.38    0.364    0.164   0.0609  0.00121 5.56e-06
1        0 2.280e+04 7.090e+07 1.380e-02 1.020e+00 7.57e-09 5.46e-05   0.0161    0.284    0.375    0.217    0.105  0.00291 1.86e-05
1        0 2.390e+04 7.090e+07 1.860e-02 1.370e+00 2.26e-09 2.01e-05  0.00805    0.196    0.355    0.267    0.169  0.00653 5.81e-05
1        0 2.500e+04 7.090e+07 2.520e-02 1.860e+00  6.3e-10 6.87e-06   0.0037    0.124    0.308      0.3    0.251   0.0136 0.000168
1        0 2.630e+04 7.090e+07 3.410e-02 2.510e+00 1.67e-10 2.19e-06  0.00157   0.0716    0.245    0.308    0.347   0.0262 0.000452
1        0 2.780e+04 7.090e+07 4.620e-02 3.400e+00 4.31e-11 6.55e-07 0.000616   0.0381    0.179     0.29    0.444    0.047  0.00114
1        0 2.970e+04 7.090e+07 6.250e-02 4.600e+00 1.11e-11  1.9e-07 0.000227   0.0188    0.121    0.249    0.529   0.0791  0.00271
1        0 3.240e+04 7.090e+07 8.460e-02 6.230e+00 3.05e-12 5.53e-08 8.04e-05  0.00866   0.0767    0.196    0.587    0.126  0.00614
1        0 3.610e+04 7.090e+07 1.140e-01 8.430e+00  9.4e-13 1.72e-08 2.83e-05  0.00376   0.0453    0.141    0.608    0.189   0.0134
1        0 4.150e+04 7.090e+07 1.550e-01 1.140e+01 3.41e-13 5.98e-09 1.01e-05  0.00154   0.0247   0.0914    0.584     0.27   0.0283
1        0 4.980e+04 7.090e+07 2.090e-01 1.540e+01 1.41e-13 2.33e-09 3.74e-06 0.000593   0.0121   0.0525    0.514    0.363   0.0579
1        0 6.340e+04 7.090e+07 2.830e-01 2.090e+01 5.64e-14 8.93e-10  1.3e-06 0.000202  0.00489   0.0256    0.402    0.453    0.114
1        0 8.260e+04 7.090e+07 3.830e-01 2.820e+01 1.35e-14 2.34e-10 3.42e-07 5.57e-05  0.00158   0.0108    0.277    0.506    0.205
1        0 1.030e+05 7.090e+07 5.190e-01 3.820e+01 1.75e-15 3.79e-11 6.49e-08 1.26e-05 0.000444  0.00429    0.174    0.502    0.319
1        0 1.240e+05 7.090e+07 7.020e-01 5.170e+01 1.33e-16 4.54e-12 9.99e-09 2.48e-06 0.000116  0.00163    0.103    0.454    0.442
1        0 1.360e+05 7.090e+07 9.500e-01 7.000e+01 1.06e-17 5.46e-13 1.61e-09 5.35e-07  3.4e-05 0.000677   0.0613    0.391    0.547
1        0 1.450e+05 7.090e+07 1.290e+00 9.470e+01 1.58e-17 6.46e-14 2.57e-10 1.15e-07 9.99e-06  0.00028   0.0359    0.324     0.64
1        0 1.710e+05 7.090e+07 1.740e+00 1.280e+02    1e-20 5.18e-15 2.86e-11 1.76e-08 2.16e-06 9.12e-05   0.0179    0.246    0.735
1        0 2.210e+05 7.090e+07 2.350e+00 1.730e+02    1e-20 1.78e-16    2e-12 1.81e-09 3.39e-07 2.37e-05  0.00768    0.171    0.821
1        0 2.890e+05 7.090e+07 3.180e+00 2.340e+02 1.06e-17 5.14e-17 1.09e-13 1.55e-10 4.75e-08 5.73e-06  0.00311    0.113    0.884
1        0 3.100e+05 7.090e+07 4.310e+00 3.170e+02    1e-20    1e-20 1.34e-14 2.69e-11 1.17e-08 2.05e-06  0.00159   0.0827    0.916
1        2 3.490e+05 7.090e+07 5.830e+00 4.290e+02 7.77e-18 3.14e-17  1.4e-15 3.77e-12 2.47e-09 6.57e-07 0.000758   0.0579    0.941
1        0 3.030e+05 7.090e+07 7.880e+00 5.810e+02    1e-20    1e-20 4.13e-16 1.51e-12 1.18e-09 3.67e-07 0.000511   0.0477    0.952
1        0 3.410e+05 7.090e+07 1.070e+01 7.860e+02 5.27e-20 2.13e-19 4.15e-17 2.11e-13 2.45e-10 1.16e-07  0.00024    0.033    0.967
1        2 3.310e+05 7.090e+07 1.440e+01 1.060e+03 1.41e-18 5.66e-18 2.83e-17 5.32e-14 8.11e-11 5.05e-08 0.000138   0.0251    0.975
1        2 2.310e+05 7.090e+07 1.950e+01 1.440e+03 3.13e-19 1.26e-18 1.08e-17 4.71e-14 7.45e-11 4.48e-08 0.000125   0.0238    0.976
1        0 2.570e+05 7.090e+07 2.640e+01 1.950e+03 3.41e-19 1.37e-18 5.63e-18 7.07e-15 1.62e-11 1.45e-08 5.91e-05   0.0165    0.983
1        0 3.590e+05 7.090e+07 3.580e+01 2.630e+03    1e-20    1e-20    1e-20 4.13e-16 1.68e-12 2.82e-09 2.03e-05  0.00974     0.99
1        0 6.780e+05 7.090e+07 4.840e+01 3.570e+03    1e-20    1e-20    1e-20    1e-20 6.01e-14 2.74e-10 4.46e-06  0.00461    0.995
1        2 9.750e+05 7.090e+07 6.550e+01 4.820e+03 2.79e-20 1.12e-19 4.03e-19 1.58e-18 5.97e-15 5.67e-11 1.47e-06  0.00262    0.997
1        2 9.750e+05 7.090e+07 8.860e+01 6.530e+03    1e-20    1e-20    1e-20    1e-20 1.78e-15 2.29e-11 8.06e-07  0.00194    0.998
1        2 9.750e+05 7.090e+07 1.200e+02 8.830e+03 2.49e-20 9.98e-20 3.61e-19 1.19e-18  5.4e-16 9.29e-12 4.41e-07  0.00143    0.999
1        2 9.750e+05 7.090e+07 1.620e+02 1.190e+04 1.58e-20 6.35e-20  2.3e-19 7.49e-19 1.63e-16 3.75e-12 2.41e-07  0.00106    0.999
1        2 9.750e+05 7.090e+07 2.190e+02 1.620e+04    1e-20 2.18e-20  7.9e-20 2.57e-19 4.88e-17 1.52e-12 1.32e-07 0.000784    0.999
1        2 9.750e+05 7.090e+07 2.970e+02 2.190e+04 8.91e-20 3.57e-19 1.29e-18  4.2e-18  2.8e-17 6.13e-13 7.19e-08  0.00058    0.999
1        2 9.750e+05 7.090e+07 4.020e+02 2.960e+04    1e-20    1e-20    1e-20    1e-20 7.88e-19 2.48e-13 3.93e-08 0.000428      1.0
1        2 9.750e+05 7.090e+07 5.440e+02 4.000e+04    1e-20  2.1e-20  7.6e-20 2.47e-19 2.08e-18 9.99e-14 2.14e-08 0.000317      1.0
1        2 9.750e+05 7.090e+07 7.360e+02 5.420e+04    1e-20 3.98e-20 1.44e-19 4.68e-19 1.91e-18 4.04e-14 1.17e-08 0.000234      1.0
1        2 9.750e+05 7.090e+07 9.950e+02 7.330e+04    1e-20    1e-20    1e-20    1e-20    1e-20 1.63e-14  6.4e-09 0.000173      1.0
1        2 9.750e+05 7.090e+07 1.350e+03 9.920e+04    1e-20    1e-20    1e-20    1e-20    1e-20 6.57e-15  3.5e-09 0.000128      1.0
1        2 9.750e+05 7.090e+07 1.820e+03 1.340e+05 2.64e-20 1.06e-19 3.84e-19 1.25e-18 4.08e-18 2.67e-15 1.91e-09 9.45e-05      1.0
1        2 9.750e+05 7.090e+07 2.460e+03 1.820e+05    1e-20    1e-20    1e-20    1e-20    1e-20 1.07e-15 1.04e-09 6.98e-05      1.0
1        2 9.750e+05 7.090e+07 3.330e+03 2.460e+05    1e-20    1e-20    1e-20    1e-20    1e-20 4.31e-16  5.7e-10 5.16e-05      1.0
1        2 9.750e+05 7.090e+07 4.510e+03 3.320e+05    1e-20  1.1e-20    4e-20  1.3e-19 4.24e-19 1.76e-16 3.11e-10 3.82e-05      1.0
1        2 9.750e+05 7.090e+07 6.110e+03 4.500e+05    1e-20    1e-20    1e-20    1e-20    1e-20 6.94e-17  1.7e-10 2.82e-05      1.0
1        2 9.750e+05 7.090e+07 8.260e+03 6.090e+05    1e-20    1e-20    1e-20    1e-20    1e-20 2.85e-17 9.28e-11 2.08e-05      1.0
1        2 9.750e+05 7.090e+07 1.120e+04 8.230e+05    1e-20    1e-20    1e-20    1e-20    1e-20 1.15e-17 5.08e-11 1.54e-05      1.0
1        2 9.750e+05 7.090e+07 1.510e+04 1.110e+06    1e-20    1e-20    1e-20    1e-20    1e-20 4.65e-18 2.77e-11 1.14e-05      1.0
1        2 9.750e+05 7.090e+07 2.050e+04 1.510e+06    1e-20    1e-20    1e-20    1e-20    1e-20 1.88e-18 1.51e-11 8.41e-06      1.0
1        2 9.750e+05 7.090e+07 2.770e+04 2.040e+06    1e-20    1e-20    1e-20    1e-20    1e-20 7.57e-19 8.27e-12 6.22e-06      1.0
1        2 9.750e+05 7.090e+07 3.750e+04 2.760e+06    1e-20    1e-20    1e-20    1e-20    1e-20 3.06e-19 4.52e-12  4.6e-06      1.0
1        2 9.750e+05 7.090e+07 5.070e+04 3.730e+06    1e-20    1e-20    1e-20    1e-20    1e-20 1.24e-19 2.47e-12  3.4e-06      1.0
1        2 9.750e+05 7.090e+07 6.860e+04 5.050e+06    1e-20    1e-20    1e-20    1e-20    1e-20 4.98e-20 1.35e-12 2.51e-06      1.0
1        2 9.750e+05 7.090e+07 9.280e+04 6.840e+06    1e-20    1e-20    1e-20    1e-20    1e-20 2.01e-20 7.36e-13 1.86e-06      1.0
1        2 9.750e+05 7.090e+07 1.260e+05 9.250e+06    1e-20    1e-20    1e-20    1e-20    1e-20    1e-20 4.02e-13 1.37e-06      1.0
1        2 9.750e+05 7.090e+07 1.700e+05 1.250e+07    1e-20    1e-20    1e-20    1e-20    1e-20    1e-20  2.2e-13 1.01e-06      1.0
1        2 9.750e+05 7.090e+07 2.300e+05 1.690e+07    1e-20    1e-20    1e-20    1e-20    1e-20    1e-20  1.2e-13 7.49e-07      1.0
1        2 9.750e+05 7.090e+07 3.110e+05 2.290e+07    1e-20    1e-20    1e-20    1e-20    1e-20    1e-20 6.55e-14 5.54e-07      1.0
1        2 9.750e+05 7.090e+07 4.210e+05 3.100e+07    1e-20    1e-20    1e-20    1e-20    1e-20    1e-20 3.58e-14 4.09e-07      1.0
1        2 9.750e+05 7.090e+07 5.700e+05 4.200e+07    1e-20    1e-20    1e-20    1e-20    1e-20    1e-20 1.95e-14 3.02e-07      1.0
1        2 9.750e+05 7.090e+07 7.710e+05 5.680e+07    1e-20    1e-20    1e-20    1e-20    1e-20    1e-20 1.07e-14 2.23e-07      1.0
1        2 9.750e+05 7.090e+07 1.040e+06 7.680e+07    1e-20    1e-20    1e-20    1e-20    1e-20    1e-20 5.83e-15 1.65e-07      1.0
1        2 9.750e+05 7.090e+07 1.410e+06 1.040e+08    1e-20    1e-20    1e-20    1e-20    1e-20    1e-20 3.19e-15 1.22e-07      1.0
1        2 9.750e+05 7.090e+07 1.910e+06 1.410e+08    1e-20    1e-20    1e-20    1e-20    1e-20    1e-20 1.74e-15 9.02e-08      1.0
1        2 9.750e+05 7.090e+07 2.580e+06 1.900e+08    1e-20    1e-20    1e-20    1e-20    1e-20    1e-20 9.51e-16 6.67e-08      1.0
1        2 9.750e+05 7.090e+07 3.490e+06 2.570e+08    1e-20    1e-20    1e-20    1e-20    1e-20    1e-20 5.19e-16 4.93e-08      1.0
1        2 9.750e+05 7.090e+07 4.730e+06 3.480e+08    1e-20    1e-20    1e-20    1e-20    1e-20    1e-20 2.84e-16 3.64e-08      1.0
