i converge       t_e       t_r        ip        xi      i01      i02      i03      i04      i05      i06      i07      i08      i09      i10      i11      i12      i13      i14      i15      i16      i17      i18      i19      i20      i21      i22      i23      i24      i25      i26      i27
- -------- --------- --------- --------- --------- -------- -------- -------- -------- -------- -------- -------- -------- -------- -------- -------- -------- -------- -------- -------- -------- -------- -------- -------- -------- -------- -------- -------- -------- -------- -------- --------
1        0 5.430e+03 7.090e+07 4.730e-07 3.480e-05    0.357    0.539   0.0986  0.00511 0.000229 2.11e-05  1.9e-06 5.34e-08 3.78e-10 2.07e-11 7.85e-13 1.28e-17  5.9e-20    1e-20    1e-20    1e-20    1e-20    1e-20    1e-20    1e-20    1e-20    1e-20    1e-20    1e-20    1e-20    1e-20    1e-20
1        0 5.660e+03 7.090e+07 6.400e-07 4.710e-05    0.309    0.559    0.123  0.00735 0.000321 2.93e-05 2.41e-06 6.46e-08 4.46e-10 2.43e-11 8.95e-13 1.83e-17 8.32e-20    1e-20    1e-20    1e-20    1e-20    1e-20    1e-20    1e-20    1e-20    1e-20    1e-20    1e-20    1e-20    1e-20    1e-20
1        0 5.880e+03 7.090e+07 8.660e-07 6.380e-05    0.265    0.571    0.153   0.0106 0.000456  4.1e-05 3.07e-06 7.84e-08 5.27e-10 2.87e-11 1.03e-12 2.63e-17 1.18e-19    1e-20    1e-20    1e-20    1e-20    1e-20    1e-20    1e-20    1e-20    1e-20    1e-20    1e-20    1e-20    1e-20    1e-20
1        0 6.100e+03 7.090e+07 1.170e-06 8.630e-05    0.224    0.574    0.187   0.0151 0.000653 5.81e-05  3.9e-06 9.52e-08 6.21e-10 3.42e-11 1.21e-12 3.82e-17 1.69e-19 1.07e-20    1e-20    1e-20    1e-20    1e-20    1e-20    1e-20    1e-20    1e-20    1e-20    1e-20    1e-20    1e-20    1e-20
1        0 6.310e+03 7.090e+07 1.580e-06 1.170e-04    0.186    0.567    0.225   0.0216 0.000949 8.32e-05 4.99e-06 1.16e-07 7.32e-10 4.11e-11 1.45e-12  5.6e-17 2.45e-19 1.55e-20    1e-20    1e-20    1e-20    1e-20    1e-20    1e-20    1e-20    1e-20    1e-20    1e-20    1e-20    1e-20    1e-20
1        0 6.520e+03 7.090e+07 2.140e-06 1.580e-04    0.152    0.549    0.267   0.0306  0.00139  0.00012 6.42e-06 1.42e-07 8.63e-10 5.01e-11  1.8e-12  8.3e-17 3.61e-19 2.29e-20    1e-20    1e-20    1e-20    1e-20    1e-20    1e-20    1e-20    1e-20    1e-20    1e-20    1e-20    1e-20    1e-20
1        0 6.710e+03 7.090e+07 2.900e-06 2.140e-04    0.122    0.521    0.312    0.043  0.00207 0.000176 8.32e-06 1.76e-07 1.02e-09 6.21e-11 2.32e-12 1.25e-16 5.43e-19 3.46e-20    1e-20    1e-20    1e-20    1e-20    1e-20    1e-20    1e-20    1e-20    1e-20    1e-20    1e-20    1e-20    1e-20
1        0 6.890e+03 7.090e+07 3.920e-06 2.890e-04   0.0953    0.484    0.358   0.0598  0.00312  0.00026 1.09e-05 2.19e-07 1.21e-09 7.84e-11 3.14e-12 1.91e-16  8.4e-19 5.37e-20    1e-20    1e-20    1e-20    1e-20    1e-20    1e-20    1e-20    1e-20    1e-20    1e-20    1e-20    1e-20    1e-20
1        0 7.050e+03 7.090e+07 5.310e-06 3.910e-04   0.0724    0.438    0.402   0.0823  0.00473 0.000389 1.45e-05 2.79e-07 1.45e-09 1.01e-10 4.43e-12 2.99e-16 1.35e-18  8.6e-20 1.43e-20    1e-20    1e-20    1e-20    1e-20    1e-20    1e-20    1e-20    1e-20    1e-20    1e-20    1e-20    1e-20
1        0 7.190e+03 7.090e+07 7.190e-06 5.290e-04   0.0531    0.385    0.442    0.112  0.00723  0.00059 1.97e-05 3.62e-07 1.76e-09 1.35e-10 6.55e-12 4.85e-16 2.26e-18 1.43e-19  2.6e-20    1e-20    1e-20    1e-20    1e-20    1e-20    1e-20    1e-20    1e-20    1e-20    1e-20    1e-20    1e-20
1        0 7.320e+03 7.090e+07 9.720e-06 7.160e-04   0.0375    0.328    0.474    0.149   0.0111 0.000903 2.75e-05 4.85e-07 2.21e-09 1.86e-10    1e-11 8.17e-16 3.97e-18 2.47e-19 4.95e-20    1e-20    1e-20    1e-20    1e-20    1e-20    1e-20    1e-20    1e-20    1e-20    1e-20    1e-20    1e-20
1        0 7.430e+03 7.090e+07 1.320e-05 9.690e-04   0.0253    0.269    0.492    0.195    0.017   0.0014 3.98e-05 6.74e-07 2.87e-09 2.64e-10 1.58e-11 1.44e-15 7.32e-18 4.46e-19 9.74e-20    1e-20    1e-20    1e-20    1e-20    1e-20    1e-20    1e-20    1e-20    1e-20    1e-20    1e-20    1e-20
1        0 7.520e+03 7.090e+07 1.780e-05 1.310e-03   0.0162    0.212    0.495    0.248    0.026  0.00218 5.98e-05 9.83e-07 3.94e-09 3.87e-10 2.54e-11 2.68e-15 1.41e-17 8.39e-19 1.97e-19    1e-20    1e-20    1e-20    1e-20    1e-20    1e-20    1e-20    1e-20    1e-20    1e-20    1e-20    1e-20
1        0 7.600e+03 7.090e+07 2.410e-05 1.770e-03  0.00984     0.16     0.48    0.308   0.0394  0.00342 9.41e-05 1.51e-06  5.8e-09 5.88e-10 4.11e-11 5.27e-15 2.85e-17 1.64e-18 4.08e-19    1e-20    1e-20    1e-20    1e-20    1e-20    1e-20    1e-20    1e-20    1e-20    1e-20    1e-20    1e-20
1        0 7.670e+03 7.090e+07 3.260e-05 2.400e-03  0.00563    0.114    0.446     0.37   0.0587  0.00541 0.000155 2.43e-06 9.18e-09 9.23e-10 6.71e-11  1.1e-14 5.97e-17 3.35e-18 8.56e-19    1e-20    1e-20    1e-20    1e-20    1e-20    1e-20    1e-20    1e-20    1e-20    1e-20    1e-20    1e-20
1        0 7.750e+03 7.090e+07 4.410e-05 3.250e-03  0.00304   0.0778    0.397    0.428   0.0859  0.00859 0.000266 4.13e-06 1.57e-08  1.5e-09  1.1e-10 2.41e-14  1.3e-16  7.1e-18 1.82e-18    1e-20    1e-20    1e-20    1e-20    1e-20    1e-20    1e-20    1e-20    1e-20    1e-20    1e-20    1e-20
1        0 7.830e+03 7.090e+07 5.970e-05 4.390e-03  0.00154     0.05    0.336    0.476    0.122   0.0136 0.000476  7.3e-06 2.86e-08 2.54e-09 1.81e-10 5.55e-14 2.91e-16 1.58e-17  3.9e-18    1e-20    1e-20    1e-20    1e-20    1e-20    1e-20    1e-20    1e-20    1e-20    1e-20    1e-20    1e-20
1        0 7.950e+03 7.090e+07 8.070e-05 5.940e-03 0.000738   0.0302     0.27    0.507    0.169   0.0216 0.000874 1.34e-05 5.51e-08 4.49e-09 2.99e-10 1.33e-13 6.78e-16 3.67e-17 8.47e-18 2.06e-20    1e-20    1e-20    1e-20    1e-20    1e-20    1e-20    1e-20    1e-20    1e-20    1e-20    1e-20
1        0 8.110e+03 7.090e+07 1.090e-04 8.040e-03 0.000334   0.0171    0.205    0.515    0.227   0.0341  0.00164 2.52e-05 1.11e-07 8.39e-09 5.03e-10 3.33e-13 1.65e-15 9.12e-17 1.88e-17 6.82e-20    1e-20    1e-20    1e-20    1e-20    1e-20    1e-20    1e-20    1e-20    1e-20    1e-20    1e-20
1        0 8.340e+03 7.090e+07 1.480e-04 1.090e-02 0.000143  0.00899    0.146    0.497    0.291   0.0532  0.00313 4.87e-05 2.32e-07 1.67e-08 8.63e-10 8.63e-13 4.22e-15 2.42e-16 4.25e-17 2.36e-19    1e-20    1e-20    1e-20    1e-20    1e-20    1e-20    1e-20    1e-20    1e-20    1e-20    1e-20
1        0 8.660e+03 7.090e+07 2.000e-04 1.470e-02 5.83e-05  0.00437   0.0976    0.452    0.358   0.0816  0.00599 9.59e-05 4.98e-07 3.54e-08 1.52e-09  2.3e-12 1.13e-14 6.91e-16 9.92e-17 8.45e-19    1e-20    1e-20    1e-20    1e-20    1e-20    1e-20    1e-20    1e-20    1e-20    1e-20    1e-20
1        0 9.080e+03 7.090e+07 2.700e-04 1.990e-02 2.26e-05  0.00195   0.0604    0.386    0.418    0.122   0.0115 0.000192 1.08e-06 7.96e-08 2.76e-09 6.33e-12 3.16e-14 2.11e-15 2.39e-16 3.14e-18 3.25e-20    1e-20    1e-20    1e-20    1e-20    1e-20    1e-20    1e-20    1e-20    1e-20    1e-20
1        0 9.620e+03 7.090e+07 3.660e-04 2.700e-02 8.21e-06 0.000797   0.0345    0.307    0.459    0.176   0.0216 0.000388 2.38e-06 1.87e-07 5.16e-09 1.78e-11 9.21e-14 6.79e-15 5.97e-16  1.2e-17 1.21e-19    1e-20    1e-20    1e-20    1e-20    1e-20    1e-20    1e-20    1e-20    1e-20    1e-20
1        0 1.030e+04 7.090e+07 4.950e-04 3.650e-02 2.76e-06 0.000295   0.0181    0.227    0.471    0.243   0.0398 0.000786 5.23e-06 4.48e-07 9.92e-09 5.07e-11 2.75e-13 2.26e-14 1.53e-15 4.68e-17 4.71e-19    1e-20    1e-20    1e-20    1e-20    1e-20    1e-20    1e-20    1e-20    1e-20    1e-20
1        0 1.110e+04 7.090e+07 6.700e-04 4.930e-02 8.38e-07   0.0001  0.00873    0.154    0.449    0.316     0.07  0.00157 1.13e-05 1.07e-06 1.93e-08 1.44e-10 8.27e-13 7.53e-14 4.01e-15 1.82e-16 1.87e-18    1e-20    1e-20    1e-20    1e-20    1e-20    1e-20    1e-20    1e-20    1e-20    1e-20
1        0 1.190e+04 7.090e+07 9.070e-04 6.680e-02 2.19e-07  3.1e-05  0.00386   0.0965    0.396    0.384    0.117  0.00308 2.39e-05 2.48e-06 3.76e-08 4.01e-10 2.47e-12 2.46e-13 1.06e-14 6.99e-16 7.52e-18 1.58e-20    1e-20    1e-20    1e-20    1e-20    1e-20    1e-20    1e-20    1e-20    1e-20
1        0 1.280e+04 7.090e+07 1.230e-03 9.040e-02 4.79e-08 8.89e-06  0.00158   0.0558    0.322    0.433    0.182  0.00581 4.86e-05 5.51e-06 7.25e-08 1.08e-09 7.14e-12 7.73e-13  2.8e-14  2.6e-15 2.98e-17 6.25e-20    1e-20    1e-20    1e-20    1e-20    1e-20    1e-20    1e-20    1e-20    1e-20
1        0 1.360e+04 7.090e+07 1.660e-03 1.220e-01 9.94e-09 2.37e-06 0.000597   0.0299    0.242    0.453    0.264   0.0105 9.52e-05 1.16e-05 1.38e-07 2.82e-09    2e-11 2.32e-12 7.34e-14  9.3e-15 1.15e-16 2.49e-19    1e-20    1e-20    1e-20    1e-20    1e-20    1e-20    1e-20    1e-20    1e-20
1        0 1.460e+04 7.090e+07 2.250e-03 1.650e-01 5.59e-09 5.87e-07 0.000208   0.0147    0.168    0.441    0.358   0.0181  0.00018 2.36e-05 2.59e-07 7.05e-09 5.48e-11 6.69e-12 1.93e-13 3.21e-14 4.41e-16 1.01e-18    1e-20    1e-20    1e-20    1e-20    1e-20    1e-20    1e-20    1e-20    1e-20
1        0 1.560e+04 7.090e+07 3.040e-03 2.240e-01    7e-09 1.44e-07 6.77e-05  0.00677    0.109      0.4    0.455   0.0299 0.000329 4.57e-05 4.83e-07  1.7e-08 1.46e-10 1.86e-11 5.09e-13 1.07e-13 1.66e-15 4.21e-18    1e-20    1e-20    1e-20    1e-20    1e-20    1e-20    1e-20    1e-20    1e-20
1        0 1.660e+04 7.090e+07 4.110e-03 3.030e-01 7.86e-09 4.21e-08 2.06e-05  0.00291    0.066     0.34    0.543   0.0469 0.000584 8.55e-05 9.08e-07 3.94e-08 3.82e-10 5.01e-11 1.36e-12 3.46e-13 6.22e-15  1.8e-17 3.68e-20    1e-20    1e-20    1e-20    1e-20    1e-20    1e-20    1e-20    1e-20
1        0 1.770e+04 7.090e+07 5.560e-03 4.100e-01 7.51e-09 1.91e-08 5.94e-06  0.00119   0.0378    0.274    0.615   0.0705  0.00101 0.000156 1.74e-06 8.93e-08 9.92e-10 1.33e-10 3.75e-12 1.09e-12 2.34e-14 7.92e-17 2.01e-19    1e-20    1e-20    1e-20    1e-20    1e-20    1e-20    1e-20    1e-20
1        0 1.880e+04 7.090e+07 7.530e-03 5.540e-01  6.4e-09 1.26e-08 1.64e-06 0.000459   0.0206     0.21    0.665    0.102  0.00173  0.00028 3.45e-06 1.99e-07 2.58e-09 3.47e-10 1.07e-11 3.42e-12 8.92e-14 3.64e-16 1.13e-18    1e-20    1e-20    1e-20    1e-20    1e-20    1e-20    1e-20    1e-20
1        0 2.000e+04 7.090e+07 1.020e-02 7.500e-01 5.05e-09 9.36e-09 4.37e-07  0.00017   0.0107    0.154    0.689    0.142  0.00292 0.000497  7.1e-06  4.4e-07 6.83e-09 9.08e-10 3.21e-11 1.07e-11  3.5e-13 1.76e-15  6.6e-18    1e-20    1e-20    1e-20    1e-20    1e-20    1e-20    1e-20    1e-20
1        0 2.140e+04 7.090e+07 1.380e-02 1.020e+00 3.73e-09 6.86e-09 1.15e-07 5.98e-05  0.00536    0.109    0.689    0.191   0.0049 0.000882 1.53e-05 9.84e-07 1.86e-08 2.41e-09 1.01e-10 3.43e-11 1.44e-12 9.08e-15 4.13e-17 5.17e-20    1e-20    1e-20    1e-20    1e-20    1e-20    1e-20    1e-20
1        0 2.300e+04 7.090e+07 1.860e-02 1.370e+00 2.61e-09 4.83e-09  3.2e-08 2.01e-05  0.00256   0.0739    0.664    0.249  0.00819  0.00157 3.44e-05 2.24e-06 5.27e-08 6.57e-09 3.34e-10 1.13e-10 6.24e-12 5.02e-14 2.79e-16 4.31e-19    1e-20    1e-20    1e-20    1e-20    1e-20    1e-20    1e-20
1        0 2.490e+04 7.090e+07 2.520e-02 1.860e+00 1.75e-09 3.29e-09 1.04e-08 6.44e-06  0.00117   0.0481     0.62    0.315   0.0136   0.0028    8e-05 5.28e-06 1.57e-07 1.86e-08 1.17e-09 3.89e-10 2.87e-11 3.01e-13 2.07e-15 3.98e-18 1.18e-20    1e-20    1e-20    1e-20    1e-20    1e-20    1e-20
1        0 2.720e+04 7.090e+07 3.410e-02 2.510e+00 1.16e-09 2.22e-09 4.45e-09 1.94e-06 0.000505     0.03    0.558    0.384   0.0225  0.00507 0.000192  1.3e-05 4.95e-07 5.56e-08 4.32e-09 1.43e-09 1.43e-10 1.98e-12 1.71e-14 4.15e-17  1.4e-19    1e-20    1e-20    1e-20    1e-20    1e-20    1e-20
1        0 3.020e+04 7.090e+07 4.620e-02 3.400e+00 7.97e-10 1.57e-09 2.57e-09 5.53e-07 0.000207   0.0179    0.484    0.451   0.0368  0.00928 0.000476  3.4e-05 1.67e-06  1.8e-07 1.71e-08  5.7e-09  7.7e-10 1.45e-11 1.61e-13 4.98e-16 1.94e-18    1e-20    1e-20    1e-20    1e-20    1e-20    1e-20
1        0 3.410e+04 7.090e+07 6.250e-02 4.600e+00 6.56e-10 1.34e-09 2.05e-09 1.48e-07 7.93e-05   0.0101    0.403    0.509   0.0595   0.0173  0.00121  9.5e-05 6.06e-06 6.45e-07 7.38e-08 2.54e-08 4.61e-09 1.21e-10 1.77e-12 7.12e-15 3.21e-17 8.86e-20    1e-20    1e-20    1e-20    1e-20    1e-20
1        0 3.900e+04 7.090e+07 8.460e-02 6.230e+00 7.32e-10 1.55e-09 2.35e-09 4.12e-08 2.84e-05  0.00536    0.319    0.546   0.0937   0.0324  0.00313 0.000281 2.34e-05 2.57e-06 3.45e-07 1.27e-07 3.04e-08 1.13e-09 2.25e-11  1.2e-13 6.33e-16 2.38e-18 2.31e-20    1e-20    1e-20    1e-20    1e-20
1        0 4.530e+04 7.090e+07 1.140e-01 8.430e+00 1.04e-09 2.28e-09 3.47e-09 1.72e-08 9.39e-06  0.00265    0.237     0.55    0.142   0.0603  0.00811 0.000872 9.46e-05 1.14e-05 1.76e-06 7.13e-07 2.22e-07  1.2e-08 3.32e-10 2.42e-12 1.51e-14 7.85e-17 8.36e-19    1e-20    1e-20    1e-20    1e-20
1        0 5.280e+04 7.090e+07 1.550e-01 1.140e+01 1.59e-09 3.54e-09 5.46e-09  1.6e-08 2.95e-06  0.00123    0.161    0.509    0.198    0.107   0.0201   0.0027  0.00038 5.28e-05 9.32e-06 4.27e-06  1.7e-06 1.34e-07 5.26e-09 5.36e-11 4.05e-13 2.86e-15 3.43e-17 3.08e-19 1.23e-20    1e-20    1e-20
1        0 6.190e+04 7.090e+07 2.090e-01 1.540e+01 2.29e-09 5.08e-09 7.93e-09 2.08e-08 9.42e-07 0.000553   0.0977    0.421    0.249    0.176   0.0462  0.00804  0.00147 0.000246 4.99e-05 2.59e-05 1.33e-05 1.54e-06 8.72e-08 1.27e-09 1.19e-11 1.13e-13 1.56e-15 1.79e-17 8.49e-19    1e-20    1e-20
1        0 7.290e+04 7.090e+07 2.830e-01 2.090e+01 2.75e-09 6.01e-09 9.47e-09 2.45e-08 3.59e-07 0.000251   0.0512    0.301    0.269    0.255   0.0944    0.022  0.00525   0.0011 0.000259 0.000151 0.000103 1.75e-05 1.44e-06 3.05e-08 3.65e-10 4.64e-12  7.6e-14  1.1e-15 6.29e-17 3.45e-20    1e-20
1        0 8.630e+04 7.090e+07 3.830e-01 2.820e+01 2.35e-09 4.97e-09 7.89e-09 2.04e-08 1.71e-07 0.000115   0.0225    0.181    0.244    0.312    0.164   0.0527   0.0166   0.0044  0.00123 0.000787 0.000732 0.000185 2.23e-05    7e-07 1.11e-08 1.86e-10 3.71e-12 6.75e-14 4.71e-15 3.89e-18    1e-20
1        0 1.000e+05 7.090e+07 5.190e-01 3.820e+01 7.44e-10  1.5e-09 2.37e-09 6.19e-09 6.72e-08 4.67e-05  0.00835   0.0915     0.18    0.312    0.232    0.103    0.043   0.0146  0.00492  0.00345  0.00438  0.00163 0.000287 1.32e-05 2.86e-07 6.24e-09 1.54e-10  3.5e-12 2.97e-13 3.65e-16 1.72e-19
1        0 1.150e+05 7.090e+07 7.020e-01 5.170e+01    1e-20    1e-20    1e-20    1e-20    1e-20 1.47e-05  0.00251   0.0373    0.105    0.247    0.257     0.16   0.0884   0.0388   0.0159   0.0123   0.0212   0.0116  0.00296 0.000201 6.03e-06 1.71e-07 5.28e-09 1.51e-10 1.55e-11 2.81e-14 1.95e-17
1        0 1.220e+05 7.090e+07 9.500e-01 7.000e+01    1e-20    1e-20    1e-20    1e-20    1e-20 2.96e-06 0.000601    0.012   0.0468    0.147     0.21    0.176    0.127   0.0709   0.0355   0.0321    0.069   0.0528   0.0189   0.0018 7.31e-05 2.64e-06 1.02e-07 3.56e-09 4.33e-10 1.11e-12 1.08e-15
1        0 1.290e+05 7.090e+07 1.290e+00 9.470e+01    1e-20    1e-20    1e-20    1e-20    1e-20 3.31e-07 9.09e-05  0.00245   0.0131   0.0554    0.108    0.122    0.116   0.0831   0.0516   0.0549    0.147    0.157   0.0785   0.0104 0.000578 2.68e-05  1.3e-06 5.63e-08 8.03e-09 2.88e-11 3.95e-14
1        0 1.430e+05 7.090e+07 1.740e+00 1.280e+02    1e-20    1e-20    1e-20    1e-20    1e-20 1.55e-08 6.96e-06  0.00025  0.00184   0.0105   0.0282   0.0445   0.0574   0.0542   0.0424   0.0527    0.183    0.282    0.201   0.0386  0.00305  0.00019 1.18e-05 6.48e-07  1.1e-07 5.71e-10 1.13e-12
1        0 1.840e+05 7.090e+07 2.350e+00 1.730e+02 7.37e-11 1.12e-10 1.71e-10 4.41e-10 9.73e-10 2.96e-09 2.27e-07 9.93e-06   0.0001 0.000751  0.00289  0.00677   0.0129    0.017   0.0175    0.025    0.128    0.313    0.352    0.108   0.0141  0.00133 0.000114 8.45e-06 1.82e-06  1.5e-08  4.7e-11
1        1 2.650e+05 7.090e+07 3.180e+00 2.340e+02 2.83e-11 4.22e-11 6.34e-11 1.63e-10 3.65e-10 7.72e-10 5.47e-09 1.91e-07 2.46e-06 2.35e-05  0.00013 0.000462  0.00136  0.00267  0.00392  0.00706   0.0557    0.227    0.416    0.223   0.0532   0.0083  0.00106 0.000115 3.31e-05  4.7e-07 2.51e-09
1        0 3.110e+05 7.090e+07 4.310e+00 3.170e+02 6.48e-12  9.3e-12 1.39e-11 3.55e-11 7.93e-11 1.64e-10  4.8e-10 5.71e-09 8.33e-08 1.06e-06 8.16e-06  4.1e-05 0.000174  0.00048 0.000984  0.00234   0.0241    0.143     0.38    0.305    0.112   0.0256   0.0046 0.000683 0.000245 5.23e-06 4.18e-08
1        1 3.220e+05 7.090e+07 5.830e+00 4.290e+02  1.5e-12 2.07e-12 3.08e-12 7.88e-12 1.75e-11 3.61e-11 9.12e-11 3.85e-10 3.88e-09 6.38e-08 6.68e-07 4.57e-06 2.63e-05 9.83e-05 0.000269 0.000828   0.0105   0.0856     0.31    0.345    0.176   0.0548   0.0132  0.00256   0.0011 3.24e-05 3.59e-07
1        0 2.450e+05 7.090e+07 7.880e+00 5.810e+02 7.32e-13 9.73e-13 1.46e-12 3.72e-12 8.16e-12 1.68e-11 4.13e-11 1.23e-10 6.51e-10 1.34e-08 1.77e-07 1.49e-06 1.01e-05 4.45e-05 0.000141 0.000519  0.00672   0.0651    0.285    0.356    0.194   0.0676   0.0189  0.00415  0.00187 6.24e-05 7.85e-07
1        0 2.820e+05 7.090e+07 1.070e+01 7.860e+02 8.74e-14 1.14e-13  1.7e-13 4.34e-13 9.53e-13 1.96e-12 4.79e-12 1.26e-11 2.29e-11 3.95e-10 7.06e-09 8.34e-08 8.08e-07 5.06e-06 2.26e-05 0.000112  0.00194   0.0273    0.172    0.319    0.264    0.135   0.0538   0.0166  0.00953 0.000471 8.76e-06
1        0 3.190e+05 7.090e+07 1.440e+01 1.060e+03  7.9e-15 1.02e-14 1.51e-14 3.86e-14 8.45e-14 1.74e-13 4.24e-13 1.09e-12 1.16e-12 9.72e-12 2.17e-10 3.59e-09 4.98e-08 4.44e-07 2.81e-06 1.92e-05  0.00045  0.00907   0.0811    0.222    0.274    0.206    0.116   0.0506   0.0379  0.00276 7.52e-05
1        0 3.630e+05 7.090e+07 1.950e+01 1.440e+03 4.92e-16 6.25e-16  9.3e-16 2.37e-15 5.19e-15 1.06e-14 2.58e-14 6.61e-14 6.02e-14 2.06e-13 4.52e-12 1.05e-10 2.09e-09 2.69e-08 2.46e-07 2.36e-06  7.6e-05  0.00218   0.0276    0.111    0.207    0.227    0.184    0.115    0.114   0.0123 0.000491
1        0 4.300e+05 7.090e+07 2.640e+01 1.950e+03 1.33e-17 1.68e-17 2.49e-17 6.34e-17 1.39e-16 2.84e-16 6.92e-16 2.05e-15 1.85e-15 3.45e-15 4.65e-14 1.49e-12 4.44e-11 8.53e-10 1.17e-08 1.66e-07 7.68e-06 0.000318  0.00574    0.035    0.101    0.167      0.2    0.186     0.26   0.0422  0.00255
1        0 5.840e+05 7.090e+07 3.580e+01 2.630e+03    1e-20    1e-20    1e-20    1e-20    1e-20    1e-20    1e-20    1e-20    1e-20 8.03e-17 1.23e-16 4.23e-15 2.11e-13 6.85e-12 1.62e-10 3.85e-09 2.82e-07 1.75e-05 0.000476  0.00481   0.0242   0.0662     0.13    0.203    0.441    0.119   0.0119
1        1 9.750e+05 7.090e+07 4.840e+01 3.570e+03 1.39e-18 1.73e-18 2.56e-18 6.48e-18 1.41e-17 2.89e-17 6.97e-17 2.66e-17    1e-20 5.02e-17    1e-20    1e-20 1.41e-16 7.25e-15 3.84e-13 1.95e-11 2.15e-09 2.03e-07    9e-06 0.000175  0.00182  0.00995   0.0388    0.127    0.508    0.264   0.0497
1        2 9.750e+05 7.090e+07 6.550e+01 4.820e+03    1e-20    1e-20    1e-20    1e-20    1e-20    1e-20    1e-20    1e-20 4.52e-17    1e-20    1e-20    1e-20    1e-20 2.74e-16  1.8e-14 1.23e-12 1.82e-10 2.33e-08 1.39e-06 3.66e-05 0.000514   0.0038     0.02   0.0886    0.471    0.331   0.0844
1        2 9.750e+05 7.090e+07 8.860e+01 6.530e+03    1e-20    1e-20    1e-20    1e-20    1e-20    1e-20    1e-20    1e-20    1e-20 1.57e-17 1.53e-17    1e-20    1e-20    1e-20  7.6e-16 7.22e-14 1.43e-11 2.47e-09    2e-07  7.1e-06 0.000135  0.00135  0.00962   0.0575    0.409    0.389    0.134
1        2 9.750e+05 7.090e+07 1.200e+02 8.830e+03    1e-20    1e-20    1e-20    1e-20    1e-20    1e-20    1e-20    1e-20  1.1e-17 8.53e-17    1e-20 2.54e-17    1e-20 3.69e-17    1e-20 3.97e-15 1.05e-12 2.45e-10 2.69e-08 1.29e-06 3.32e-05  0.00045  0.00433   0.0349    0.333    0.428      0.2
1        2 9.750e+05 7.090e+07 1.620e+02 1.190e+04 5.07e-19 6.22e-19 9.26e-19 2.35e-18 5.11e-18 1.05e-17 2.53e-17 6.48e-17 5.64e-17 1.15e-17 1.67e-17    1e-20    1e-20    1e-20    1e-20 1.34e-16  7.2e-14 2.28e-11 3.38e-09  2.2e-07 7.65e-06  0.00014  0.00182   0.0199    0.255    0.443     0.28
1        2 9.750e+05 7.090e+07 2.190e+02 1.620e+04    1e-20    1e-20    1e-20    1e-20    1e-20    1e-20    1e-20    1e-20    1e-20    1e-20 9.88e-17 5.56e-17 4.09e-17 6.05e-17 6.58e-17    1e-20 4.67e-15    2e-12 4.01e-10 3.53e-08 1.66e-06 4.12e-05 0.000724   0.0107    0.184    0.434     0.37
1        2 9.750e+05 7.090e+07 2.970e+02 2.190e+04    1e-20    1e-20    1e-20    1e-20    1e-20    1e-20    1e-20    1e-20    1e-20    1e-20 3.65e-17 2.74e-17    1e-20 5.97e-17    1e-20 7.37e-17 2.64e-16 1.66e-13 4.51e-11 5.36e-09 3.42e-07 1.15e-05 0.000273  0.00543    0.126    0.403    0.465
1        2 9.750e+05 7.090e+07 4.020e+02 2.960e+04    1e-20    1e-20    1e-20    1e-20    1e-20    1e-20    1e-20    1e-20    1e-20    1e-20    1e-20 4.05e-17    1e-20 4.41e-17    1e-20    1e-20    1e-20 1.31e-14 4.83e-12 7.77e-10 6.69e-08 3.04e-06 9.78e-05  0.00264   0.0828    0.357    0.558
1        2 9.750e+05 7.090e+07 5.440e+02 4.000e+04    1e-20    1e-20    1e-20    1e-20    1e-20    1e-20    1e-20    1e-20    1e-20    1e-20    1e-20    1e-20 6.61e-17    1e-20    1e-20    1e-20    1e-20 9.69e-16 4.96e-13 1.08e-10 1.26e-08 7.74e-07 3.37e-05  0.00123   0.0521    0.304    0.643
1        2 9.750e+05 7.090e+07 7.360e+02 5.420e+04 7.57e-20 9.24e-20 1.38e-19  3.5e-19 7.61e-19 1.56e-18 3.76e-18 9.65e-18 8.37e-18 1.21e-17 1.66e-17 2.43e-17 3.33e-17    1e-20 3.93e-17    1e-20  7.1e-17    1e-20 4.93e-14 1.45e-11 2.29e-09 1.91e-07 1.12e-05 0.000554   0.0318    0.251    0.717
1        2 9.750e+05 7.090e+07 9.950e+02 7.330e+04    1e-20    1e-20    1e-20    1e-20    1e-20    1e-20    1e-20    1e-20    1e-20    1e-20    1e-20    1e-20    1e-20    1e-20 5.81e-17    1e-20  3.5e-17    1e-20  4.8e-15 1.91e-12 4.08e-10 4.58e-08 3.65e-06 0.000244   0.0189    0.201     0.78
1        2 9.750e+05 7.090e+07 1.350e+03 9.920e+04    1e-20    1e-20    1e-20    1e-20    1e-20    1e-20    1e-20    1e-20    1e-20    1e-20    1e-20    1e-20    1e-20    1e-20    1e-20    1e-20    1e-20  3.4e-17 4.81e-16 2.45e-13 7.08e-11 1.08e-08 1.16e-06 0.000105    0.011    0.158     0.83
1        2 9.750e+05 7.090e+07 1.820e+03 1.340e+05 3.63e-20 4.43e-20  6.6e-20 1.68e-19 3.64e-19 7.46e-19  1.8e-18 4.62e-18    4e-18 5.77e-18 7.96e-18 1.16e-17  1.6e-17 2.25e-17 3.53e-17    1e-20    1e-20 1.01e-16 3.23e-17  3.1e-14 1.21e-11 2.49e-09 3.64e-07 4.44e-05  0.00628    0.123    0.871
1        2 9.750e+05 7.090e+07 2.460e+03 1.820e+05    1e-20    1e-20    1e-20    1e-20    1e-20    1e-20    1e-20    1e-20    1e-20    1e-20    1e-20    1e-20    1e-20    1e-20    1e-20    1e-20    1e-20 3.72e-17 4.78e-17 3.83e-15 2.05e-12  5.7e-10 1.13e-07 1.86e-05  0.00356   0.0941    0.902
1        2 9.750e+05 7.090e+07 3.330e+03 2.460e+05    1e-20    1e-20    1e-20    1e-20    1e-20    1e-20    1e-20    1e-20    1e-20    1e-20    1e-20    1e-20    1e-20    1e-20    1e-20    1e-20    1e-20  5.5e-17    1e-20 4.99e-16 3.43e-13 1.29e-10 3.45e-08 7.71e-06    0.002   0.0714    0.927
1        2 9.750e+05 7.090e+07 4.510e+03 3.320e+05    1e-20    1e-20    1e-20    1e-20    1e-20    1e-20    1e-20    1e-20    1e-20    1e-20    1e-20    1e-20    1e-20    1e-20    1e-20    1e-20    1e-20 4.06e-17 5.22e-17  4.1e-17  5.7e-14 2.91e-11 1.05e-08 3.18e-06  0.00111   0.0538    0.945
1        2 9.750e+05 7.090e+07 6.110e+03 4.500e+05    1e-20    1e-20    1e-20    1e-20    1e-20    1e-20    1e-20    1e-20    1e-20    1e-20    1e-20    1e-20    1e-20    1e-20    1e-20    1e-20    1e-20    1e-20    1e-20    1e-20 9.41e-15 6.49e-12 3.18e-09  1.3e-06 0.000616   0.0403    0.959
1        2 9.750e+05 7.090e+07 8.260e+03 6.090e+05 1.53e-20 1.86e-20 2.78e-20 7.06e-20 1.53e-19 3.14e-19 7.59e-19 1.95e-18 1.69e-18 2.43e-18 3.35e-18 4.89e-18 6.72e-18 9.47e-18 1.49e-17  6.7e-17 4.73e-17  6.1e-17 2.85e-17    1e-20  1.5e-15 1.45e-12 9.58e-10 5.31e-07  0.00034   0.0301     0.97
1        2 9.750e+05 7.090e+07 1.120e+04 8.230e+05    1e-20    1e-20    1e-20    1e-20    1e-20    1e-20    1e-20    1e-20    1e-20    1e-20    1e-20    1e-20    1e-20    1e-20    1e-20    1e-20    1e-20    1e-20    1e-20    1e-20 2.88e-16 3.23e-13 2.89e-10 2.16e-07 0.000187   0.0225    0.977
1        2 9.750e+05 7.090e+07 1.510e+04 1.110e+06    1e-20    1e-20    1e-20 1.84e-20    4e-20  8.2e-20 1.98e-19 5.08e-19  4.4e-19 6.34e-19 8.74e-19 1.28e-18 1.75e-18 2.47e-18 3.88e-18 1.75e-17 1.23e-17 1.59e-17 1.99e-17 3.31e-17 3.55e-17 7.15e-14 8.67e-11 8.78e-08 0.000103   0.0167    0.983
1        2 9.750e+05 7.090e+07 2.050e+04 1.510e+06    1e-20    1e-20    1e-20    1e-20    1e-20    1e-20    1e-20    1e-20    1e-20    1e-20    1e-20    1e-20    1e-20    1e-20    1e-20    1e-20    1e-20    1e-20    1e-20    1e-20    1e-20 1.58e-14  2.6e-11 3.56e-08 5.65e-05   0.0124    0.988
1        2 9.750e+05 7.090e+07 2.770e+04 2.040e+06    1e-20    1e-20    1e-20    1e-20    1e-20    1e-20    1e-20    1e-20    1e-20    1e-20    1e-20    1e-20    1e-20    1e-20    1e-20    1e-20    1e-20    1e-20    1e-20    1e-20    1e-20 3.47e-15 7.77e-12 1.44e-08  3.1e-05   0.0092    0.991
1        2 9.750e+05 7.090e+07 3.750e+04 2.760e+06    1e-20    1e-20    1e-20    1e-20    1e-20 1.03e-20 2.49e-20 6.39e-20 5.53e-20 7.98e-20  1.1e-19 1.61e-19 2.21e-19 3.11e-19 4.88e-19  2.2e-18 1.55e-18    2e-18 2.51e-18 4.17e-18 6.25e-18 7.84e-16 2.32e-12 5.83e-09  1.7e-05  0.00681    0.993
1        2 9.750e+05 7.090e+07 5.070e+04 3.730e+06    1e-20    1e-20    1e-20    1e-20    1e-20    1e-20 1.56e-20 4.01e-20 3.47e-20 5.01e-20 6.91e-20 1.01e-19 1.39e-19 1.95e-19 3.07e-19 1.38e-18 9.75e-19 1.26e-18 1.57e-18 2.62e-18 3.84e-18 1.77e-16 6.96e-13 2.36e-09 9.28e-06  0.00505    0.995
1        2 9.750e+05 7.090e+07 6.860e+04 5.050e+06    1e-20    1e-20    1e-20    1e-20    1e-20    1e-20    1e-20    1e-20    1e-20    1e-20    1e-20    1e-20    1e-20    1e-20    1e-20    1e-20    1e-20    1e-20    1e-20    1e-20    1e-20  2.4e-17 2.07e-13 9.54e-10 5.07e-06  0.00373    0.996
1        2 9.750e+05 7.090e+07 9.280e+04 6.840e+06    1e-20    1e-20    1e-20    1e-20    1e-20    1e-20    1e-20    1e-20    1e-20    1e-20    1e-20    1e-20    1e-20    1e-20    1e-20    1e-20    1e-20    1e-20    1e-20    1e-20    1e-20 5.58e-18  6.2e-14 3.86e-10 2.77e-06  0.00276    0.997
1        2 9.750e+05 7.090e+07 1.260e+05 9.250e+06    1e-20    1e-20    1e-20    1e-20    1e-20    1e-20    1e-20    1e-20    1e-20    1e-20    1e-20    1e-20    1e-20    1e-20    1e-20    1e-20    1e-20    1e-20    1e-20    1e-20    1e-20  1.8e-18 1.85e-14 1.56e-10 1.52e-06  0.00204    0.998
1        2 9.750e+05 7.090e+07 1.700e+05 1.250e+07    1e-20    1e-20    1e-20    1e-20    1e-20    1e-20    1e-20 1.39e-20 1.21e-20 1.74e-20  2.4e-20  3.5e-20 4.81e-20 6.78e-20 1.06e-19 4.79e-19 3.38e-19 4.36e-19 5.46e-19 9.08e-19 1.32e-18 2.36e-18 5.53e-15 6.29e-11 8.29e-07  0.00151    0.998
1        2 9.750e+05 7.090e+07 2.300e+05 1.690e+07    1e-20    1e-20    1e-20    1e-20    1e-20    1e-20    1e-20    1e-20    1e-20    1e-20  1.3e-20  1.9e-20 2.61e-20 3.68e-20 5.78e-20 2.61e-19 1.84e-19 2.37e-19 2.97e-19 4.94e-19 7.18e-19 1.15e-18 1.65e-15 2.54e-11 4.53e-07  0.00112    0.999
1        2 9.750e+05 7.090e+07 3.110e+05 2.290e+07    1e-20    1e-20    1e-20    1e-20    1e-20    1e-20    1e-20    1e-20    1e-20    1e-20    1e-20    1e-20    1e-20    1e-20    1e-20    1e-20    1e-20    1e-20    1e-20    1e-20    1e-20    1e-20 4.91e-16 1.03e-11 2.47e-07 0.000826    0.999
1        2 9.750e+05 7.090e+07 4.210e+05 3.100e+07    1e-20    1e-20    1e-20    1e-20    1e-20    1e-20    1e-20    1e-20    1e-20    1e-20    1e-20    1e-20 1.14e-20  1.6e-20 2.51e-20 1.13e-19 7.99e-20 1.03e-19 1.29e-19 2.15e-19 3.12e-19 4.67e-19 1.48e-16 4.14e-12 1.35e-07  0.00061    0.999
1        2 9.750e+05 7.090e+07 5.700e+05 4.200e+07    1e-20    1e-20    1e-20    1e-20    1e-20    1e-20    1e-20    1e-20    1e-20    1e-20    1e-20    1e-20    1e-20    1e-20 1.22e-20  5.5e-20 3.88e-20 5.01e-20 6.26e-20 1.04e-19 1.52e-19 2.26e-19 4.41e-17 1.67e-12 7.38e-08 0.000451      1.0
1        2 9.750e+05 7.090e+07 7.710e+05 5.680e+07    1e-20    1e-20    1e-20    1e-20    1e-20    1e-20    1e-20    1e-20    1e-20    1e-20  1.1e-20 1.61e-20 2.21e-20 3.12e-20  4.9e-20 2.21e-19 1.56e-19 2.01e-19 2.51e-19 4.18e-19 6.08e-19 9.01e-19 1.46e-17 6.75e-13 4.03e-08 0.000333      1.0
1        2 9.750e+05 7.090e+07 1.040e+06 7.680e+07    1e-20    1e-20    1e-20    1e-20    1e-20    1e-20    1e-20    1e-20    1e-20    1e-20    1e-20    1e-20    1e-20    1e-20    1e-20    1e-20    1e-20    1e-20    1e-20    1e-20    1e-20    1e-20 3.91e-18 2.73e-13  2.2e-08 0.000246      1.0
1        2 9.750e+05 7.090e+07 1.410e+06 1.040e+08    1e-20    1e-20    1e-20    1e-20    1e-20    1e-20    1e-20    1e-20    1e-20    1e-20    1e-20    1e-20    1e-20    1e-20    1e-20    1e-20    1e-20    1e-20    1e-20    1e-20    1e-20    1e-20 1.16e-18  1.1e-13  1.2e-08 0.000182      1.0
1        2 9.750e+05 7.090e+07 1.910e+06 1.410e+08    1e-20    1e-20    1e-20    1e-20    1e-20    1e-20    1e-20    1e-20    1e-20    1e-20    1e-20    1e-20    1e-20    1e-20    1e-20    1e-20    1e-20    1e-20    1e-20    1e-20    1e-20    1e-20 3.48e-19 4.44e-14 6.58e-09 0.000135      1.0
1        2 9.750e+05 7.090e+07 2.580e+06 1.900e+08    1e-20    1e-20    1e-20    1e-20    1e-20    1e-20    1e-20    1e-20    1e-20    1e-20    1e-20    1e-20    1e-20    1e-20    1e-20    1e-20    1e-20    1e-20    1e-20    1e-20    1e-20    1e-20 1.03e-19 1.79e-14 3.59e-09 9.95e-05      1.0
1        2 9.750e+05 7.090e+07 3.490e+06 2.570e+08    1e-20    1e-20    1e-20    1e-20    1e-20    1e-20    1e-20    1e-20    1e-20    1e-20    1e-20    1e-20    1e-20    1e-20    1e-20    1e-20    1e-20    1e-20    1e-20    1e-20    1e-20    1e-20 3.07e-20 7.24e-15 1.96e-09 7.35e-05      1.0
1        2 9.750e+05 7.090e+07 4.730e+06 3.480e+08    1e-20    1e-20    1e-20    1e-20    1e-20    1e-20    1e-20    1e-20    1e-20    1e-20    1e-20    1e-20    1e-20    1e-20    1e-20    1e-20    1e-20    1e-20    1e-20    1e-20    1e-20    1e-20    1e-20 2.92e-15 1.07e-09 5.44e-05      1.0
