i converge       t_e       t_r        ip        xi      i01      i02     i03
- -------- --------- --------- --------- --------- -------- -------- -------
1        3 7.650e+03 7.090e+07 4.730e-07 3.480e-05    0.701    0.298 0.00102
1        3 7.650e+03 7.090e+07 6.410e-07 4.710e-05    0.667    0.332 0.00133
1        3 7.650e+03 7.090e+07 8.670e-07 6.370e-05    0.627    0.371 0.00178
1        3 7.650e+03 7.090e+07 1.170e-06 8.620e-05    0.585    0.413 0.00236
1        3 7.650e+03 7.090e+07 1.590e-06 1.170e-04     0.54    0.457 0.00313
1        3 7.650e+03 7.090e+07 2.150e-06 1.580e-04    0.494    0.502 0.00413
1        3 7.650e+03 7.090e+07 2.900e-06 2.140e-04    0.447    0.547 0.00544
1        3 7.650e+03 7.090e+07 3.930e-06 2.890e-04      0.4    0.593 0.00716
1        3 7.650e+03 7.090e+07 5.320e-06 3.910e-04    0.353    0.638  0.0094
1        3 7.650e+03 7.090e+07 7.200e-06 5.290e-04    0.307    0.681  0.0123
1        3 7.650e+03 7.090e+07 9.740e-06 7.160e-04    0.263    0.721  0.0162
1        3 7.650e+03 7.090e+07 1.320e-05 9.690e-04    0.225    0.754  0.0209
1        3 7.650e+03 7.090e+07 1.780e-05 1.310e-03    0.187    0.786  0.0274
1        3 7.650e+03 7.090e+07 2.410e-05 1.770e-03    0.152    0.812   0.036
1        3 7.650e+03 7.090e+07 3.260e-05 2.400e-03    0.122     0.83  0.0472
1        3 7.650e+03 7.090e+07 4.420e-05 3.250e-03   0.0967    0.841  0.0619
1        1 8.610e+03 7.090e+07 5.970e-05 4.390e-03   0.0702    0.845  0.0849
1        3 1.040e+04 7.090e+07 8.080e-05 5.940e-03   0.0471    0.831   0.122
1        3 1.040e+04 7.090e+07 1.090e-04 8.040e-03   0.0352    0.809   0.155
1        3 1.040e+04 7.090e+07 1.480e-04 1.090e-02   0.0253    0.776   0.199
1        3 1.040e+04 7.090e+07 2.000e-04 1.470e-02   0.0181    0.732    0.25
1        3 1.040e+04 7.090e+07 2.710e-04 1.990e-02   0.0124    0.675   0.312
1        3 1.040e+04 7.090e+07 3.670e-04 2.700e-02  0.00837     0.61   0.382
1        3 1.040e+04 7.090e+07 4.960e-04 3.650e-02  0.00551    0.539   0.456
1        3 1.040e+04 7.090e+07 6.710e-04 4.930e-02  0.00366    0.469   0.527
1        3 1.040e+04 7.090e+07 9.080e-04 6.680e-02  0.00232    0.397   0.601
1        3 1.040e+04 7.090e+07 1.230e-03 9.030e-02  0.00144    0.329    0.67
1        3 1.040e+04 7.090e+07 1.660e-03 1.220e-01 0.000878    0.267   0.733
1        3 1.040e+04 7.090e+07 2.250e-03 1.650e-01 0.000539    0.215   0.784
1        3 1.040e+04 7.090e+07 3.040e-03 2.240e-01 0.000317    0.169   0.831
1        3 1.040e+04 7.090e+07 4.120e-03 3.030e-01 0.000184    0.131   0.869
1        3 1.040e+04 7.090e+07 5.570e-03 4.100e-01 0.000105      0.1   0.899
1        3 1.040e+04 7.090e+07 7.540e-03 5.540e-01 5.94e-05   0.0764   0.924
1        3 1.040e+04 7.090e+07 1.020e-02 7.500e-01 3.34e-05   0.0577   0.942
1        3 1.040e+04 7.090e+07 1.380e-02 1.010e+00 1.86e-05   0.0433   0.957
1        3 1.040e+04 7.090e+07 1.870e-02 1.370e+00 1.03e-05   0.0324   0.968
1        3 1.040e+04 7.090e+07 2.530e-02 1.860e+00 5.71e-06   0.0242   0.976
1        3 1.040e+04 7.090e+07 3.420e-02 2.510e+00 3.14e-06    0.018   0.982
1        3 1.040e+04 7.090e+07 4.630e-02 3.400e+00 1.73e-06   0.0134   0.987
1        3 1.040e+04 7.090e+07 6.260e-02 4.600e+00 9.49e-07  0.00992    0.99
1        3 1.040e+04 7.090e+07 8.470e-02 6.230e+00  5.2e-07  0.00736   0.993
1        3 1.040e+04 7.090e+07 1.150e-01 8.430e+00 2.85e-07  0.00545   0.995
1        3 1.040e+04 7.090e+07 1.550e-01 1.140e+01 1.56e-07  0.00403   0.996
1        3 1.040e+04 7.090e+07 2.100e-01 1.540e+01 8.54e-08  0.00299   0.997
1        3 1.040e+04 7.090e+07 2.840e-01 2.090e+01 4.67e-08  0.00221   0.998
1        3 1.040e+04 7.090e+07 3.840e-01 2.820e+01 2.55e-08  0.00163   0.998
1        3 1.040e+04 7.090e+07 5.190e-01 3.820e+01  1.4e-08  0.00121   0.999
1        3 1.040e+04 7.090e+07 7.030e-01 5.170e+01 7.62e-09 0.000893   0.999
1        3 1.040e+04 7.090e+07 9.510e-01 6.990e+01 4.16e-09 0.000661   0.999
1        3 1.040e+04 7.090e+07 1.290e+00 9.470e+01 2.27e-09 0.000488     1.0
1        3 1.040e+04 7.090e+07 1.740e+00 1.280e+02 1.24e-09 0.000361     1.0
1        3 1.040e+04 7.090e+07 2.360e+00 1.730e+02 6.76e-10 0.000267     1.0
1        3 1.040e+04 7.090e+07 3.190e+00 2.340e+02 3.69e-10 0.000197     1.0
1        3 1.040e+04 7.090e+07 4.310e+00 3.170e+02 2.01e-10 0.000146     1.0
1        3 1.040e+04 7.090e+07 5.840e+00 4.290e+02  1.1e-10 0.000108     1.0
1        3 1.040e+04 7.090e+07 7.900e+00 5.810e+02 5.99e-11 7.97e-05     1.0
1        3 1.040e+04 7.090e+07 1.070e+01 7.860e+02 3.27e-11 5.89e-05     1.0
1        3 1.040e+04 7.090e+07 1.450e+01 1.060e+03 1.78e-11 4.35e-05     1.0
1        3 1.040e+04 7.090e+07 1.960e+01 1.440e+03 9.73e-12 3.22e-05     1.0
1        3 1.040e+04 7.090e+07 2.650e+01 1.950e+03 5.31e-12 2.38e-05     1.0
1        3 1.040e+04 7.090e+07 3.580e+01 2.630e+03  2.9e-12 1.76e-05     1.0
1        3 1.040e+04 7.090e+07 4.850e+01 3.570e+03 1.58e-12  1.3e-05     1.0
1        3 1.040e+04 7.090e+07 6.560e+01 4.820e+03 8.64e-13  9.6e-06     1.0
1        3 1.040e+04 7.090e+07 8.870e+01 6.520e+03 4.72e-13  7.1e-06     1.0
1        3 1.040e+04 7.090e+07 1.200e+02 8.830e+03 2.58e-13 5.25e-06     1.0
1        3 1.040e+04 7.090e+07 1.620e+02 1.190e+04 1.41e-13 3.88e-06     1.0
1        3 1.040e+04 7.090e+07 2.200e+02 1.620e+04 7.69e-14 2.87e-06     1.0
1        3 1.040e+04 7.090e+07 2.970e+02 2.190e+04  4.2e-14 2.12e-06     1.0
1        3 1.040e+04 7.090e+07 4.020e+02 2.960e+04 2.29e-14 1.57e-06     1.0
1        3 1.040e+04 7.090e+07 5.440e+02 4.000e+04 1.25e-14 1.16e-06     1.0
1        3 1.040e+04 7.090e+07 7.370e+02 5.420e+04 6.84e-15 8.55e-07     1.0
1        3 1.040e+04 7.090e+07 9.970e+02 7.330e+04 3.74e-15 6.32e-07     1.0
1        3 1.040e+04 7.090e+07 1.350e+03 9.920e+04 2.04e-15 4.67e-07     1.0
1        3 1.040e+04 7.090e+07 1.820e+03 1.340e+05 1.11e-15 3.45e-07     1.0
1        3 1.040e+04 7.090e+07 2.470e+03 1.820e+05 6.08e-16 2.55e-07     1.0
1        3 1.040e+04 7.090e+07 3.340e+03 2.460e+05 3.32e-16 1.88e-07     1.0
1        3 1.040e+04 7.090e+07 4.520e+03 3.320e+05 1.81e-16 1.39e-07     1.0
1        3 1.040e+04 7.090e+07 6.120e+03 4.500e+05 9.87e-17 1.03e-07     1.0
1        3 1.040e+04 7.090e+07 8.280e+03 6.090e+05 5.38e-17  7.6e-08     1.0
1        3 1.040e+04 7.090e+07 1.120e+04 8.230e+05 2.94e-17 5.62e-08     1.0
1        3 1.040e+04 7.090e+07 1.510e+04 1.110e+06  1.6e-17 4.15e-08     1.0
1        3 1.040e+04 7.090e+07 2.050e+04 1.510e+06 8.71e-18 3.06e-08     1.0
1        3 1.040e+04 7.090e+07 2.770e+04 2.040e+06 4.74e-18 2.26e-08     1.0
1        3 1.040e+04 7.090e+07 3.750e+04 2.760e+06 2.58e-18 1.67e-08     1.0
1        3 1.040e+04 7.090e+07 5.070e+04 3.730e+06  1.4e-18 1.23e-08     1.0
1        3 1.040e+04 7.090e+07 6.870e+04 5.050e+06 7.58e-19 9.09e-09     1.0
1        3 1.040e+04 7.090e+07 9.290e+04 6.830e+06 4.11e-19  6.7e-09     1.0
1        3 1.040e+04 7.090e+07 1.260e+05 9.250e+06 2.23e-19 4.93e-09     1.0
1        3 1.040e+04 7.090e+07 1.700e+05 1.250e+07  1.2e-19 3.63e-09     1.0
1        3 1.040e+04 7.090e+07 2.300e+05 1.690e+07 5.66e-20 2.67e-09     1.0
1        3 1.040e+04 7.090e+07 3.110e+05 2.290e+07 3.07e-20 1.96e-09     1.0
1        3 1.040e+04 7.090e+07 4.210e+05 3.100e+07 1.66e-20 1.44e-09     1.0
1        3 1.040e+04 7.090e+07 5.700e+05 4.200e+07 1.03e-26 1.06e-09     1.0
1        3 1.040e+04 7.090e+07 7.720e+05 5.680e+07 1.03e-26 7.74e-10     1.0
1        3 1.040e+04 7.090e+07 1.040e+06 7.680e+07 1.03e-26 5.67e-10     1.0
1        3 1.040e+04 7.090e+07 1.410e+06 1.040e+08 1.03e-26 4.15e-10     1.0
1        3 1.040e+04 7.090e+07 1.910e+06 1.410e+08 1.03e-26 3.03e-10     1.0
1        3 1.040e+04 7.090e+07 2.590e+06 1.900e+08 1.03e-26 2.22e-10     1.0
1        3 1.040e+04 7.090e+07 3.500e+06 2.570e+08 1.03e-26 1.62e-10     1.0
1        3 1.040e+04 7.090e+07 4.730e+06 3.480e+08 1.03e-26 1.18e-10     1.0
