i converge       t_e       t_r        ip        xi      i01      i02      i03      i04      i05      i06      i07
- -------- --------- --------- --------- --------- -------- -------- -------- -------- -------- -------- --------
1        2 9.300e+03 7.090e+07 4.730e-07 3.480e-05    0.563    0.434  0.00309 5.89e-06 7.06e-09 3.76e-13 3.03e-18
1        2 9.300e+03 7.090e+07 6.410e-07 4.710e-05    0.519    0.477  0.00404 9.18e-06 1.31e-08 8.32e-13 7.97e-18
1        2 9.300e+03 7.090e+07 8.670e-07 6.370e-05    0.474     0.52  0.00527 1.43e-05 2.43e-08 1.85e-12 2.11e-17
1        2 9.310e+03 7.090e+07 1.170e-06 8.620e-05    0.429    0.564  0.00684 2.22e-05 4.54e-08 4.12e-12 5.64e-17
1        2 9.310e+03 7.090e+07 1.590e-06 1.170e-04    0.384    0.607  0.00886 3.46e-05 8.49e-08 9.27e-12 1.53e-16
1        2 9.310e+03 7.090e+07 2.150e-06 1.580e-04    0.339    0.649   0.0114  5.4e-05  1.6e-07 2.11e-11  4.2e-16
1        2 9.310e+03 7.090e+07 2.900e-06 2.140e-04    0.296    0.689   0.0148 8.46e-05 3.05e-07 4.88e-11 1.18e-15
1        2 9.320e+03 7.090e+07 3.930e-06 2.890e-04    0.255    0.725    0.019 0.000133 5.86e-07 1.15e-10 3.39e-15
1        2 9.320e+03 7.090e+07 5.320e-06 3.910e-04    0.217    0.758   0.0245 0.000211 1.14e-06 2.75e-10    1e-14
1        2 9.330e+03 7.090e+07 7.200e-06 5.290e-04    0.184    0.785    0.031 0.000327 2.16e-06 6.37e-10 2.83e-14
1        2 9.340e+03 7.090e+07 9.740e-06 7.160e-04    0.151    0.808     0.04 0.000529 4.38e-06 1.61e-09 8.98e-14
1        2 9.350e+03 7.090e+07 1.320e-05 9.690e-04    0.122    0.825   0.0516 0.000863 9.03e-06  4.2e-09 2.95e-13
1        2 9.370e+03 7.090e+07 1.780e-05 1.310e-03   0.0971    0.835   0.0667  0.00142 1.89e-05 1.12e-08    1e-12
1        2 9.390e+03 7.090e+07 2.410e-05 1.770e-03   0.0757    0.836    0.086  0.00236 4.04e-05 3.08e-08 3.54e-12
1        2 9.410e+03 7.090e+07 3.260e-05 2.400e-03   0.0578    0.828    0.111  0.00394 8.75e-05 8.64e-08 1.29e-11
1        2 9.460e+03 7.090e+07 4.420e-05 3.250e-03   0.0439     0.81     0.14  0.00644 0.000184 2.35e-07 4.51e-11
1        2 9.520e+03 7.090e+07 5.970e-05 4.390e-03    0.032    0.779    0.178   0.0109 0.000411 6.92e-07 1.76e-10
1        2 9.600e+03 7.090e+07 8.080e-05 5.940e-03   0.0227    0.735    0.224   0.0182 0.000913 2.04e-06  6.9e-10
1        2 9.700e+03 7.090e+07 1.090e-04 8.040e-03   0.0159    0.679    0.274   0.0295  0.00197 5.82e-06  2.6e-09
1        2 9.840e+03 7.090e+07 1.480e-04 1.090e-02   0.0107    0.608    0.329   0.0477  0.00424 1.68e-05    1e-08
1        3 1.000e+04 7.090e+07 2.000e-04 1.470e-02  0.00675    0.521    0.386   0.0767  0.00931 5.03e-05 4.09e-08
1        3 1.020e+04 7.090e+07 2.710e-04 1.990e-02  0.00405    0.426    0.432    0.118   0.0197 0.000145 1.62e-07
1        3 1.040e+04 7.090e+07 3.670e-04 2.700e-02  0.00232    0.331    0.457    0.171   0.0386 0.000388 5.89e-07
1        3 1.040e+04 7.090e+07 4.960e-04 3.650e-02  0.00131    0.249    0.455    0.226   0.0678 0.000905 1.82e-06
1        3 1.040e+04 7.090e+07 6.710e-04 4.930e-02 0.000676    0.172    0.426    0.284    0.115  0.00206 5.59e-06
1        3 1.040e+04 7.090e+07 9.080e-04 6.680e-02 0.000322    0.111     0.37    0.333    0.181  0.00439  1.6e-05
1        3 1.040e+04 7.090e+07 1.230e-03 9.030e-02 0.000142    0.066    0.298    0.362    0.266  0.00867 4.27e-05
1        3 1.040e+04 7.090e+07 1.660e-03 1.220e-01 6.14e-05   0.0377    0.226    0.365    0.356   0.0154 0.000101
1        3 1.040e+04 7.090e+07 2.250e-03 1.650e-01 2.35e-05   0.0195    0.158    0.344    0.452   0.0264 0.000232
1        3 1.040e+04 7.090e+07 3.040e-03 2.240e-01 8.46e-06  0.00947    0.104    0.304    0.539   0.0425 0.000504
1        3 1.040e+04 7.090e+07 4.120e-03 3.030e-01 2.88e-06  0.00435   0.0643    0.255     0.61   0.0648  0.00104
1        3 1.040e+04 7.090e+07 5.570e-03 4.100e-01  9.3e-07   0.0019   0.0381    0.204    0.659   0.0946  0.00205
1        3 1.040e+04 7.090e+07 7.540e-03 5.540e-01 2.89e-07 0.000801   0.0217    0.157    0.684    0.133  0.00388
1        3 1.040e+04 7.090e+07 1.020e-02 7.500e-01 8.62e-08 0.000325   0.0119    0.116    0.685    0.179  0.00709
1        3 1.040e+04 7.090e+07 1.380e-02 1.010e+00 2.48e-08 0.000127  0.00628   0.0832    0.663    0.235   0.0126
1        3 1.040e+04 7.090e+07 1.870e-02 1.370e+00 6.89e-09 4.82e-05  0.00322   0.0576    0.621    0.297   0.0215
1        3 1.040e+04 7.090e+07 2.530e-02 1.860e+00 1.84e-09 1.76e-05  0.00159   0.0385    0.561    0.363   0.0355
1        3 1.040e+04 7.090e+07 3.420e-02 2.510e+00 4.74e-10  6.2e-06 0.000758   0.0248    0.489    0.429   0.0566
1        3 1.040e+04 7.090e+07 4.630e-02 3.400e+00 1.17e-10  2.1e-06 0.000348   0.0154    0.411    0.487    0.087
1        3 1.040e+04 7.090e+07 6.260e-02 4.600e+00 2.76e-11 6.86e-07 0.000153  0.00919    0.331    0.531    0.128
1        3 1.040e+04 7.090e+07 8.470e-02 6.230e+00 6.25e-12 2.14e-07 6.49e-05  0.00526    0.257    0.556    0.182
1        3 1.040e+04 7.090e+07 1.150e-01 8.430e+00 1.35e-12 6.45e-08 2.64e-05  0.00289    0.191    0.559    0.247
1        3 1.040e+04 7.090e+07 1.550e-01 1.140e+01 2.79e-13 1.86e-08 1.03e-05  0.00152    0.136     0.54    0.323
1        3 1.040e+04 7.090e+07 2.100e-01 1.540e+01 5.46e-14 5.14e-09 3.85e-06 0.000773   0.0933    0.501    0.405
1        3 1.040e+04 7.090e+07 2.840e-01 2.090e+01    1e-14 1.37e-09 1.39e-06 0.000378   0.0617    0.448     0.49
1        3 1.040e+04 7.090e+07 3.840e-01 2.820e+01 2.17e-15 3.55e-10 4.86e-07 0.000178   0.0394    0.387    0.573
1        3 1.040e+04 7.090e+07 5.190e-01 3.820e+01 5.31e-16  8.9e-11 1.65e-07 8.19e-05   0.0245    0.325    0.651
1        3 1.040e+04 7.090e+07 7.030e-01 5.170e+01 2.76e-24 2.17e-11 5.44e-08 3.65e-05   0.0148    0.265     0.72
1        3 1.040e+04 7.090e+07 9.510e-01 6.990e+01 2.76e-24 5.18e-12 1.76e-08  1.6e-05  0.00874    0.212    0.779
1        3 1.040e+04 7.090e+07 1.290e+00 9.470e+01 2.76e-24 1.21e-12 5.58e-09 6.86e-06  0.00507    0.167    0.828
1        3 1.040e+04 7.090e+07 1.740e+00 1.280e+02 3.77e-17 2.81e-13 1.75e-09  2.9e-06  0.00291    0.129    0.868
1        3 1.040e+04 7.090e+07 2.360e+00 1.730e+02 2.76e-24 6.41e-14  5.4e-10 1.21e-06  0.00165    0.099    0.899
1        3 1.040e+04 7.090e+07 3.190e+00 2.340e+02 2.76e-24 1.46e-14 1.66e-10 5.04e-07 0.000924   0.0752    0.924
1        3 1.040e+04 7.090e+07 4.310e+00 3.170e+02 2.38e-18  3.3e-15 5.04e-11 2.08e-07 0.000515   0.0567    0.943
1        3 1.040e+04 7.090e+07 5.840e+00 4.290e+02 2.76e-24 6.19e-16 1.53e-11 8.51e-08 0.000286   0.0426    0.957
1        3 1.040e+04 7.090e+07 7.900e+00 5.810e+02 1.24e-18 1.75e-16 4.62e-12 3.48e-08 0.000158   0.0318    0.968
1        3 1.040e+04 7.090e+07 1.070e+01 7.860e+02 2.74e-18 6.14e-17 1.39e-12 1.42e-08 8.69e-05   0.0237    0.976
1        3 1.040e+04 7.090e+07 1.450e+01 1.060e+03 2.76e-24 2.76e-24 4.17e-13 5.75e-09 4.78e-05   0.0176    0.982
1        3 1.040e+04 7.090e+07 1.960e+01 1.440e+03 2.76e-24 2.76e-24 1.25e-13 2.33e-09 2.62e-05   0.0131    0.987
1        3 1.040e+04 7.090e+07 2.650e+01 1.950e+03 2.76e-24 2.76e-24 3.74e-14 9.46e-10 1.44e-05  0.00971     0.99
1        3 1.040e+04 7.090e+07 3.580e+01 2.630e+03 2.76e-24 2.76e-24 1.12e-14 3.83e-10 7.87e-06   0.0072    0.993
1        3 1.040e+04 7.090e+07 4.850e+01 3.570e+03 2.76e-24 2.76e-24 3.33e-15 1.55e-10 4.31e-06  0.00533    0.995
1        3 1.040e+04 7.090e+07 6.560e+01 4.820e+03 6.11e-19 5.58e-18 1.03e-15 6.26e-11 2.36e-06  0.00394    0.996
1        3 1.040e+04 7.090e+07 8.870e+01 6.520e+03 9.96e-20 9.09e-19 3.03e-16 2.53e-11 1.29e-06  0.00292    0.997
1        3 1.040e+04 7.090e+07 1.200e+02 8.830e+03 1.02e-20 9.03e-20 8.96e-17 1.02e-11 7.05e-07  0.00216    0.998
1        3 1.040e+04 7.090e+07 1.620e+02 1.190e+04 6.55e-20 5.97e-19 2.98e-17 4.13e-12 3.85e-07   0.0016    0.998
1        3 1.040e+04 7.090e+07 2.200e+02 1.620e+04 2.06e-20 1.85e-19 8.92e-18 1.67e-12  2.1e-07  0.00118    0.999
1        3 1.040e+04 7.090e+07 2.970e+02 2.190e+04 2.76e-24 2.76e-24 1.15e-18 6.74e-13 1.15e-07 0.000873    0.999
1        3 1.040e+04 7.090e+07 4.020e+02 2.960e+04 2.76e-24 2.76e-24 6.79e-19 2.72e-13 6.28e-08 0.000645    0.999
1        3 1.040e+04 7.090e+07 5.440e+02 4.000e+04 2.76e-24 2.76e-24 2.76e-24  1.1e-13 3.43e-08 0.000477      1.0
1        3 1.040e+04 7.090e+07 7.370e+02 5.420e+04  2.9e-20 2.63e-19 1.47e-18 4.43e-14 1.87e-08 0.000352      1.0
1        3 1.040e+04 7.090e+07 9.970e+02 7.330e+04 3.07e-20 2.78e-19 1.51e-18 1.79e-14 1.02e-08 0.000261      1.0
1        3 1.040e+04 7.090e+07 1.350e+03 9.920e+04 2.76e-24 2.76e-24 2.76e-24 7.22e-15  5.6e-09 0.000193      1.0
1        3 1.040e+04 7.090e+07 1.820e+03 1.340e+05 2.76e-24 2.76e-24 2.76e-24 2.91e-15 3.06e-09 0.000142      1.0
1        3 1.040e+04 7.090e+07 2.470e+03 1.820e+05 3.64e-20 3.31e-19 1.77e-18 1.18e-15 1.67e-09 0.000105      1.0
1        3 1.040e+04 7.090e+07 3.340e+03 2.460e+05 2.76e-24 2.76e-24 2.76e-24 4.76e-16 9.12e-10 7.78e-05      1.0
1        3 1.040e+04 7.090e+07 4.520e+03 3.320e+05 2.76e-24 2.76e-24 2.76e-24 1.92e-16 4.98e-10 5.75e-05      1.0
1        3 1.040e+04 7.090e+07 6.120e+03 4.500e+05 2.76e-24 2.76e-24 2.76e-24 7.74e-17 2.72e-10 4.25e-05      1.0
1        3 1.040e+04 7.090e+07 8.280e+03 6.090e+05 2.76e-24 2.76e-24 2.76e-24 3.13e-17 1.49e-10 3.14e-05      1.0
1        3 1.040e+04 7.090e+07 1.120e+04 8.230e+05 2.76e-24 2.76e-24 2.76e-24 1.26e-17 8.12e-11 2.32e-05      1.0
1        3 1.040e+04 7.090e+07 1.510e+04 1.110e+06 2.76e-24 2.76e-24 2.76e-24  5.1e-18 4.44e-11 1.71e-05      1.0
1        3 1.040e+04 7.090e+07 2.050e+04 1.510e+06 2.76e-24 2.76e-24 2.76e-24 2.06e-18 2.42e-11 1.27e-05      1.0
1        3 1.040e+04 7.090e+07 2.770e+04 2.040e+06 2.76e-24 2.76e-24 2.76e-24 8.31e-19 1.32e-11 9.37e-06      1.0
1        3 1.040e+04 7.090e+07 3.750e+04 2.760e+06 2.76e-24 2.76e-24 2.76e-24 3.36e-19 7.23e-12 6.92e-06      1.0
1        3 1.040e+04 7.090e+07 5.070e+04 3.730e+06 2.76e-24 2.76e-24 2.76e-24 1.36e-19 3.95e-12 5.12e-06      1.0
1        3 1.040e+04 7.090e+07 6.870e+04 5.050e+06 2.76e-24 2.76e-24 2.76e-24 5.48e-20 2.16e-12 3.78e-06      1.0
1        3 1.040e+04 7.090e+07 9.290e+04 6.830e+06 2.76e-24 2.76e-24 2.76e-24 2.21e-20 1.18e-12 2.79e-06      1.0
1        3 1.040e+04 7.090e+07 1.260e+05 9.250e+06 2.76e-24 2.76e-24 2.76e-24 2.76e-24 6.44e-13 2.07e-06      1.0
1        3 1.040e+04 7.090e+07 1.700e+05 1.250e+07 2.76e-24 2.76e-24 2.76e-24 2.76e-24 3.51e-13 1.53e-06      1.0
1        3 1.040e+04 7.090e+07 2.300e+05 1.690e+07 2.76e-24 2.76e-24 2.76e-24 2.76e-24 1.92e-13 1.13e-06      1.0
1        3 1.040e+04 7.090e+07 3.110e+05 2.290e+07 2.76e-24 2.76e-24 2.76e-24 2.76e-24 1.05e-13 8.34e-07      1.0
1        3 1.040e+04 7.090e+07 4.210e+05 3.100e+07 2.76e-24 2.76e-24 2.76e-24 2.76e-24 5.73e-14 6.16e-07      1.0
1        3 1.040e+04 7.090e+07 5.700e+05 4.200e+07 2.76e-24 2.76e-24 2.76e-24 2.76e-24 3.12e-14 4.55e-07      1.0
1        3 1.040e+04 7.090e+07 7.720e+05 5.680e+07 2.76e-24 2.76e-24 2.76e-24 2.76e-24 1.71e-14 3.37e-07      1.0
1        3 1.040e+04 7.090e+07 1.040e+06 7.680e+07 2.76e-24 2.76e-24 2.76e-24 2.76e-24 9.32e-15 2.49e-07      1.0
1        3 1.040e+04 7.090e+07 1.410e+06 1.040e+08 2.76e-24 2.76e-24 2.76e-24 2.76e-24 5.09e-15 1.84e-07      1.0
1        3 1.040e+04 7.090e+07 1.910e+06 1.410e+08 2.76e-24 2.76e-24 2.76e-24 2.76e-24 2.78e-15 1.36e-07      1.0
1        3 1.040e+04 7.090e+07 2.590e+06 1.900e+08 2.76e-24 2.76e-24 2.76e-24 2.76e-24 1.52e-15    1e-07      1.0
1        3 1.040e+04 7.090e+07 3.500e+06 2.570e+08 2.76e-24 2.76e-24 2.76e-24 2.76e-24 8.26e-16 7.42e-08      1.0
1        3 1.040e+04 7.090e+07 4.730e+06 3.480e+08 2.76e-24 2.76e-24 2.76e-24 2.76e-24  4.5e-16 5.49e-08      1.0
