i converge       t_e       t_r        ip        xi      i01      i02      i03      i04      i05      i06      i07      i08      i09      i10      i11      i12      i13      i14      i15
- -------- --------- --------- --------- --------- -------- -------- -------- -------- -------- -------- -------- -------- -------- -------- -------- -------- -------- -------- --------
1        2 9.300e+03 7.090e+07 4.730e-07 3.480e-05    0.226    0.769  0.00433  0.00105 0.000155 4.31e-07 1.47e-10  9.5e-14 2.72e-18    1e-20    1e-20    1e-20    1e-20    1e-20    1e-20
1        2 9.300e+03 7.090e+07 6.410e-07 4.710e-05    0.212    0.781  0.00519  0.00127 0.000189 5.38e-07 2.15e-10 1.42e-13 4.76e-18    1e-20    1e-20    1e-20    1e-20    1e-20    1e-20
1        2 9.300e+03 7.090e+07 8.670e-07 6.370e-05    0.198    0.794  0.00623  0.00154 0.000233 6.79e-07 3.19e-10 2.16e-13 8.43e-18 1.05e-20    1e-20    1e-20    1e-20    1e-20    1e-20
1        2 9.310e+03 7.090e+07 1.170e-06 8.620e-05    0.183    0.808  0.00751  0.00188 0.000288 8.65e-07 4.77e-10 3.32e-13 1.51e-17 1.93e-20    1e-20    1e-20    1e-20    1e-20    1e-20
1        2 9.310e+03 7.090e+07 1.590e-06 1.170e-04    0.167    0.821  0.00909   0.0023 0.000359 1.12e-06 7.25e-10 5.22e-13 2.77e-17 3.64e-20    1e-20    1e-20    1e-20    1e-20    1e-20
1        2 9.310e+03 7.090e+07 2.150e-06 1.580e-04    0.151    0.835    0.011  0.00282  0.00045 1.47e-06 1.12e-09 8.38e-13 5.17e-17 7.06e-20    1e-20    1e-20    1e-20    1e-20    1e-20
1        2 9.310e+03 7.090e+07 2.900e-06 2.140e-04    0.134    0.848   0.0135  0.00348 0.000571 1.96e-06 1.76e-09 1.38e-12 9.89e-17 1.41e-19    1e-20    1e-20    1e-20    1e-20    1e-20
1        2 9.320e+03 7.090e+07 3.930e-06 2.890e-04    0.118     0.86   0.0165  0.00433 0.000731 2.69e-06 2.82e-09 2.34e-12 1.95e-16 2.94e-19    1e-20    1e-20    1e-20    1e-20    1e-20
1        2 9.320e+03 7.090e+07 5.320e-06 3.910e-04    0.103    0.871   0.0204   0.0054 0.000947 3.77e-06 4.66e-09 4.12e-12 3.97e-16 6.35e-19    1e-20    1e-20    1e-20    1e-20    1e-20
1        2 9.330e+03 7.090e+07 7.200e-06 5.290e-04   0.0884    0.879    0.025  0.00669  0.00122 5.31e-06 7.64e-09 7.24e-12 7.99e-16 1.37e-18    1e-20    1e-20    1e-20    1e-20    1e-20
1        2 9.340e+03 7.090e+07 9.740e-06 7.160e-04   0.0742    0.885   0.0312  0.00848  0.00163 7.94e-06 1.35e-08 1.39e-11 1.78e-15 3.29e-18    1e-20    1e-20    1e-20    1e-20    1e-20
1        2 9.350e+03 7.090e+07 1.320e-05 9.690e-04   0.0611    0.887   0.0392   0.0108  0.00222 1.23e-05 2.48e-08 2.81e-11 4.15e-15 8.39e-18    1e-20    1e-20    1e-20    1e-20    1e-20
1        2 9.370e+03 7.090e+07 1.780e-05 1.310e-03   0.0495    0.884   0.0494   0.0139  0.00309    2e-05 4.76e-08    6e-11 1.02e-14 2.28e-17    1e-20    1e-20    1e-20    1e-20    1e-20
1        2 9.390e+03 7.090e+07 2.410e-05 1.770e-03   0.0393    0.876   0.0625    0.018  0.00437 3.38e-05 9.61e-08 1.36e-10 2.68e-14 6.66e-17    1e-20    1e-20    1e-20    1e-20    1e-20
1        2 9.410e+03 7.090e+07 3.260e-05 2.400e-03   0.0305    0.861   0.0792   0.0234  0.00631 5.95e-05 2.04e-07 3.26e-10 7.46e-14 2.07e-16 3.51e-20    1e-20    1e-20    1e-20    1e-20
1        2 9.460e+03 7.090e+07 4.420e-05 3.250e-03   0.0237    0.838    0.099   0.0301  0.00912 0.000106 4.37e-07 7.91e-10  2.1e-13 6.51e-16 1.28e-19    1e-20    1e-20    1e-20    1e-20
1        2 9.520e+03 7.090e+07 5.970e-05 4.390e-03   0.0177    0.804    0.125   0.0395   0.0137 0.000203 1.04e-06 2.16e-09 6.69e-13 2.35e-15 5.43e-19    1e-20    1e-20    1e-20    1e-20
1        2 9.600e+03 7.090e+07 8.080e-05 5.940e-03   0.0129    0.758    0.156   0.0518   0.0209 0.000401 2.56e-06 6.18e-09 2.24e-12 8.97e-15 2.44e-18 4.68e-20    1e-20    1e-20    1e-20
1        2 9.700e+03 7.090e+07 1.090e-04 8.040e-03  0.00937    0.702    0.189    0.067   0.0315 0.000787 6.33e-06 1.78e-08 7.55e-12 3.44e-14  1.1e-17 2.37e-19    1e-20    1e-20    1e-20
1        2 9.840e+03 7.090e+07 1.480e-04 1.090e-02   0.0066    0.632    0.226   0.0863   0.0477  0.00157 1.62e-05 5.41e-08 2.68e-11  1.4e-13 5.28e-17 1.29e-18    1e-20    1e-20    1e-20
1        3 1.000e+04 7.090e+07 2.000e-04 1.470e-02  0.00441    0.544    0.264    0.111   0.0729  0.00327 4.45e-05  1.8e-07 1.05e-10 6.41e-13 2.87e-16 8.01e-18    1e-20    1e-20    1e-20
1        3 1.020e+04 7.090e+07 2.710e-04 1.990e-02  0.00285    0.448    0.294     0.14    0.108  0.00664 0.000121 6.04e-07 4.14e-10 2.96e-12 1.57e-15 5.04e-17 2.74e-20    1e-20    1e-20
1        3 1.040e+04 7.090e+07 3.670e-04 2.700e-02   0.0017     0.35    0.311     0.17    0.153   0.0128  0.00031 1.94e-06 1.54e-09  1.3e-11 8.16e-15    3e-16 1.97e-19    1e-20    1e-20
1        3 1.040e+04 7.090e+07 4.960e-04 3.650e-02 0.000973    0.264    0.311    0.199    0.202   0.0223 0.000707 5.51e-06    5e-09 4.93e-11 3.61e-14 1.51e-15 1.18e-18    1e-20    1e-20
1        3 1.040e+04 7.090e+07 6.710e-04 4.930e-02 0.000509    0.185    0.293    0.225    0.257    0.038   0.0016 1.59e-05 1.66e-08 1.92e-10 1.66e-13 7.97e-15  7.5e-18    1e-20    1e-20
1        3 1.040e+04 7.090e+07 9.080e-04 6.680e-02 0.000249    0.122     0.26    0.244     0.31   0.0617  0.00348 4.45e-05 5.39e-08  7.3e-10 7.53e-13 4.08e-14 4.69e-17    1e-20    1e-20
1        3 1.040e+04 7.090e+07 1.230e-03 9.030e-02 0.000114   0.0749    0.215    0.252    0.355   0.0952  0.00719  0.00012  1.7e-07 2.66e-09 3.32e-12 2.02e-13 2.85e-16  1.1e-20    1e-20
1        3 1.040e+04 7.090e+07 1.660e-03 1.220e-01 5.13e-05   0.0447     0.17    0.249    0.385    0.137   0.0136 0.000294 4.92e-07 8.75e-09 1.32e-11 8.81e-13 1.54e-15 7.87e-20    1e-20
1        3 1.040e+04 7.090e+07 2.250e-03 1.650e-01 2.07e-05   0.0243    0.125    0.235    0.399    0.191   0.0256 0.000728 1.47e-06 2.96e-08 5.52e-11 4.03e-12 8.86e-15 6.12e-19    1e-20
1        3 1.040e+04 7.090e+07 3.040e-03 2.240e-01  7.8e-06   0.0123   0.0854    0.208    0.393    0.254   0.0457  0.00173 4.29e-06 9.61e-08 2.24e-10 1.78e-11 4.97e-14 4.63e-18    1e-20
1        3 1.040e+04 7.090e+07 4.120e-03 3.030e-01 2.72e-06   0.0058   0.0543    0.174    0.366    0.319   0.0775   0.0039 1.21e-05 2.99e-07 8.84e-10 7.52e-11 2.69e-13 3.39e-17    1e-20
1        3 1.040e+04 7.090e+07 5.570e-03 4.100e-01 8.75e-07  0.00251   0.0318    0.134    0.321    0.378    0.124  0.00834 3.28e-05 8.88e-07 3.35e-09 3.04e-10 1.41e-12 2.39e-16 1.31e-20
1        3 1.040e+04 7.090e+07 7.540e-03 5.540e-01 2.58e-07    0.001   0.0171   0.0958    0.264     0.42    0.185   0.0168 8.46e-05  2.5e-06 1.21e-08 1.17e-09 6.97e-12  1.6e-15 1.19e-19
1        3 1.040e+04 7.090e+07 1.020e-02 7.500e-01 6.91e-08 0.000362  0.00836   0.0626    0.203    0.435    0.259   0.0315 0.000207 6.64e-06 4.12e-08 4.27e-09 3.29e-11 1.02e-14 1.02e-18
1        3 1.040e+04 7.090e+07 1.380e-02 1.010e+00 1.68e-08 0.000119  0.00372   0.0373    0.145     0.42    0.338   0.0554 0.000476 1.67e-05 1.33e-07 1.48e-08 1.47e-10 6.18e-14 8.37e-18
1        3 1.040e+04 7.090e+07 1.870e-02 1.370e+00 3.74e-09 3.58e-05  0.00151   0.0203   0.0964    0.378    0.412   0.0909  0.00103 3.99e-05 4.08e-07 4.91e-08 6.27e-10 3.55e-13  6.5e-17
1        3 1.040e+04 7.090e+07 2.530e-02 1.860e+00  7.6e-10 9.85e-06 0.000562   0.0102     0.06    0.318    0.469     0.14  0.00211  9.1e-05 1.19e-06 1.56e-07 2.55e-09 1.95e-12 4.84e-16
1        3 1.040e+04 7.090e+07 3.420e-02 2.510e+00 1.43e-10  2.5e-06 0.000193  0.00471   0.0351    0.252    0.502    0.202  0.00406 0.000199  3.3e-06 4.79e-07 9.96e-09 1.03e-11 3.46e-15
1        3 1.040e+04 7.090e+07 4.630e-02 3.400e+00 2.49e-11  5.9e-07 6.16e-05  0.00203   0.0194    0.188    0.507    0.276  0.00742  0.00042 8.82e-06 1.43e-06 3.77e-08 5.28e-11 2.39e-14
1        3 1.040e+04 7.090e+07 6.260e-02 4.600e+00 4.07e-12  1.3e-07 1.84e-05 0.000817   0.0102    0.133    0.485    0.357   0.0129  0.00086 2.28e-05 4.17e-06 1.39e-07 2.64e-10 1.62e-13
1        3 1.040e+04 7.090e+07 8.470e-02 6.230e+00 6.26e-13 2.71e-08 5.18e-06  0.00031  0.00506   0.0898    0.442    0.439   0.0214  0.00172 5.73e-05  1.2e-05 5.04e-07 1.29e-09 1.07e-12
1        3 1.040e+04 7.090e+07 1.150e-01 8.430e+00 9.15e-14 5.35e-09 1.38e-06 0.000112  0.00241   0.0578    0.385    0.517   0.0339  0.00334 0.000141 3.39e-05  1.8e-06 6.25e-09    7e-12
1        3 1.040e+04 7.090e+07 1.550e-01 1.140e+01 1.27e-14    1e-09 3.51e-07 3.84e-05   0.0011   0.0357    0.321    0.584   0.0515  0.00635  0.00034 9.52e-05 6.39e-06    3e-08 4.55e-11
1        3 1.040e+04 7.090e+07 2.100e-01 1.540e+01 1.67e-15  1.8e-10 8.52e-08 1.26e-05 0.000481   0.0211    0.258    0.633   0.0754   0.0118 0.000805 0.000265 2.25e-05 1.43e-07 2.94e-10
1        3 1.040e+04 7.090e+07 2.840e-01 2.090e+01 2.11e-16  3.1e-11 1.98e-08 3.97e-06 0.000203    0.012    0.198    0.659    0.106   0.0214  0.00188 0.000735 7.92e-05  6.8e-07 1.89e-09
1        3 1.040e+04 7.090e+07 3.840e-01 2.820e+01 2.63e-17  5.1e-12 4.41e-09 1.19e-06 8.19e-05  0.00658    0.147    0.659    0.143   0.0376  0.00427  0.00202 0.000276 3.21e-06  1.2e-08
1        3 1.040e+04 7.090e+07 5.190e-01 3.820e+01 1.41e-19 8.01e-13 9.37e-10 3.43e-07 3.16e-05  0.00343    0.104    0.629    0.185   0.0636  0.00944  0.00543  0.00095 1.49e-05 7.58e-08
1        3 1.040e+04 7.090e+07 7.030e-01 5.170e+01 2.72e-18 1.18e-13 1.86e-10 9.22e-08 1.15e-05  0.00168   0.0688    0.565    0.225    0.102     0.02   0.0142   0.0032 6.79e-05 4.67e-07
1        3 1.040e+04 7.090e+07 9.510e-01 6.990e+01 2.38e-18  1.6e-14 3.42e-11 2.29e-08 3.83e-06 0.000763   0.0421    0.468    0.252    0.152   0.0393   0.0352   0.0102 0.000293 2.72e-06
1        3 1.040e+04 7.090e+07 1.290e+00 9.470e+01    1e-20 1.71e-15 5.55e-12 5.03e-09 1.14e-06 0.000306   0.0229    0.344     0.25    0.202   0.0695   0.0793   0.0297  0.00116 1.46e-05
1        3 1.040e+04 7.090e+07 1.740e+00 1.280e+02    1e-20 6.06e-17 7.64e-13 9.36e-10 2.86e-07 0.000104   0.0105    0.214     0.21    0.228    0.105    0.153   0.0751  0.00395 6.72e-05
1        3 1.040e+04 7.090e+07 2.360e+00 1.730e+02 4.17e-18 1.44e-16 8.46e-14  1.4e-10 5.78e-08 2.85e-05   0.0039    0.107    0.143    0.208    0.127    0.243    0.156   0.0111 0.000256
1        3 1.040e+04 7.090e+07 3.190e+00 2.340e+02 2.79e-18 8.66e-17 7.48e-15 1.67e-11 9.34e-09 6.22e-06  0.00115   0.0429   0.0771    0.151    0.125    0.312    0.265   0.0255 0.000795
1        3 1.040e+04 7.090e+07 4.310e+00 3.170e+02 6.48e-18 1.99e-16  5.7e-16 1.65e-12 1.24e-09 1.12e-06  0.00028   0.0141   0.0344   0.0908    0.101    0.333    0.376   0.0489  0.00206
1        3 1.040e+04 7.090e+07 5.840e+00 4.290e+02    1e-20    1e-20    1e-20 1.41e-13 1.43e-10 1.75e-07 5.92e-05  0.00403   0.0133   0.0473   0.0706    0.311    0.467   0.0823  0.00469
1        3 1.040e+04 7.090e+07 7.900e+00 5.810e+02 9.11e-19 2.79e-17 3.55e-17 1.07e-14 1.49e-11 2.46e-08 1.13e-05  0.00104  0.00462   0.0222   0.0448    0.263    0.528    0.126  0.00972
1        3 1.040e+04 7.090e+07 1.070e+01 7.860e+02 1.27e-18 3.87e-17 4.67e-17 6.93e-16 1.43e-12  3.2e-09 1.98e-06 0.000247  0.00149  0.00967   0.0263    0.207    0.557     0.18   0.0188
1        3 1.040e+04 7.090e+07 1.450e+01 1.060e+03    1e-20    1e-20    1e-20 6.32e-17 1.29e-13 3.89e-10 3.26e-07 5.51e-05 0.000449  0.00394   0.0145    0.153    0.553    0.241   0.0341
1        3 1.040e+04 7.090e+07 1.960e+01 1.440e+03    1e-20    1e-20    1e-20    1e-20  1.1e-14 4.46e-11 5.06e-08 1.16e-05 0.000127  0.00151   0.0075    0.107    0.519    0.307   0.0586
1        3 1.040e+04 7.090e+07 2.650e+01 1.950e+03 3.67e-19 1.12e-17 1.35e-17 1.14e-16 9.28e-16 4.82e-12  7.4e-09 2.29e-06 3.41e-05 0.000547  0.00367   0.0703    0.461    0.369   0.0953
1        3 1.040e+04 7.090e+07 3.580e+01 2.630e+03 7.35e-20 2.25e-18 2.71e-18 2.27e-17 4.68e-17 4.92e-13 1.02e-09 4.27e-07 8.62e-06 0.000187   0.0017   0.0438    0.388     0.42    0.147
1        3 1.040e+04 7.090e+07 4.850e+01 3.570e+03 1.47e-19  4.5e-18 5.41e-18 4.54e-17 9.89e-18 4.72e-14 1.33e-10 7.51e-08 2.05e-06 6.03e-05 0.000739   0.0258    0.308    0.451    0.214
1        3 1.040e+04 7.090e+07 6.560e+01 4.820e+03    1e-20    1e-20    1e-20    1e-20    1e-20 4.32e-15 1.64e-11 1.25e-08 4.63e-07 1.84e-05 0.000305   0.0144    0.232    0.459    0.294
1        3 1.040e+04 7.090e+07 8.870e+01 6.520e+03    1e-20    1e-20    1e-20    1e-20    1e-20 3.37e-16 1.91e-12 1.98e-09 9.88e-08 5.31e-06 0.000119  0.00757    0.165    0.443    0.384
1        3 1.040e+04 7.090e+07 1.200e+02 8.830e+03 2.95e-20 9.02e-19 1.08e-18 9.11e-18 5.37e-18 3.96e-17 2.12e-13 2.97e-10 2.01e-08 1.46e-06 4.43e-05  0.00381    0.112    0.407    0.477
1        3 1.040e+04 7.090e+07 1.620e+02 1.190e+04 2.36e-20 7.24e-19  8.7e-19 7.31e-18 4.31e-18 9.73e-18 2.25e-14 4.26e-11  3.9e-09 3.83e-07 1.57e-05  0.00183    0.073    0.358    0.567
1        3 1.040e+04 7.090e+07 2.200e+02 1.620e+04    1e-20    1e-20    1e-20    1e-20    1e-20    1e-20 2.27e-15 5.89e-12 7.29e-10 9.69e-08 5.38e-06 0.000846   0.0457    0.303     0.65
1        3 1.040e+04 7.090e+07 2.970e+02 2.190e+04    1e-20    1e-20    1e-20    1e-20    1e-20    1e-20 2.13e-16  7.9e-13 1.32e-10 2.38e-08 1.79e-06  0.00038   0.0277    0.249    0.723
1        3 1.040e+04 7.090e+07 4.020e+02 2.960e+04    1e-20    1e-20    1e-20    1e-20    1e-20    1e-20    1e-20 1.03e-13 2.34e-11 5.69e-09 5.78e-07 0.000166   0.0164      0.2    0.784
1        3 1.040e+04 7.090e+07 5.440e+02 4.000e+04 2.87e-20  8.8e-19 1.06e-18 8.88e-18 5.23e-18 8.92e-18  1.9e-17 1.32e-14 4.05e-12 1.33e-09 1.83e-07 7.14e-05  0.00954    0.157    0.834
1        3 1.040e+04 7.090e+07 7.370e+02 5.420e+04    1e-20 4.03e-20 4.84e-20 4.06e-19 2.39e-19 4.08e-19 9.69e-19 1.67e-15 6.92e-13 3.08e-10 5.74e-08 3.02e-05  0.00546    0.121    0.873
1        3 1.040e+04 7.090e+07 9.970e+02 7.330e+04    1e-20    1e-20    1e-20    1e-20    1e-20    1e-20    1e-20 1.99e-16 1.17e-13 7.05e-11 1.77e-08 1.26e-05  0.00309   0.0929    0.904
1        3 1.040e+04 7.090e+07 1.350e+03 9.920e+04    1e-20    1e-20    1e-20    1e-20    1e-20    1e-20    1e-20 2.38e-17 1.96e-14  1.6e-11 5.43e-09 5.24e-06  0.00173   0.0705    0.928
1        3 1.040e+04 7.090e+07 1.820e+03 1.340e+05    1e-20  1.4e-19 1.68e-19 1.41e-18 8.33e-19 1.42e-18  2.7e-18 8.66e-18 3.26e-15 3.59e-12 1.65e-09 2.15e-06 0.000964   0.0531    0.946
1        3 1.040e+04 7.090e+07 2.470e+03 1.820e+05    1e-20 8.15e-20  9.8e-20 8.23e-19 4.85e-19 8.26e-19 1.57e-18 3.59e-18 5.43e-16 8.03e-13    5e-10 8.83e-07 0.000534   0.0398     0.96
1        3 1.040e+04 7.090e+07 3.340e+03 2.460e+05    1e-20  4.5e-20  5.4e-20 4.54e-19 2.67e-19 4.56e-19 8.66e-19 1.81e-18 9.18e-17 1.79e-13 1.51e-10  3.6e-07 0.000295   0.0297     0.97
1        3 1.040e+04 7.090e+07 4.520e+03 3.320e+05    1e-20    1e-20    1e-20    1e-20    1e-20    1e-20    1e-20    1e-20 1.25e-17 3.98e-14 4.54e-11 1.47e-07 0.000162   0.0222    0.978
1        3 1.040e+04 7.090e+07 6.120e+03 4.500e+05    1e-20    1e-20    1e-20    1e-20    1e-20    1e-20    1e-20    1e-20 2.13e-18 8.81e-15 1.36e-11 5.95e-08 8.92e-05   0.0165    0.983
1        3 1.040e+04 7.090e+07 8.280e+03 6.090e+05    1e-20    1e-20    1e-20    1e-20    1e-20    1e-20    1e-20    1e-20    1e-20 1.95e-15 4.08e-12 2.41e-08 4.89e-05   0.0122    0.988
1        3 1.040e+04 7.090e+07 1.120e+04 8.230e+05    1e-20    1e-20    1e-20    1e-20    1e-20    1e-20    1e-20    1e-20    1e-20 4.32e-16 1.22e-12 9.78e-09 2.68e-05  0.00907    0.991
1        3 1.040e+04 7.090e+07 1.510e+04 1.110e+06    1e-20    1e-20    1e-20    1e-20    1e-20    1e-20    1e-20    1e-20    1e-20 9.48e-17 3.66e-13 3.96e-09 1.47e-05  0.00672    0.993
1        3 1.040e+04 7.090e+07 2.050e+04 1.510e+06    1e-20 1.27e-20 1.52e-20 1.28e-19 7.54e-20 1.29e-19 2.44e-19 4.97e-19 9.28e-19 2.28e-17 1.09e-13  1.6e-09 8.04e-06  0.00497    0.995
1        3 1.040e+04 7.090e+07 2.770e+04 2.040e+06    1e-20    1e-20    1e-20    1e-20    1e-20    1e-20    1e-20    1e-20    1e-20 4.27e-18 3.26e-14 6.47e-10  4.4e-06  0.00368    0.996
1        3 1.040e+04 7.090e+07 3.750e+04 2.760e+06    1e-20    1e-20    1e-20    1e-20    1e-20    1e-20    1e-20    1e-20    1e-20 9.32e-19 9.75e-15 2.61e-10  2.4e-06  0.00272    0.997
1        3 1.040e+04 7.090e+07 5.070e+04 3.730e+06    1e-20    1e-20    1e-20 5.36e-20 3.16e-20 5.38e-20 1.02e-19 2.08e-19 3.88e-19 9.41e-19 2.91e-15 1.06e-10 1.31e-06  0.00201    0.998
1        3 1.040e+04 7.090e+07 6.870e+04 5.050e+06    1e-20    1e-20    1e-20 7.77e-20 4.58e-20  7.8e-20 1.48e-19 3.02e-19 5.62e-19 1.08e-18  8.7e-16 4.26e-11 7.18e-07  0.00149    0.999
1        3 1.040e+04 7.090e+07 9.290e+04 6.830e+06    1e-20    1e-20    1e-20    1e-20    1e-20    1e-20    1e-20    1e-20    1e-20 1.04e-20 2.59e-16 1.72e-11 3.93e-07   0.0011    0.999
1        3 1.040e+04 7.090e+07 1.260e+05 9.250e+06    1e-20    1e-20    1e-20    1e-20    1e-20    1e-20    1e-20    1e-20    1e-20    1e-20 7.74e-17 6.95e-12 2.14e-07 0.000814    0.999
1        3 1.040e+04 7.090e+07 1.700e+05 1.250e+07    1e-20    1e-20    1e-20    1e-20    1e-20    1e-20    1e-20    1e-20    1e-20    1e-20 2.31e-17 2.81e-12 1.17e-07 0.000602    0.999
1        3 1.040e+04 7.090e+07 2.300e+05 1.690e+07    1e-20    1e-20    1e-20    1e-20    1e-20    1e-20    1e-20    1e-20    1e-20    1e-20 6.89e-18 1.13e-12  6.4e-08 0.000445      1.0
1        3 1.040e+04 7.090e+07 3.110e+05 2.290e+07    1e-20    1e-20    1e-20    1e-20    1e-20    1e-20    1e-20    1e-20    1e-20    1e-20 2.06e-18 4.58e-13  3.5e-08 0.000329      1.0
1        3 1.040e+04 7.090e+07 4.210e+05 3.100e+07    1e-20    1e-20    1e-20    1e-20    1e-20    1e-20    1e-20    1e-20    1e-20    1e-20 6.14e-19 1.85e-13 1.91e-08 0.000243      1.0
1        3 1.040e+04 7.090e+07 5.700e+05 4.200e+07    1e-20    1e-20    1e-20    1e-20    1e-20    1e-20    1e-20    1e-20    1e-20    1e-20 1.82e-19 7.45e-14 1.04e-08  0.00018      1.0
1        3 1.040e+04 7.090e+07 7.720e+05 5.680e+07    1e-20    1e-20    1e-20    1e-20    1e-20    1e-20    1e-20    1e-20    1e-20    1e-20 5.47e-20 3.01e-14  5.7e-09 0.000133      1.0
1        3 1.040e+04 7.090e+07 1.040e+06 7.680e+07    1e-20    1e-20    1e-20    1e-20    1e-20    1e-20    1e-20    1e-20    1e-20    1e-20 1.66e-20 1.22e-14 3.11e-09 9.81e-05      1.0
1        3 1.040e+04 7.090e+07 1.410e+06 1.040e+08    1e-20    1e-20    1e-20    1e-20    1e-20    1e-20    1e-20    1e-20    1e-20    1e-20    1e-20 4.91e-15  1.7e-09 7.25e-05      1.0
1        3 1.040e+04 7.090e+07 1.910e+06 1.410e+08    1e-20    1e-20    1e-20    1e-20    1e-20    1e-20    1e-20    1e-20    1e-20    1e-20    1e-20 1.98e-15 9.29e-10 5.36e-05      1.0
1        3 1.040e+04 7.090e+07 2.590e+06 1.900e+08    1e-20    1e-20    1e-20    1e-20    1e-20    1e-20    1e-20    1e-20    1e-20    1e-20    1e-20    8e-16 5.08e-10 3.96e-05      1.0
1        3 1.040e+04 7.090e+07 3.500e+06 2.570e+08    1e-20    1e-20    1e-20    1e-20    1e-20    1e-20    1e-20    1e-20    1e-20    1e-20    1e-20 3.23e-16 2.77e-10 2.93e-05      1.0
1        3 1.040e+04 7.090e+07 4.730e+06 3.480e+08    1e-20    1e-20    1e-20    1e-20    1e-20    1e-20    1e-20    1e-20    1e-20    1e-20    1e-20  1.3e-16 1.51e-10 2.16e-05      1.0
