       r    i inwind      i01      i02      i03      i04      i05      i06      i07      i08      i09      i10      i11      i12      i13      i14      i15      i16      i17      i18      i19      i20      i21 
1.20e+12    0     -1 0.00e+00 0.00e+00 0.00e+00 0.00e+00 0.00e+00 0.00e+00 0.00e+00 0.00e+00 0.00e+00 0.00e+00 0.00e+00 0.00e+00 0.00e+00 0.00e+00 0.00e+00 0.00e+00 0.00e+00 0.00e+00 0.00e+00 0.00e+00 0.00e+00 
1.40e+12    1      0 6.53e-14 7.98e-09 3.80e-03 8.02e-01 1.94e-01 5.63e-04 1.03e-09 4.76e-18 1.00e-20 1.00e-20 1.00e-20 1.00e-20 1.00e-20 1.00e-20 1.00e-20 1.00e-20 1.00e-20 1.00e-20 1.00e-20 1.00e-20 1.00e-20 
1.64e+12    2      0 7.30e-16 3.60e-10 6.62e-04 5.24e-01 4.70e-01 5.00e-03 3.33e-08 5.54e-16 1.00e-20 1.00e-20 1.00e-20 1.00e-20 1.00e-20 1.00e-20 1.00e-20 1.00e-20 1.00e-20 1.00e-20 1.00e-20 1.00e-20 1.00e-20 
1.92e+12    3      0 6.00e-17 5.87e-11 2.09e-04 3.41e-01 6.44e-01 1.48e-02 2.23e-07 8.68e-15 1.00e-20 1.00e-20 1.00e-20 1.00e-20 1.00e-20 1.00e-20 1.00e-20 1.00e-20 1.00e-20 1.00e-20 1.00e-20 1.00e-20 1.00e-20 
2.25e+12    4      0 1.24e-17 1.88e-11 1.00e-04 2.49e-01 7.25e-01 2.58e-02 6.12e-07 3.78e-14 1.00e-20 1.00e-20 1.00e-20 1.00e-20 1.00e-20 1.00e-20 1.00e-20 1.00e-20 1.00e-20 1.00e-20 1.00e-20 1.00e-20 1.00e-20 
2.63e+12    5      0 4.41e-18 9.17e-12 6.35e-05 2.04e-01 7.61e-01 3.46e-02 1.04e-06 8.18e-14 1.00e-20 1.00e-20 1.00e-20 1.00e-20 1.00e-20 1.00e-20 1.00e-20 1.00e-20 1.00e-20 1.00e-20 1.00e-20 1.00e-20 1.00e-20 
3.09e+12    6      0 2.14e-18 5.67e-12 4.73e-05 1.79e-01 7.80e-01 4.08e-02 1.40e-06 1.24e-13 1.00e-20 1.00e-20 1.00e-20 1.00e-20 1.00e-20 1.00e-20 1.00e-20 1.00e-20 1.00e-20 1.00e-20 1.00e-20 1.00e-20 1.00e-20 
3.61e+12    7      0 1.33e-18 4.30e-12 4.05e-05 1.69e-01 7.88e-01 4.36e-02 1.55e-06 1.41e-13 1.00e-20 1.00e-20 1.00e-20 1.00e-20 1.00e-20 1.00e-20 1.00e-20 1.00e-20 1.00e-20 1.00e-20 1.00e-20 1.00e-20 1.00e-20 
4.23e+12    8      0 9.29e-19 3.51e-12 3.66e-05 1.62e-01 7.93e-01 4.49e-02 1.60e-06 1.42e-13 1.00e-20 1.00e-20 1.00e-20 1.00e-20 1.00e-20 1.00e-20 1.00e-20 1.00e-20 1.00e-20 1.00e-20 1.00e-20 1.00e-20 1.00e-20 
4.96e+12    9      0 7.10e-19 3.05e-12 3.44e-05 1.60e-01 7.95e-01 4.51e-02 1.57e-06 1.34e-13 1.00e-20 1.00e-20 1.00e-20 1.00e-20 1.00e-20 1.00e-20 1.00e-20 1.00e-20 1.00e-20 1.00e-20 1.00e-20 1.00e-20 1.00e-20 
5.81e+12   10      0 5.89e-19 2.82e-12 3.38e-05 1.60e-01 7.96e-01 4.41e-02 1.46e-06 1.16e-13 1.00e-20 1.00e-20 1.00e-20 1.00e-20 1.00e-20 1.00e-20 1.00e-20 1.00e-20 1.00e-20 1.00e-20 1.00e-20 1.00e-20 1.00e-20 
6.80e+12   11      0 5.19e-19 2.72e-12 3.42e-05 1.63e-01 7.95e-01 4.25e-02 1.32e-06 9.63e-14 1.00e-20 1.00e-20 1.00e-20 1.00e-20 1.00e-20 1.00e-20 1.00e-20 1.00e-20 1.00e-20 1.00e-20 1.00e-20 1.00e-20 1.00e-20 
7.97e+12   12      0 4.65e-19 2.63e-12 3.44e-05 1.65e-01 7.94e-01 4.12e-02 1.22e-06 8.25e-14 1.00e-20 1.00e-20 1.00e-20 1.00e-20 1.00e-20 1.00e-20 1.00e-20 1.00e-20 1.00e-20 1.00e-20 1.00e-20 1.00e-20 1.00e-20 
9.33e+12   13      0 4.29e-19 2.59e-12 3.49e-05 1.67e-01 7.93e-01 3.98e-02 1.12e-06 7.08e-14 1.00e-20 1.00e-20 1.00e-20 1.00e-20 1.00e-20 1.00e-20 1.00e-20 1.00e-20 1.00e-20 1.00e-20 1.00e-20 1.00e-20 1.00e-20 
1.09e+13   14      0 4.16e-19 2.73e-12 3.69e-05 1.73e-01 7.90e-01 3.77e-02 9.87e-07 5.78e-14 1.00e-20 1.00e-20 1.00e-20 1.00e-20 1.00e-20 1.00e-20 1.00e-20 1.00e-20 1.00e-20 1.00e-20 1.00e-20 1.00e-20 1.00e-20 
1.28e+13   15      0 3.80e-19 2.57e-12 3.60e-05 1.72e-01 7.91e-01 3.77e-02 9.72e-07 5.55e-14 1.00e-20 1.00e-20 1.00e-20 1.00e-20 1.00e-20 1.00e-20 1.00e-20 1.00e-20 1.00e-20 1.00e-20 1.00e-20 1.00e-20 1.00e-20 
1.50e+13   16      0 3.60e-19 2.54e-12 3.62e-05 1.73e-01 7.90e-01 3.71e-02 9.32e-07 5.15e-14 1.00e-20 1.00e-20 1.00e-20 1.00e-20 1.00e-20 1.00e-20 1.00e-20 1.00e-20 1.00e-20 1.00e-20 1.00e-20 1.00e-20 1.00e-20 
1.76e+13   17      0 3.51e-19 2.60e-12 3.73e-05 1.76e-01 7.88e-01 3.59e-02 8.71e-07 4.60e-14 1.00e-20 1.00e-20 1.00e-20 1.00e-20 1.00e-20 1.00e-20 1.00e-20 1.00e-20 1.00e-20 1.00e-20 1.00e-20 1.00e-20 1.00e-20 
2.06e+13   18      0 3.44e-19 2.68e-12 3.84e-05 1.79e-01 7.86e-01 3.49e-02 8.19e-07 4.16e-14 1.00e-20 1.00e-20 1.00e-20 1.00e-20 1.00e-20 1.00e-20 1.00e-20 1.00e-20 1.00e-20 1.00e-20 1.00e-20 1.00e-20 1.00e-20 
2.41e+13   19      0 3.38e-19 2.75e-12 3.94e-05 1.82e-01 7.84e-01 3.41e-02 7.77e-07 3.82e-14 1.00e-20 1.00e-20 1.00e-20 1.00e-20 1.00e-20 1.00e-20 1.00e-20 1.00e-20 1.00e-20 1.00e-20 1.00e-20 1.00e-20 1.00e-20 
2.82e+13   20      0 3.35e-19 2.87e-12 4.08e-05 1.85e-01 7.82e-01 3.30e-02 7.30e-07 3.46e-14 1.00e-20 1.00e-20 1.00e-20 1.00e-20 1.00e-20 1.00e-20 1.00e-20 1.00e-20 1.00e-20 1.00e-20 1.00e-20 1.00e-20 1.00e-20 
3.31e+13   21      0 3.28e-19 3.00e-12 4.22e-05 1.88e-01 7.79e-01 3.21e-02 6.88e-07 3.16e-14 1.00e-20 1.00e-20 1.00e-20 1.00e-20 1.00e-20 1.00e-20 1.00e-20 1.00e-20 1.00e-20 1.00e-20 1.00e-20 1.00e-20 1.00e-20 
3.87e+13   22      0 3.35e-19 3.16e-12 4.38e-05 1.92e-01 7.77e-01 3.11e-02 6.46e-07 2.87e-14 1.00e-20 1.00e-20 1.00e-20 1.00e-20 1.00e-20 1.00e-20 1.00e-20 1.00e-20 1.00e-20 1.00e-20 1.00e-20 1.00e-20 1.00e-20 
4.54e+13   23      0 3.44e-19 3.38e-12 4.59e-05 1.97e-01 7.73e-01 2.99e-02 6.01e-07 2.57e-14 1.00e-20 1.00e-20 1.00e-20 1.00e-20 1.00e-20 1.00e-20 1.00e-20 1.00e-20 1.00e-20 1.00e-20 1.00e-20 1.00e-20 1.00e-20 
5.31e+13   24      0 3.36e-19 3.68e-12 4.87e-05 2.03e-01 7.68e-01 2.86e-02 5.51e-07 2.26e-14 1.00e-20 1.00e-20 1.00e-20 1.00e-20 1.00e-20 1.00e-20 1.00e-20 1.00e-20 1.00e-20 1.00e-20 1.00e-20 1.00e-20 1.00e-20 
6.22e+13   25      0 3.42e-19 4.01e-12 5.17e-05 2.09e-01 7.64e-01 2.73e-02 5.06e-07 1.99e-14 1.00e-20 1.00e-20 1.00e-20 1.00e-20 1.00e-20 1.00e-20 1.00e-20 1.00e-20 1.00e-20 1.00e-20 1.00e-20 1.00e-20 1.00e-20 
7.29e+13   26      0 3.30e-19 4.38e-12 5.50e-05 2.15e-01 7.59e-01 2.61e-02 4.63e-07 1.74e-14 1.00e-20 1.00e-20 1.00e-20 1.00e-20 1.00e-20 1.00e-20 1.00e-20 1.00e-20 1.00e-20 1.00e-20 1.00e-20 1.00e-20 1.00e-20 
8.54e+13   27      0 3.22e-19 4.80e-12 5.85e-05 2.22e-01 7.53e-01 2.48e-02 4.23e-07 1.52e-14 1.00e-20 1.00e-20 1.00e-20 1.00e-20 1.00e-20 1.00e-20 1.00e-20 1.00e-20 1.00e-20 1.00e-20 1.00e-20 1.00e-20 1.00e-20 
1.00e+14   28     -1 0.00e+00 0.00e+00 0.00e+00 0.00e+00 0.00e+00 0.00e+00 0.00e+00 0.00e+00 0.00e+00 0.00e+00 0.00e+00 0.00e+00 0.00e+00 0.00e+00 0.00e+00 0.00e+00 0.00e+00 0.00e+00 0.00e+00 0.00e+00 0.00e+00 
1.17e+14   29     -1 0.00e+00 0.00e+00 0.00e+00 0.00e+00 0.00e+00 0.00e+00 0.00e+00 0.00e+00 0.00e+00 0.00e+00 0.00e+00 0.00e+00 0.00e+00 0.00e+00 0.00e+00 0.00e+00 0.00e+00 0.00e+00 0.00e+00 0.00e+00 0.00e+00 
