       r    i inwind      i01      i02      i03      i04      i05      i06      i07 
1.20e+12    0     -1 0.00e+00 0.00e+00 0.00e+00 0.00e+00 0.00e+00 0.00e+00 0.00e+00 
1.40e+12    1      0 7.23e-13 3.04e-06 8.60e-02 6.88e-01 2.26e-01 1.00e-20 1.00e-20 
1.64e+12    2      0 4.46e-15 9.44e-08 1.26e-02 4.45e-01 5.43e-01 1.00e-20 1.00e-20 
1.92e+12    3      0 2.38e-16 1.16e-08 3.48e-03 2.80e-01 7.17e-01 1.00e-20 1.00e-20 
2.25e+12    4      0 3.42e-17 2.97e-09 1.49e-03 2.02e-01 7.96e-01 1.00e-20 1.00e-20 
2.63e+12    5      0 8.50e-18 1.16e-09 8.42e-04 1.65e-01 8.35e-01 1.00e-20 1.00e-20 
3.09e+12    6      0 3.11e-18 6.00e-10 5.67e-04 1.44e-01 8.55e-01 1.00e-20 1.00e-20 
3.61e+12    7      0 1.45e-18 3.79e-10 4.34e-04 1.35e-01 8.65e-01 1.00e-20 1.00e-20 
4.23e+12    8      0 8.79e-19 2.81e-10 3.67e-04 1.29e-01 8.71e-01 1.00e-20 1.00e-20 
4.96e+12    9      0 6.12e-19 2.29e-10 3.28e-04 1.26e-01 8.74e-01 1.00e-20 1.00e-20 
5.81e+12   10      0 4.77e-19 2.01e-10 3.09e-04 1.26e-01 8.74e-01 1.00e-20 1.00e-20 
6.80e+12   11      0 3.96e-19 1.85e-10 2.99e-04 1.27e-01 8.73e-01 1.00e-20 1.00e-20 
7.97e+12   12      0 3.46e-19 1.74e-10 2.94e-04 1.28e-01 8.72e-01 1.00e-20 1.00e-20 
9.33e+12   13      0 3.11e-19 1.67e-10 2.91e-04 1.29e-01 8.70e-01 1.00e-20 1.00e-20 
1.09e+13   14      0 2.85e-19 1.65e-10 2.92e-04 1.33e-01 8.67e-01 1.00e-20 1.00e-20 
1.28e+13   15      0 2.65e-19 1.57e-10 2.87e-04 1.32e-01 8.68e-01 1.00e-20 1.00e-20 
1.50e+13   16      0 2.49e-19 1.53e-10 2.84e-04 1.33e-01 8.67e-01 1.00e-20 1.00e-20 
1.76e+13   17      0 2.39e-19 1.53e-10 2.86e-04 1.35e-01 8.65e-01 1.00e-20 1.00e-20 
2.06e+13   18      0 2.33e-19 1.53e-10 2.88e-04 1.37e-01 8.63e-01 1.00e-20 1.00e-20 
2.41e+13   19      0 2.29e-19 1.54e-10 2.91e-04 1.38e-01 8.61e-01 1.00e-20 1.00e-20 
2.82e+13   20      0 2.31e-19 1.57e-10 2.97e-04 1.41e-01 8.59e-01 1.00e-20 1.00e-20 
3.31e+13   21      0 2.33e-19 1.61e-10 3.03e-04 1.43e-01 8.57e-01 1.00e-20 1.00e-20 
3.87e+13   22      0 2.39e-19 1.67e-10 3.12e-04 1.45e-01 8.54e-01 1.00e-20 1.00e-20 
4.54e+13   23      0 2.49e-19 1.76e-10 3.25e-04 1.49e-01 8.51e-01 1.00e-20 1.00e-20 
5.31e+13   24      0 2.69e-19 1.88e-10 3.43e-04 1.53e-01 8.47e-01 1.00e-20 1.00e-20 
6.22e+13   25      0 2.92e-19 2.03e-10 3.63e-04 1.57e-01 8.43e-01 1.00e-20 1.00e-20 
7.29e+13   26      0 3.20e-19 2.21e-10 3.86e-04 1.61e-01 8.38e-01 1.00e-20 1.00e-20 
8.54e+13   27      0 3.53e-19 2.41e-10 4.12e-04 1.66e-01 8.34e-01 1.00e-20 1.00e-20 
1.00e+14   28     -1 0.00e+00 0.00e+00 0.00e+00 0.00e+00 0.00e+00 0.00e+00 0.00e+00 
1.17e+14   29     -1 0.00e+00 0.00e+00 0.00e+00 0.00e+00 0.00e+00 0.00e+00 0.00e+00 
