        r    i inwind converge       v_x       v_y       v_z       vol       rho        ne       t_e   t_e_old      dt_e  dt_e_old       t_r   t_r_old         w  heat_tot heat_tot_  cool_tot      ntot        ip    nioniz      gain macro_bf_ macro_bf_ 
1.195e+12    0     -1        0  7.07e+03  0.00e+00  7.07e+03  0.00e+00  0.00e+00  0.00e+00  0.00e+00  0.00e+00  0.00e+00  0.00e+00  0.00e+00  0.00e+00  0.00e+00  0.00e+00  0.00e+00  0.00e+00  0.00e+00  0.00e+00  0.00e+00  0.00e+00  0.00e+00  0.00e+00 
1.400e+12    1      0        0  7.07e+03  0.00e+00  7.07e+03  6.98e+36  9.52e-12  4.42e+12  2.69e+04  2.69e+04 -1.89e+00  6.44e+00  3.91e+04  3.91e+04  3.34e-01  1.65e+38  1.62e+38  1.62e+38  1.05e+07  2.27e+01  6.17e+06  1.00e-01  0.00e+00  0.00e+00 
1.640e+12    2      0        0  1.37e+06  0.00e+00  1.37e+06  1.12e+37  9.61e-13  4.47e+11  2.46e+04  2.46e+04 -1.75e+00 -2.64e+00  3.91e+04  3.91e+04  1.39e-01  3.78e+36  3.28e+36  3.27e+36  8.61e+06  8.84e+01  4.16e+06  1.33e-01  0.00e+00  0.00e+00 
1.921e+12    3      0        0  4.68e+06  0.00e+00  4.68e+06  1.80e+37  2.97e-13  1.38e+11  2.33e+04  2.32e+04  2.35e+01 -2.09e+01  3.93e+04  3.93e+04  8.39e-02  7.01e+35  5.90e+35  5.89e+35  8.22e+06  1.78e+02  3.95e+06  3.86e-01  0.00e+00  0.00e+00 
2.250e+12    4      0        0  9.08e+06  0.00e+00  9.08e+06  2.89e+37  1.28e-13  5.96e+10  2.20e+04  2.21e+04  4.91e+01  6.83e+01  3.94e+04  3.94e+04  5.58e-02  1.87e+35  1.62e+35  1.62e+35  8.08e+06  2.76e+02  3.87e+06  8.00e-01  0.00e+00  0.00e+00 
2.635e+12    5      0        0  1.40e+07  0.00e+00  1.40e+07  4.65e+37  6.53e-14  3.04e+10  2.07e+04  2.07e+04 -6.81e-01  2.51e+01  3.94e+04  3.94e+04  3.86e-02  6.84e+34  6.08e+34  6.07e+34  8.00e+06  3.74e+02  3.81e+06  1.20e-01  0.00e+00  0.00e+00 
3.086e+12    6      0        0  1.90e+07  0.00e+00  1.90e+07  7.47e+37  3.66e-14  1.70e+10  1.96e+04  1.95e+04  9.61e+01 -1.16e+02  3.93e+04  3.93e+04  2.73e-02  3.09e+34  2.84e+34  2.83e+34  7.94e+06  4.68e+02  3.77e+06  5.22e-01  0.00e+00  0.00e+00 
3.615e+12    7      0        0  2.39e+07  0.00e+00  2.39e+07  1.20e+38  2.19e-14  1.02e+10  1.83e+04  1.85e+04  1.43e+02  8.62e+01  3.92e+04  3.92e+04  1.96e-02  1.58e+34  1.48e+34  1.50e+34  7.89e+06  5.54e+02  3.74e+06  6.16e-01  0.00e+00  0.00e+00 
4.234e+12    8      0        0  2.85e+07  0.00e+00  2.85e+07  1.93e+38  1.36e-14  6.34e+09  1.76e+04  1.76e+04 -3.61e+01 -2.66e+00  3.90e+04  3.91e+04  1.42e-02  9.47e+33  9.03e+33  9.01e+33  7.85e+06  6.30e+02  3.70e+06  2.70e-01  0.00e+00  0.00e+00 
4.959e+12    9      0        0  3.28e+07  0.00e+00  3.28e+07  3.10e+38  8.78e-15  4.08e+09  1.70e+04  1.71e+04 -4.80e+01  9.96e+01  3.89e+04  3.89e+04  1.03e-02  5.93e+33  5.75e+33  5.84e+33  7.82e+06  6.97e+02  3.68e+06  1.72e-01  0.00e+00  0.00e+00 
5.809e+12   10      0        0  3.67e+07  0.00e+00  3.67e+07  4.98e+38  5.79e-15  2.69e+09  1.65e+04  1.64e+04 -1.19e+02  2.27e+02  3.88e+04  3.88e+04  7.51e-03  4.13e+33  4.04e+33  4.01e+33  7.79e+06  7.56e+02  3.66e+06  3.44e-01  0.00e+00  0.00e+00 
6.804e+12   11      0        0  4.01e+07  0.00e+00  4.01e+07  8.01e+38  3.89e-15  1.81e+09  1.61e+04  1.58e+04 -8.89e+01 -1.32e+02  3.86e+04  3.86e+04  5.49e-03  2.94e+33  2.91e+33  2.86e+33  7.77e+06  8.06e+02  3.64e+06  4.91e-01  0.00e+00  0.00e+00 
7.969e+12   12      0        0  4.32e+07  0.00e+00  4.32e+07  1.29e+39  2.65e-15  1.23e+09  1.58e+04  1.56e+04 -2.15e+01 -6.22e+01  3.85e+04  3.85e+04  4.01e-03  2.18e+33  2.17e+33  2.13e+33  7.75e+06  8.49e+02  3.62e+06  3.65e-01  0.00e+00  0.00e+00 
9.334e+12   13      0        0  4.60e+07  0.00e+00  4.60e+07  2.07e+39  1.83e-15  8.50e+08  1.55e+04  1.55e+04  1.89e+02 -6.59e+01  3.84e+04  3.84e+04  2.93e-03  1.63e+33  1.62e+33  1.62e+33  7.74e+06  8.87e+02  3.61e+06  1.89e-01  0.00e+00  0.00e+00 
1.093e+13   14      0        0  4.84e+07  0.00e+00  4.84e+07  3.32e+39  1.27e-15  5.91e+08  1.47e+04  1.55e+04  6.38e+02 -3.60e+02  3.83e+04  3.83e+04  2.14e-03  1.23e+33  1.23e+33  1.24e+33  7.73e+06  9.20e+02  3.61e+06  8.00e-01  0.00e+00  0.00e+00 
1.281e+13   15      0        0  5.05e+07  0.00e+00  5.05e+07  5.34e+39  8.91e-16  4.15e+08  1.48e+04  1.48e+04  1.70e+02 -7.05e+01  3.82e+04  3.82e+04  1.57e-03  1.00e+33  1.00e+33  1.00e+33  7.72e+06  9.49e+02  3.60e+06  2.40e-01  0.00e+00  0.00e+00 
1.500e+13   16      0        0  5.23e+07  0.00e+00  5.23e+07  8.58e+39  6.29e-16  2.93e+08  1.46e+04  1.47e+04  6.23e+01 -7.84e+00  3.82e+04  3.82e+04  1.14e-03  7.99e+32  7.98e+32  8.12e+32  7.72e+06  9.74e+02  3.59e+06  1.46e-01  0.00e+00  0.00e+00 
1.757e+13   17      0        0  5.39e+07  0.00e+00  5.39e+07  1.38e+40  4.46e-16  2.08e+08  1.42e+04  1.43e+04  1.00e+02 -3.35e+01  3.81e+04  3.81e+04  8.35e-04  6.54e+32  6.54e+32  6.61e+32  7.71e+06  9.95e+02  3.59e+06  1.10e-01  0.00e+00  0.00e+00 
2.058e+13   18      0        0  5.53e+07  0.00e+00  5.53e+07  2.21e+40  3.18e-16  1.48e+08  1.38e+04  1.38e+04  1.81e+01 -2.79e+01  3.81e+04  3.81e+04  6.09e-04  5.54e+32  5.54e+32  5.44e+32  7.71e+06  1.01e+03  3.59e+06  1.00e-01  0.00e+00  0.00e+00 
2.410e+13   19      0        0  5.65e+07  0.00e+00  5.65e+07  3.56e+40  2.27e-16  1.06e+08  1.35e+04  1.35e+04  3.16e+01 -1.27e+01  3.81e+04  3.81e+04  4.45e-04  4.54e+32  4.54e+32  4.54e+32  7.70e+06  1.03e+03  3.58e+06  2.29e-01  0.00e+00  0.00e+00 
2.823e+13   20      0        0  5.75e+07  0.00e+00  5.75e+07  5.72e+40  1.63e-16  7.58e+07  1.31e+04  1.32e+04  6.92e+01  3.99e+02  3.80e+04  3.80e+04  3.24e-04  3.79e+32  3.79e+32  3.80e+32  7.70e+06  1.04e+03  3.58e+06  8.00e-01  0.00e+00  0.00e+00 
3.306e+13   21      0        0  5.84e+07  0.00e+00  5.84e+07  9.19e+40  1.17e-16  5.45e+07  1.27e+04  1.27e+04  3.20e+01  1.03e+02  3.80e+04  3.80e+04  2.37e-04  3.22e+32  3.22e+32  3.22e+32  7.70e+06  1.06e+03  3.58e+06  4.91e-01  0.00e+00  0.00e+00 
3.873e+13   22      0        0  5.91e+07  0.00e+00  5.91e+07  1.48e+41  8.43e-17  3.92e+07  1.22e+04  1.23e+04  2.85e+01  9.10e+01  3.80e+04  3.80e+04  1.73e-04  2.74e+32  2.74e+32  2.75e+32  7.70e+06  1.07e+03  3.58e+06  3.12e-01  0.00e+00  0.00e+00 
4.536e+13   23      0        0  5.98e+07  0.00e+00  5.98e+07  2.37e+41  6.09e-17  2.83e+07  1.18e+04  1.17e+04  1.01e+01  3.65e+01  3.80e+04  3.80e+04  1.26e-04  2.38e+32  2.38e+32  2.36e+32  7.70e+06  1.08e+03  3.58e+06  2.70e-01  0.00e+00  0.00e+00 
5.313e+13   24      0        0  6.03e+07  0.00e+00  6.03e+07  3.81e+41  4.40e-17  2.05e+07  1.12e+04  1.12e+04 -5.80e+00  2.42e+00  3.80e+04  3.80e+04  9.18e-05  2.04e+32  2.04e+32  2.03e+32  7.69e+06  1.08e+03  3.57e+06  1.10e-01  0.00e+00  0.00e+00 
6.223e+13   25      0        0  6.08e+07  0.00e+00  6.08e+07  6.13e+41  3.18e-17  1.48e+07  1.07e+04  1.07e+04 -6.46e+00  4.54e+00  3.80e+04  3.80e+04  6.69e-05  1.77e+32  1.77e+32  1.76e+32  7.69e+06  1.09e+03  3.57e+06  2.52e-01  0.00e+00  0.00e+00 
7.289e+13   26      0        0  6.12e+07  0.00e+00  6.12e+07  9.85e+41  2.31e-17  1.07e+07  1.02e+04  1.02e+04 -2.13e+00 -1.57e+01  3.79e+04  3.80e+04  4.88e-05  1.54e+32  1.54e+32  1.53e+32  7.69e+06  1.09e+03  3.57e+06  2.08e-01  0.00e+00  0.00e+00 
8.538e+13   27      0        0  6.16e+07  0.00e+00  6.16e+07  1.58e+42  1.67e-17  7.78e+06  9.73e+03  9.63e+03  4.47e+01  1.10e+02  3.79e+04  3.80e+04  3.56e-05  1.36e+32  1.36e+32  1.34e+32  7.69e+06  1.10e+03  3.57e+06  3.44e-01  0.00e+00  0.00e+00 
1.000e+14   28     -1        0  6.19e+07  0.00e+00  6.19e+07  0.00e+00  0.00e+00  0.00e+00  0.00e+00  0.00e+00  0.00e+00  0.00e+00  0.00e+00  0.00e+00  0.00e+00  0.00e+00  0.00e+00  0.00e+00  0.00e+00  0.00e+00  0.00e+00  0.00e+00  0.00e+00  0.00e+00 
1.171e+14   29     -1        0  6.21e+07  0.00e+00  6.21e+07  0.00e+00  0.00e+00  0.00e+00  0.00e+00  0.00e+00  0.00e+00  0.00e+00  0.00e+00  0.00e+00  0.00e+00  0.00e+00  0.00e+00  0.00e+00  0.00e+00  0.00e+00  0.00e+00  0.00e+00  0.00e+00  0.00e+00 
