        r    i inwind converge       v_x       v_y       v_z   dv_x_dx   dv_y_dx   dv_z_dx   dv_x_dy   dv_y_dy   dv_z_dy   dv_x_dz   dv_y_dz   dv_z_dz     div_v  dvds_max     gamma    dfudge 
1.195e+12    0     -1        0  7.07e+03  0.00e+00  7.07e+03  0.00e+00  0.00e+00  0.00e+00  0.00e+00  0.00e+00  0.00e+00  0.00e+00  0.00e+00  0.00e+00  0.00e+00  0.00e+00  0.00e+00  0.00e+00 
1.400e+12    1      0        0  7.07e+03  0.00e+00  7.07e+03  3.69e-09 -1.54e-20 -3.46e-09  0.00e+00  7.14e-09  0.00e+00 -3.46e-09 -1.54e-20  3.69e-09  9.35e-06  7.14e-09  1.00e+00  8.48e+05 
1.640e+12    2      0        0  1.37e+06  0.00e+00  1.37e+06  7.44e-06  4.91e-19  6.26e-06  0.00e+00  1.18e-06  0.00e+00  6.26e-06  4.91e-19  7.44e-06  2.16e-05  1.37e-05  1.00e+00  9.93e+05 
1.921e+12    3      0        0  4.68e+06  0.00e+00  4.68e+06  1.10e-05 -1.48e-18  7.53e-06  0.00e+00  3.45e-06  0.00e+00  7.53e-06 -1.48e-18  1.10e-05  2.84e-05  1.85e-05  1.00e+00  1.16e+06 
2.250e+12    4      0        0  9.08e+06  0.00e+00  9.08e+06  1.23e-05  1.31e-17  6.55e-06  0.00e+00  5.71e-06  0.00e+00  6.55e-06  1.31e-17  1.23e-05  3.15e-05  1.88e-05  1.00e+00  1.36e+06 
2.635e+12    5      0        0  1.40e+07  0.00e+00  1.40e+07  1.23e-05  2.19e-17  4.75e-06  0.00e+00  7.51e-06  0.00e+00  4.75e-06  2.19e-17  1.23e-05  3.21e-05  1.70e-05  1.00e+00  1.60e+06 
3.086e+12    6      0        0  1.90e+07  0.00e+00  1.90e+07  1.16e-05 -4.27e-17  2.87e-06  0.00e+00  8.71e-06  0.00e+00  2.87e-06 -4.27e-17  1.16e-05  3.13e-05  1.45e-05  1.00e+00  1.87e+06 
3.615e+12    7      0        0  2.39e+07  0.00e+00  2.39e+07  1.06e-05 -1.92e-17  1.23e-06  0.00e+00  9.35e-06  0.00e+00  1.23e-06 -1.92e-17  1.06e-05  2.95e-05  1.18e-05  1.00e+00  2.19e+06 
4.234e+12    8      0        0  2.85e+07  0.00e+00  2.85e+07  9.47e-06 -1.09e-17 -5.85e-08  0.00e+00  9.52e-06  0.00e+00 -5.85e-08 -1.09e-17  9.47e-06  2.72e-05  9.52e-06  1.00e+00  2.56e+06 
4.959e+12    9      0        0  3.28e+07  0.00e+00  3.28e+07  8.35e-06 -7.03e-17 -9.98e-07  0.00e+00  9.35e-06  0.00e+00 -9.98e-07 -7.03e-17  8.35e-06  2.47e-05  9.35e-06  1.00e+00  3.00e+06 
5.809e+12   10      0        0  3.67e+07  0.00e+00  3.67e+07  7.30e-06 -9.37e-17 -1.63e-06  0.00e+00  8.93e-06  0.00e+00 -1.63e-06 -9.37e-17  7.30e-06  2.22e-05  8.93e-06  1.00e+00  3.52e+06 
6.804e+12   11      0        0  4.01e+07  0.00e+00  4.01e+07  6.33e-06 -1.41e-16 -2.01e-06  0.00e+00  8.34e-06  0.00e+00 -2.01e-06 -1.41e-16  6.33e-06  1.98e-05  8.34e-06  1.00e+00  4.12e+06 
7.969e+12   12      0        0  4.32e+07  0.00e+00  4.32e+07  5.47e-06 -1.24e-16 -2.20e-06  0.00e+00  7.67e-06  0.00e+00 -2.20e-06 -1.24e-16  5.47e-06  1.74e-05  7.67e-06  1.00e+00  4.83e+06 
9.334e+12   13      0        0  4.60e+07  0.00e+00  4.60e+07  4.71e-06 -1.68e-16 -2.25e-06  0.00e+00  6.97e-06  0.00e+00 -2.25e-06 -1.68e-16  4.71e-06  1.53e-05  6.97e-06  1.00e+00  5.65e+06 
1.093e+13   14      0        0  4.84e+07  0.00e+00  4.84e+07  4.05e-06 -9.19e-17 -2.21e-06  0.00e+00  6.26e-06  0.00e+00 -2.21e-06 -9.19e-17  4.05e-06  1.34e-05  6.26e-06  1.00e+00  6.62e+06 
1.281e+13   15      0        0  5.05e+07  0.00e+00  5.05e+07  3.47e-06 -1.51e-16 -2.10e-06  0.00e+00  5.58e-06  0.00e+00 -2.10e-06 -1.51e-16  3.47e-06  1.16e-05  5.58e-06  1.00e+00  7.75e+06 
1.500e+13   16      0        0  5.23e+07  0.00e+00  5.23e+07  2.97e-06 -9.31e-17 -1.96e-06  0.00e+00  4.93e-06  0.00e+00 -1.96e-06 -9.31e-17  2.97e-06  1.01e-05  4.93e-06  1.00e+00  9.08e+06 
1.757e+13   17      0        0  5.39e+07  0.00e+00  5.39e+07  2.55e-06 -9.41e-17 -1.79e-06  0.00e+00  4.34e-06  0.00e+00 -1.79e-06 -9.41e-17  2.55e-06  8.75e-06  4.34e-06  1.00e+00  1.06e+07 
2.058e+13   18      0        0  5.53e+07  0.00e+00  5.53e+07  2.18e-06 -7.71e-17 -1.62e-06  0.00e+00  3.80e-06  0.00e+00 -1.62e-06 -7.71e-17  2.18e-06  7.55e-06  3.80e-06  1.00e+00  1.25e+07 
2.410e+13   19      0        0  5.65e+07  0.00e+00  5.65e+07  1.86e-06 -8.51e-17 -1.45e-06  0.00e+00  3.31e-06  0.00e+00 -1.45e-06 -8.51e-17  1.86e-06  6.51e-06  3.31e-06  1.00e+00  1.46e+07 
2.823e+13   20      0        0  5.75e+07  0.00e+00  5.75e+07  1.59e-06 -8.01e-17 -1.29e-06  0.00e+00  2.88e-06  0.00e+00 -1.29e-06 -8.01e-17  1.59e-06  5.61e-06  2.88e-06  1.00e+00  1.71e+07 
3.306e+13   21      0        0  5.84e+07  0.00e+00  5.84e+07  1.36e-06 -7.17e-17 -1.14e-06  0.00e+00  2.50e-06  0.00e+00 -1.14e-06 -7.17e-17  1.36e-06  4.82e-06  2.50e-06  1.00e+00  2.00e+07 
3.873e+13   22      0        0  5.91e+07  0.00e+00  5.91e+07  1.16e-06 -5.59e-17 -9.99e-07  0.00e+00  2.16e-06  0.00e+00 -9.99e-07 -5.59e-17  1.16e-06  4.14e-06  2.16e-06  1.00e+00  2.35e+07 
4.536e+13   23      0        0  5.98e+07  0.00e+00  5.98e+07  9.91e-07 -4.98e-17 -8.72e-07  0.00e+00  1.86e-06  0.00e+00 -8.72e-07 -4.98e-17  9.91e-07  3.55e-06  1.86e-06  1.00e+00  2.75e+07 
5.313e+13   24      0        0  6.03e+07  0.00e+00  6.03e+07  8.46e-07 -4.07e-17 -7.59e-07  0.00e+00  1.61e-06  0.00e+00 -7.59e-07 -4.07e-17  8.46e-07  3.04e-06  1.61e-06  1.00e+00  3.22e+07 
6.223e+13   25      0        0  6.08e+07  0.00e+00  6.08e+07  7.23e-07 -3.96e-17 -6.59e-07  0.00e+00  1.38e-06  0.00e+00 -6.59e-07 -3.96e-17  7.23e-07  2.61e-06  1.38e-06  1.00e+00  3.77e+07 
7.289e+13   26      0        0  6.12e+07  0.00e+00  6.12e+07  6.17e-07 -3.91e-17 -5.71e-07  0.00e+00  1.19e-06  0.00e+00 -5.71e-07 -3.91e-17  6.17e-07  2.23e-06  1.19e-06  1.00e+00  4.41e+07 
8.538e+13   27      0        0  6.16e+07  0.00e+00  6.16e+07  5.27e-07 -3.51e-17 -4.93e-07  0.00e+00  1.02e-06  0.00e+00 -4.93e-07 -3.51e-17  5.27e-07  1.91e-06  1.02e-06  1.00e+00  5.17e+07 
1.000e+14   28     -1        0  6.19e+07  0.00e+00  6.19e+07  0.00e+00  0.00e+00  0.00e+00  0.00e+00  0.00e+00  0.00e+00  0.00e+00  0.00e+00  0.00e+00  0.00e+00  0.00e+00  0.00e+00  0.00e+00 
1.171e+14   29     -1        0  6.21e+07  0.00e+00  6.21e+07  0.00e+00  0.00e+00  0.00e+00  0.00e+00  0.00e+00  0.00e+00  0.00e+00  0.00e+00  0.00e+00  0.00e+00  0.00e+00  0.00e+00  0.00e+00 
