       r    i inwind      i01      i02      i03 
1.20e+12    0     -1 0.00e+00 0.00e+00 0.00e+00 
1.40e+12    1      0 1.64e-08 2.42e-02 9.76e-01 
1.64e+12    2      0 1.18e-09 6.58e-03 9.93e-01 
1.92e+12    3      0 2.89e-10 3.19e-03 9.97e-01 
2.25e+12    4      0 1.26e-10 2.08e-03 9.98e-01 
2.63e+12    5      0 7.51e-11 1.61e-03 9.98e-01 
3.09e+12    6      0 5.33e-11 1.37e-03 9.99e-01 
3.61e+12    7      0 4.35e-11 1.25e-03 9.99e-01 
4.23e+12    8      0 3.74e-11 1.18e-03 9.99e-01 
4.96e+12    9      0 3.36e-11 1.13e-03 9.99e-01 
5.81e+12   10      0 3.14e-11 1.12e-03 9.99e-01 
6.80e+12   11      0 3.04e-11 1.11e-03 9.99e-01 
7.97e+12   12      0 2.94e-11 1.11e-03 9.99e-01 
9.33e+12   13      0 2.89e-11 1.12e-03 9.99e-01 
1.09e+13   14      0 2.97e-11 1.14e-03 9.99e-01 
1.28e+13   15      0 2.84e-11 1.13e-03 9.99e-01 
1.50e+13   16      0 2.80e-11 1.13e-03 9.99e-01 
1.76e+13   17      0 2.84e-11 1.14e-03 9.99e-01 
2.06e+13   18      0 2.89e-11 1.15e-03 9.99e-01 
2.41e+13   19      0 2.93e-11 1.17e-03 9.99e-01 
2.82e+13   20      0 3.01e-11 1.19e-03 9.99e-01 
3.31e+13   21      0 3.09e-11 1.20e-03 9.99e-01 
3.87e+13   22      0 3.20e-11 1.23e-03 9.99e-01 
4.54e+13   23      0 3.33e-11 1.26e-03 9.99e-01 
5.31e+13   24      0 3.52e-11 1.29e-03 9.99e-01 
6.22e+13   25      0 3.73e-11 1.33e-03 9.99e-01 
7.29e+13   26      0 3.96e-11 1.37e-03 9.99e-01 
8.54e+13   27      0 4.20e-11 1.41e-03 9.99e-01 
1.00e+14   28     -1 0.00e+00 0.00e+00 0.00e+00 
1.17e+14   29     -1 0.00e+00 0.00e+00 0.00e+00 
