       r    i inwind      i01      i02 
1.20e+12    0     -1 0.00e+00 0.00e+00 
1.40e+12    1      0 1.09e-07 1.00e+00 
1.64e+12    2      0 2.87e-08 1.00e+00 
1.92e+12    3      0 1.49e-08 1.00e+00 
2.25e+12    4      0 1.00e-08 1.00e+00 
2.63e+12    5      0 7.73e-09 1.00e+00 
3.09e+12    6      0 6.45e-09 1.00e+00 
3.61e+12    7      0 5.72e-09 1.00e+00 
4.23e+12    8      0 5.18e-09 1.00e+00 
4.96e+12    9      0 4.78e-09 1.00e+00 
5.81e+12   10      0 4.50e-09 1.00e+00 
6.80e+12   11      0 4.30e-09 1.00e+00 
7.97e+12   12      0 4.13e-09 1.00e+00 
9.33e+12   13      0 4.01e-09 1.00e+00 
1.09e+13   14      0 4.00e-09 1.00e+00 
1.28e+13   15      0 3.86e-09 1.00e+00 
1.50e+13   16      0 3.79e-09 1.00e+00 
1.76e+13   17      0 3.78e-09 1.00e+00 
2.06e+13   18      0 3.79e-09 1.00e+00 
2.41e+13   19      0 3.80e-09 1.00e+00 
2.82e+13   20      0 3.83e-09 1.00e+00 
3.31e+13   21      0 3.87e-09 1.00e+00 
3.87e+13   22      0 3.93e-09 1.00e+00 
4.54e+13   23      0 4.01e-09 1.00e+00 
5.31e+13   24      0 4.12e-09 1.00e+00 
6.22e+13   25      0 4.24e-09 1.00e+00 
7.29e+13   26      0 4.36e-09 1.00e+00 
8.54e+13   27      0 4.49e-09 1.00e+00 
1.00e+14   28     -1 0.00e+00 0.00e+00 
1.17e+14   29     -1 0.00e+00 0.00e+00 
