        r    i inwind converge       v_x       v_y       v_z       vol       rho        ne       t_e       t_r         w  ave_freq         J  J_direct   J_scatt   lum_tot  heat_tot heat_comp heat_line   heat_ff heat_phot heat_auge  cool_tot cool_comp lum_lines   cool_dr    lum_ff    lum_rr   cool_rr cool_adia heat_shoc heat_line heat_phot 
1.195e+12    0     -1        0  7.07e+03  0.00e+00  7.07e+03  0.00e+00  0.00e+00  0.00e+00  0.00e+00  0.00e+00  0.00e+00  0.00e+00  0.00e+00  0.00e+00  0.00e+00  0.00e+00  0.00e+00  0.00e+00  0.00e+00  0.00e+00  0.00e+00  0.00e+00  0.00e+00  0.00e+00  0.00e+00  0.00e+00  0.00e+00  0.00e+00  0.00e+00  0.00e+00  0.00e+00  0.00e+00  0.00e+00 
1.400e+12    1      0        0  7.07e+03  0.00e+00  7.07e+03  6.98e+36  9.52e-12  4.42e+12  2.69e+04  3.91e+04  3.34e-01  3.13e+15  1.42e+13  5.13e+12  9.02e+12  1.48e+38  1.65e+38  9.22e+34  9.16e+36  4.34e+37  1.12e+38  0.00e+00  1.62e+38  6.62e+34  1.71e+36  5.68e+36  2.83e+36  1.43e+38  1.00e+38  1.99e+33  0.00e+00  0.00e+00  0.00e+00 
1.640e+12    2      0        0  1.37e+06  0.00e+00  1.37e+06  1.12e+37  9.61e-13  4.47e+11  2.46e+04  3.91e+04  1.39e-01  3.12e+15  5.85e+12  1.78e+12  4.06e+12  3.08e+36  3.78e+36  6.18e+33  1.59e+36  3.17e+35  1.86e+36  0.00e+00  3.27e+36  4.07e+33  4.96e+35  9.01e+34  3.44e+34  2.55e+36  1.62e+36  6.84e+32  0.00e+00  0.00e+00  0.00e+00 
1.921e+12    3      0        0  4.68e+06  0.00e+00  4.68e+06  1.80e+37  2.97e-13  1.38e+11  2.33e+04  3.93e+04  8.39e-02  3.14e+15  3.61e+12  1.10e+12  2.51e+12  5.67e+35  7.01e+35  1.90e+33  3.73e+35  3.10e+34  2.95e+35  0.00e+00  5.89e+35  1.18e+33  1.51e+35  1.34e+34  4.25e+33  4.11e+35  2.44e+35  4.20e+32  0.00e+00  0.00e+00  0.00e+00 
2.250e+12    4      0        0  9.08e+06  0.00e+00  9.08e+06  2.89e+37  1.28e-13  5.96e+10  2.20e+04  3.94e+04  5.58e-02  3.14e+15  2.42e+12  7.42e+11  1.68e+12  1.70e+35  1.87e+35  8.88e+32  8.92e+34  6.50e+33  9.02e+34  0.00e+00  1.62e+35  5.18e+32  3.70e+34  3.89e+33  1.03e+33  1.32e+35  7.19e+34  3.06e+32  0.00e+00  0.00e+00  0.00e+00 
2.635e+12    5      0        0  1.40e+07  0.00e+00  1.40e+07  4.65e+37  6.53e-14  3.04e+10  2.07e+04  3.94e+04  3.86e-02  3.14e+15  1.67e+12  5.13e+11  1.16e+12  7.05e+34  6.84e+34  5.03e+32  2.70e+34  1.99e+33  3.89e+34  0.00e+00  6.07e+34  2.76e+32  1.16e+34  1.56e+33  3.32e+32  5.85e+34  2.94e+34  2.41e+32  0.00e+00  0.00e+00  0.00e+00 
3.086e+12    6      0        0  1.90e+07  0.00e+00  1.90e+07  7.47e+37  3.66e-14  1.70e+10  1.96e+04  3.93e+04  2.73e-02  3.14e+15  1.17e+12  3.60e+11  8.14e+11  3.58e+34  3.09e+34  3.18e+32  9.35e+33  7.51e+32  2.04e+34  0.00e+00  2.83e+34  1.65e+32  4.56e+33  7.65e+32  1.32e+32  3.11e+34  1.46e+34  2.00e+32  0.00e+00  0.00e+00  0.00e+00 
3.615e+12    7      0        0  2.39e+07  0.00e+00  2.39e+07  1.20e+38  2.19e-14  1.02e+10  1.83e+04  3.92e+04  1.96e-02  3.13e+15  8.33e+11  2.56e+11  5.77e+11  2.08e+34  1.58e+34  2.16e+32  3.59e+33  3.21e+32  1.17e+34  0.00e+00  1.50e+34  1.05e+32  1.92e+33  4.23e+32  5.56e+31  1.88e+34  8.19e+33  1.69e+32  0.00e+00  0.00e+00  0.00e+00 
4.234e+12    8      0        0  2.85e+07  0.00e+00  2.85e+07  1.93e+38  1.36e-14  6.34e+09  1.76e+04  3.90e+04  1.42e-02  3.12e+15  5.94e+11  1.83e+11  4.11e+11  1.33e+34  9.47e+33  1.54e+32  1.50e+33  1.52e+32  7.67e+33  0.00e+00  9.01e+33  7.21e+31  9.70e+32  2.59e+32  2.85e+31  1.23e+34  5.05e+33  1.50e+32  0.00e+00  0.00e+00  0.00e+00 
4.959e+12    9      0        0  3.28e+07  0.00e+00  3.28e+07  3.10e+38  8.78e-15  4.08e+09  1.70e+04  3.89e+04  1.03e-02  3.11e+15  4.26e+11  1.31e+11  2.95e+11  9.05e+33  5.93e+33  1.14e+32  6.40e+32  7.46e+31  5.11e+33  0.00e+00  5.84e+33  5.17e+31  5.42e+32  1.69e+32  1.61e+31  8.50e+33  3.33e+33  1.37e+32  0.00e+00  0.00e+00  0.00e+00 
5.809e+12   10      0        0  3.67e+07  0.00e+00  3.67e+07  4.98e+38  5.79e-15  2.69e+09  1.65e+04  3.88e+04  7.51e-03  3.09e+15  3.06e+11  9.44e+10  2.11e+11  6.46e+33  4.13e+33  8.62e+31  2.79e+32  3.93e+31  3.72e+33  0.00e+00  4.01e+33  3.83e+31  3.24e+32  1.17e+32  9.74e+30  6.12e+33  2.30e+33  1.26e+32  0.00e+00  0.00e+00  0.00e+00 
6.804e+12   11      0        0  4.01e+07  0.00e+00  4.01e+07  8.01e+38  3.89e-15  1.81e+09  1.61e+04  3.86e+04  5.49e-03  3.08e+15  2.20e+11  6.82e+10  1.52e+11  4.78e+33  2.94e+33  6.68e+31  1.25e+32  2.13e+31  2.73e+33  0.00e+00  2.86e+33  2.89e+31  1.98e+32  8.32e+31  6.04e+30  4.58e+33  1.65e+33  1.18e+32  0.00e+00  0.00e+00  0.00e+00 
7.969e+12   12      0        0  4.32e+07  0.00e+00  4.32e+07  1.29e+39  2.65e-15  1.23e+09  1.58e+04  3.85e+04  4.01e-03  3.07e+15  1.59e+11  4.94e+10  1.10e+11  3.62e+33  2.18e+33  5.26e+31  5.47e+31  1.17e+31  2.06e+33  0.00e+00  2.13e+33  2.24e+31  1.32e+32  6.15e+31  4.07e+30  3.48e+33  1.23e+33  1.12e+32  0.00e+00  0.00e+00  0.00e+00 
9.334e+12   13      0        0  4.60e+07  0.00e+00  4.60e+07  2.07e+39  1.83e-15  8.50e+08  1.55e+04  3.84e+04  2.93e-03  3.06e+15  1.15e+11  3.58e+10  7.91e+10  2.80e+33  1.63e+33  4.20e+31  2.58e+31  6.55e+30  1.55e+33  0.00e+00  1.62e+33  1.76e+31  8.98e+31  4.66e+31  2.80e+30  2.71e+33  9.30e+32  1.07e+32  0.00e+00  0.00e+00  0.00e+00 
1.093e+13   14      0        0  4.84e+07  0.00e+00  4.84e+07  3.32e+39  1.27e-15  5.91e+08  1.47e+04  3.83e+04  2.14e-03  3.06e+15  8.32e+10  2.60e+10  5.73e+10  2.26e+33  1.23e+33  3.40e+31  1.17e+31  3.70e+30  1.18e+33  0.00e+00  1.24e+33  1.36e+31  5.15e+31  3.54e+31  1.64e+30  2.20e+33  7.12e+32  9.92e+31  0.00e+00  0.00e+00  0.00e+00 
1.281e+13   15      0        0  5.05e+07  0.00e+00  5.05e+07  5.34e+39  8.91e-16  4.15e+08  1.48e+04  3.82e+04  1.57e-03  3.05e+15  6.04e+10  1.89e+10  4.15e+10  1.77e+33  1.00e+33  2.77e+31  6.08e+30  2.21e+30  9.67e+32  0.00e+00  1.00e+33  1.12e+31  4.26e+31  2.81e+31  1.36e+30  1.73e+33  5.64e+32  9.80e+31  0.00e+00  0.00e+00  0.00e+00 
1.500e+13   16      0        0  5.23e+07  0.00e+00  5.23e+07  8.58e+39  6.29e-16  2.93e+08  1.46e+04  3.82e+04  1.14e-03  3.05e+15  4.38e+10  1.37e+10  3.01e+10  1.43e+33  7.99e+32  2.28e+31  2.84e+30  1.30e+30  7.72e+32  0.00e+00  8.12e+32  9.08e+30  3.12e+31  2.23e+31  1.00e+30  1.40e+33  4.49e+32  9.51e+31  0.00e+00  0.00e+00  0.00e+00 
1.757e+13   17      0        0  5.39e+07  0.00e+00  5.39e+07  1.38e+40  4.46e-16  2.08e+08  1.42e+04  3.81e+04  8.35e-04  3.04e+15  3.18e+10  9.98e+09  2.19e+10  1.18e+33  6.54e+32  1.89e+31  1.49e+30  7.88e+29  6.33e+32  0.00e+00  6.61e+32  7.31e+30  2.11e+31  1.78e+31  6.87e+29  1.16e+33  3.60e+32  9.13e+31  0.00e+00  0.00e+00  0.00e+00 
2.058e+13   18      0        0  5.53e+07  0.00e+00  5.53e+07  2.21e+40  3.18e-16  1.48e+08  1.38e+04  3.81e+04  6.09e-04  3.04e+15  2.31e+10  7.26e+09  1.59e+10  9.81e+32  5.54e+32  1.57e+31  7.49e+29  4.83e+29  5.37e+32  0.00e+00  5.44e+32  5.91e+30  1.43e+31  1.43e+31  4.71e+29  9.66e+32  2.91e+32  8.77e+31  0.00e+00  0.00e+00  0.00e+00 
2.410e+13   19      0        0  5.65e+07  0.00e+00  5.65e+07  3.56e+40  2.27e-16  1.06e+08  1.35e+04  3.81e+04  4.45e-04  3.04e+15  1.68e+10  5.28e+09  1.16e+10  8.24e+32  4.54e+32  1.31e+31  3.87e+29  2.95e+29  4.40e+32  0.00e+00  4.54e+32  4.82e+30  9.90e+30  1.16e+31  3.30e+29  8.14e+32  2.37e+32  8.47e+31  0.00e+00  0.00e+00  0.00e+00 
2.823e+13   20      0        0  5.75e+07  0.00e+00  5.75e+07  5.72e+40  1.63e-16  7.58e+07  1.31e+04  3.80e+04  3.24e-04  3.04e+15  1.23e+10  3.85e+09  8.40e+09  7.05e+32  3.79e+32  1.10e+31  2.03e+29  1.81e+29  3.68e+32  0.00e+00  3.80e+32  3.91e+30  6.58e+30  9.44e+30  2.23e+29  6.98e+32  1.93e+32  8.14e+31  0.00e+00  0.00e+00  0.00e+00 
3.306e+13   21      0        0  5.84e+07  0.00e+00  5.84e+07  9.19e+40  1.17e-16  5.45e+07  1.27e+04  3.80e+04  2.37e-04  3.03e+15  8.92e+09  2.80e+09  6.12e+09  6.04e+32  3.22e+32  9.22e+30  1.13e+29  1.13e+29  3.12e+32  0.00e+00  3.22e+32  3.19e+30  4.41e+30  7.71e+30  1.52e+29  5.99e+32  1.59e+32  7.84e+31  0.00e+00  0.00e+00  0.00e+00 
3.873e+13   22      0        0  5.91e+07  0.00e+00  5.91e+07  1.48e+41  8.43e-17  3.92e+07  1.22e+04  3.80e+04  1.73e-04  3.03e+15  6.49e+09  2.04e+09  4.45e+09  5.21e+32  2.74e+32  7.76e+30  5.79e+28  7.12e+28  2.66e+32  0.00e+00  2.75e+32  2.60e+30  2.85e+30  6.32e+30  9.97e+28  5.18e+32  1.31e+32  7.53e+31  0.00e+00  0.00e+00  0.00e+00 
4.536e+13   23      0        0  5.98e+07  0.00e+00  5.98e+07  2.37e+41  6.09e-17  2.83e+07  1.18e+04  3.80e+04  1.26e-04  3.03e+15  4.73e+09  1.49e+09  3.24e+09  4.52e+32  2.38e+32  6.55e+30  3.22e+28  4.53e+28  2.32e+32  0.00e+00  2.36e+32  2.11e+30  1.78e+30  5.19e+30  6.34e+28  4.50e+32  1.08e+32  7.20e+31  0.00e+00  0.00e+00  0.00e+00 
5.313e+13   24      0        0  6.03e+07  0.00e+00  6.03e+07  3.81e+41  4.40e-17  2.05e+07  1.12e+04  3.80e+04  9.18e-05  3.03e+15  3.44e+09  1.08e+09  2.36e+09  3.95e+32  2.04e+32  5.54e+30  1.64e+28  2.88e+28  1.98e+32  0.00e+00  2.03e+32  1.70e+30  1.03e+30  4.25e+30  3.76e+28  3.94e+32  8.89e+31  6.84e+31  0.00e+00  0.00e+00  0.00e+00 
6.223e+13   25      0        0  6.08e+07  0.00e+00  6.08e+07  6.13e+41  3.18e-17  1.48e+07  1.07e+04  3.80e+04  6.69e-05  3.03e+15  2.51e+09  7.88e+08  1.72e+09  3.45e+32  1.77e+32  4.69e+30  8.60e+27  1.85e+28  1.72e+32  0.00e+00  1.76e+32  1.37e+30  5.88e+29  3.50e+30  2.20e+28  3.44e+32  7.37e+31  6.50e+31  0.00e+00  0.00e+00  0.00e+00 
7.289e+13   26      0        0  6.12e+07  0.00e+00  6.12e+07  9.85e+41  2.31e-17  1.07e+07  1.02e+04  3.79e+04  4.88e-05  3.03e+15  1.83e+09  5.74e+08  1.25e+09  3.04e+32  1.54e+32  3.98e+30  4.66e+27  1.18e+28  1.50e+32  0.00e+00  1.53e+32  1.11e+30  3.28e+29  2.88e+30  1.26e+28  3.04e+32  6.10e+31  6.17e+31  0.00e+00  0.00e+00  0.00e+00 
8.538e+13   27      0        0  6.16e+07  0.00e+00  6.16e+07  1.58e+42  1.67e-17  7.78e+06  9.73e+03  3.79e+04  3.56e-05  3.03e+15  1.33e+09  4.19e+08  9.12e+08  2.70e+32  1.36e+32  3.37e+30  2.30e+27  7.64e+27  1.33e+32  0.00e+00  1.34e+32  8.98e+29  1.82e+29  2.38e+30  7.18e+27  2.70e+32  5.06e+31  5.87e+31  0.00e+00  0.00e+00  0.00e+00 
1.000e+14   28     -1        0  6.19e+07  0.00e+00  6.19e+07  0.00e+00  0.00e+00  0.00e+00  0.00e+00  0.00e+00  0.00e+00  0.00e+00  0.00e+00  0.00e+00  0.00e+00  0.00e+00  0.00e+00  0.00e+00  0.00e+00  0.00e+00  0.00e+00  0.00e+00  0.00e+00  0.00e+00  0.00e+00  0.00e+00  0.00e+00  0.00e+00  0.00e+00  0.00e+00  0.00e+00  0.00e+00  0.00e+00 
1.171e+14   29     -1        0  6.21e+07  0.00e+00  6.21e+07  0.00e+00  0.00e+00  0.00e+00  0.00e+00  0.00e+00  0.00e+00  0.00e+00  0.00e+00  0.00e+00  0.00e+00  0.00e+00  0.00e+00  0.00e+00  0.00e+00  0.00e+00  0.00e+00  0.00e+00  0.00e+00  0.00e+00  0.00e+00  0.00e+00  0.00e+00  0.00e+00  0.00e+00  0.00e+00  0.00e+00  0.00e+00  0.00e+00 
