        r      rcen    i inwind converge       v_x       v_y       v_z       vol       rho        ne       t_e       t_r        h1       he2        c4        n5        o6  dmo_dt_x  dmo_dt_y  dmo_dt_z        ip        xi      ntot      nrad    nioniz 
1.195e+12 1.298e+12    0     -1        0  7.07e+03  0.00e+00  7.07e+03  0.00e+00  0.00e+00  0.00e+00  0.00e+00  0.00e+00  0.00e+00  0.00e+00  0.00e+00  0.00e+00  0.00e+00  0.00e+00  0.00e+00  0.00e+00  0.00e+00  0.00e+00  0.00e+00  0.00e+00  0.00e+00 
1.400e+12 1.520e+12    1      0        0  7.07e+03  0.00e+00  7.07e+03  6.98e+36  9.52e-12  4.42e+12  2.69e+04  3.91e+04  1.09e-07  2.42e-02  6.88e-01  2.11e-03  2.15e-10 -3.36e+28 -3.55e+25 -2.14e+28  2.27e+01  2.62e+02  1.05e+07  8.37e+05  6.17e+06 
1.640e+12 1.780e+12    2      0        0  1.37e+06  0.00e+00  1.37e+06  1.12e+37  9.61e-13  4.47e+11  2.46e+04  3.91e+04  2.87e-08  6.58e-03  4.45e-01  9.09e-03  3.52e-09 -4.56e+27 -4.14e+25 -2.90e+27  8.84e+01  1.03e+03  8.61e+06  1.61e+04  4.16e+06 
1.921e+12 2.085e+12    3      0        0  4.68e+06  0.00e+00  4.68e+06  1.80e+37  2.97e-13  1.38e+11  2.33e+04  3.93e+04  1.49e-08  3.19e-03  2.80e-01  2.11e-02  1.90e-08 -2.05e+27  1.80e+25 -1.31e+27  1.78e+02  2.08e+03  8.22e+06  2.81e+03  3.95e+06 
2.250e+12 2.442e+12    4      0        0  9.08e+06  0.00e+00  9.08e+06  2.89e+37  1.28e-13  5.96e+10  2.20e+04  3.94e+04  1.00e-08  2.08e-03  2.02e-01  3.47e-02  5.03e-08 -1.35e+27 -7.65e+24 -8.64e+26  2.76e+02  3.24e+03  8.08e+06  8.04e+02  3.87e+06 
2.635e+12 2.861e+12    5      0        0  1.40e+07  0.00e+00  1.40e+07  4.65e+37  6.53e-14  3.04e+10  2.07e+04  3.94e+04  7.73e-09  1.61e-03  1.65e-01  4.75e-02  8.96e-08 -1.05e+27  2.40e+24 -6.73e+26  3.74e+02  4.39e+03  8.00e+06  3.37e+02  3.81e+06 
3.086e+12 3.351e+12    6      0        0  1.90e+07  0.00e+00  1.90e+07  7.47e+37  3.66e-14  1.70e+10  1.96e+04  3.93e+04  6.45e-09  1.37e-03  1.44e-01  5.81e-02  1.27e-07 -8.61e+26  4.04e+24 -5.44e+26  4.68e+02  5.49e+03  7.94e+06  1.72e+02  3.77e+06 
3.615e+12 3.925e+12    7      0        0  2.39e+07  0.00e+00  2.39e+07  1.20e+38  2.19e-14  1.02e+10  1.83e+04  3.92e+04  5.72e-09  1.25e-03  1.35e-01  6.59e-02  1.53e-07 -7.28e+26  3.79e+24 -4.64e+26  5.54e+02  6.50e+03  7.89e+06  8.50e+01  3.74e+06 
4.234e+12 4.597e+12    8      0        0  2.85e+07  0.00e+00  2.85e+07  1.93e+38  1.36e-14  6.34e+09  1.76e+04  3.90e+04  5.18e-09  1.18e-03  1.29e-01  7.05e-02  1.66e-07 -6.18e+26 -8.41e+23 -3.82e+26  6.30e+02  7.39e+03  7.85e+06  5.20e+01  3.70e+06 
4.959e+12 5.384e+12    9      0        0  3.28e+07  0.00e+00  3.28e+07  3.10e+38  8.78e-15  4.08e+09  1.70e+04  3.89e+04  4.78e-09  1.13e-03  1.26e-01  7.32e-02  1.70e-07 -5.11e+26  4.39e+24 -3.30e+26  6.97e+02  8.15e+03  7.82e+06  3.70e+01  3.68e+06 
5.809e+12 6.306e+12   10      0        0  3.67e+07  0.00e+00  3.67e+07  4.98e+38  5.79e-15  2.69e+09  1.65e+04  3.88e+04  4.50e-09  1.12e-03  1.26e-01  7.38e-02  1.64e-07 -4.21e+26  8.35e+23 -2.63e+26  7.56e+02  8.81e+03  7.79e+06  3.50e+01  3.66e+06 
6.804e+12 7.386e+12   11      0        0  4.01e+07  0.00e+00  4.01e+07  8.01e+38  3.89e-15  1.81e+09  1.61e+04  3.86e+04  4.30e-09  1.11e-03  1.27e-01  7.35e-02  1.54e-07 -3.37e+26  1.54e+24 -2.17e+26  8.06e+02  9.39e+03  7.77e+06  2.10e+01  3.64e+06 
7.969e+12 8.652e+12   12      0        0  4.32e+07  0.00e+00  4.32e+07  1.29e+39  2.65e-15  1.23e+09  1.58e+04  3.85e+04  4.13e-09  1.11e-03  1.28e-01  7.30e-02  1.46e-07 -2.74e+26 -3.77e+24 -1.73e+26  8.49e+02  9.89e+03  7.75e+06  2.10e+01  3.62e+06 
9.334e+12 1.013e+13   13      0        0  4.60e+07  0.00e+00  4.60e+07  2.07e+39  1.83e-15  8.50e+08  1.55e+04  3.84e+04  4.01e-09  1.12e-03  1.29e-01  7.22e-02  1.38e-07 -2.14e+26 -2.02e+24 -1.34e+26  8.87e+02  1.03e+04  7.74e+06  1.40e+01  3.61e+06 
1.093e+13 1.187e+13   14      0        0  4.84e+07  0.00e+00  4.84e+07  3.32e+39  1.27e-15  5.91e+08  1.47e+04  3.83e+04  4.00e-09  1.14e-03  1.33e-01  7.15e-02  1.30e-07 -1.78e+26 -5.90e+23 -1.14e+26  9.20e+02  1.07e+04  7.73e+06  8.00e+00  3.61e+06 
1.281e+13 1.390e+13   15      0        0  5.05e+07  0.00e+00  5.05e+07  5.34e+39  8.91e-16  4.15e+08  1.48e+04  3.82e+04  3.86e-09  1.13e-03  1.32e-01  7.13e-02  1.27e-07 -1.47e+26  2.29e+24 -9.23e+25  9.49e+02  1.10e+04  7.72e+06  1.20e+01  3.60e+06 
1.500e+13 1.628e+13   16      0        0  5.23e+07  0.00e+00  5.23e+07  8.58e+39  6.29e-16  2.93e+08  1.46e+04  3.82e+04  3.79e-09  1.13e-03  1.33e-01  7.11e-02  1.24e-07 -1.22e+26 -2.64e+23 -7.92e+25  9.74e+02  1.13e+04  7.72e+06  6.00e+00  3.59e+06 
1.757e+13 1.907e+13   17      0        0  5.39e+07  0.00e+00  5.39e+07  1.38e+40  4.46e-16  2.08e+08  1.42e+04  3.81e+04  3.78e-09  1.14e-03  1.35e-01  7.06e-02  1.21e-07 -9.91e+25  4.14e+24 -6.23e+25  9.95e+02  1.15e+04  7.71e+06  5.00e+00  3.59e+06 
2.058e+13 2.234e+13   18      0        0  5.53e+07  0.00e+00  5.53e+07  2.21e+40  3.18e-16  1.48e+08  1.38e+04  3.81e+04  3.79e-09  1.15e-03  1.37e-01  7.02e-02  1.18e-07 -7.47e+25  1.60e+24 -5.08e+25  1.01e+03  1.18e+04  7.71e+06  7.00e+00  3.59e+06 
2.410e+13 2.617e+13   19      0        0  5.65e+07  0.00e+00  5.65e+07  3.56e+40  2.27e-16  1.06e+08  1.35e+04  3.81e+04  3.80e-09  1.17e-03  1.38e-01  6.99e-02  1.16e-07 -6.35e+25  1.17e+24 -4.18e+25  1.03e+03  1.19e+04  7.70e+06  4.00e+00  3.58e+06 
2.823e+13 3.065e+13   20      0        0  5.75e+07  0.00e+00  5.75e+07  5.72e+40  1.63e-16  7.58e+07  1.31e+04  3.80e+04  3.83e-09  1.19e-03  1.41e-01  6.94e-02  1.13e-07 -5.56e+25 -9.03e+23 -3.34e+25  1.04e+03  1.21e+04  7.70e+06  3.00e+00  3.58e+06 
3.306e+13 3.590e+13   21      0        0  5.84e+07  0.00e+00  5.84e+07  9.19e+40  1.17e-16  5.45e+07  1.27e+04  3.80e+04  3.87e-09  1.20e-03  1.43e-01  6.89e-02  1.11e-07 -4.89e+25  4.84e+23 -3.09e+25  1.06e+03  1.22e+04  7.70e+06  5.00e+00  3.58e+06 
3.873e+13 4.205e+13   22      0        0  5.91e+07  0.00e+00  5.91e+07  1.48e+41  8.43e-17  3.92e+07  1.22e+04  3.80e+04  3.93e-09  1.23e-03  1.45e-01  6.84e-02  1.10e-07 -3.97e+25  3.64e+23 -2.54e+25  1.07e+03  1.24e+04  7.70e+06  5.00e+00  3.58e+06 
4.536e+13 4.925e+13   23      0        0  5.98e+07  0.00e+00  5.98e+07  2.37e+41  6.09e-17  2.83e+07  1.18e+04  3.80e+04  4.01e-09  1.26e-03  1.49e-01  6.78e-02  1.08e-07 -3.14e+25 -2.07e+23 -1.98e+25  1.08e+03  1.25e+04  7.70e+06  6.00e+00  3.58e+06 
5.313e+13 5.768e+13   24      0        0  6.03e+07  0.00e+00  6.03e+07  3.81e+41  4.40e-17  2.05e+07  1.12e+04  3.80e+04  4.12e-09  1.29e-03  1.53e-01  6.69e-02  1.05e-07 -3.02e+25 -9.74e+23 -1.84e+25  1.08e+03  1.26e+04  7.69e+06  1.00e+00  3.57e+06 
6.223e+13 6.756e+13   25      0        0  6.08e+07  0.00e+00  6.08e+07  6.13e+41  3.18e-17  1.48e+07  1.07e+04  3.80e+04  4.24e-09  1.33e-03  1.57e-01  6.61e-02  1.03e-07 -2.21e+25  7.72e+23 -1.42e+25  1.09e+03  1.26e+04  7.69e+06  2.00e+00  3.57e+06 
7.289e+13 7.913e+13   26      0        0  6.12e+07  0.00e+00  6.12e+07  9.85e+41  2.31e-17  1.07e+07  1.02e+04  3.79e+04  4.36e-09  1.37e-03  1.61e-01  6.53e-02  1.01e-07 -1.94e+25 -4.72e+23 -1.42e+25  1.09e+03  1.27e+04  7.69e+06  0.00e+00  3.57e+06 
8.538e+13 9.269e+13   27      0        0  6.16e+07  0.00e+00  6.16e+07  1.58e+42  1.67e-17  7.78e+06  9.73e+03  3.79e+04  4.49e-09  1.41e-03  1.66e-01  6.44e-02  9.87e-08 -1.72e+25  1.03e+24 -1.14e+25  1.10e+03  1.28e+04  7.69e+06  3.00e+00  3.57e+06 
1.000e+14 1.086e+14   28     -1        0  6.19e+07  0.00e+00  6.19e+07  0.00e+00  0.00e+00  0.00e+00  0.00e+00  0.00e+00  0.00e+00  0.00e+00  0.00e+00  0.00e+00  0.00e+00  0.00e+00  0.00e+00  0.00e+00  0.00e+00  0.00e+00  0.00e+00  0.00e+00  0.00e+00 
1.171e+14 1.272e+14   29     -1        0  6.21e+07  0.00e+00  6.21e+07  0.00e+00  0.00e+00  0.00e+00  0.00e+00  0.00e+00  0.00e+00  0.00e+00  0.00e+00  0.00e+00  0.00e+00  0.00e+00  0.00e+00  0.00e+00  0.00e+00  0.00e+00  0.00e+00  0.00e+00  0.00e+00 
