       r    i inwind      i01      i02      i03      i04      i05      i06      i07      i08 
1.20e+12    0     -1 0.00e+00 0.00e+00 0.00e+00 0.00e+00 0.00e+00 0.00e+00 0.00e+00 0.00e+00 
1.40e+12    1      0 2.05e-13 1.24e-06 3.89e-02 9.59e-01 2.11e-03 3.19e-08 1.00e-20 1.00e-20 
1.64e+12    2      0 2.33e-15 6.75e-08 1.00e-02 9.81e-01 9.09e-03 5.01e-07 1.00e-20 1.00e-20 
1.92e+12    3      0 2.18e-16 1.40e-08 4.74e-03 9.74e-01 2.11e-02 2.58e-06 1.00e-20 1.00e-20 
2.25e+12    4      0 4.88e-17 5.28e-09 3.01e-03 9.62e-01 3.47e-02 6.66e-06 1.00e-20 1.00e-20 
2.63e+12    5      0 1.74e-17 2.74e-09 2.27e-03 9.50e-01 4.75e-02 1.17e-05 1.00e-20 1.00e-20 
3.09e+12    6      0 8.45e-18 1.74e-09 1.88e-03 9.40e-01 5.81e-02 1.65e-05 1.00e-20 1.00e-20 
3.61e+12    7      0 5.11e-18 1.29e-09 1.68e-03 9.32e-01 6.59e-02 1.97e-05 1.00e-20 1.00e-20 
4.23e+12    8      0 3.64e-18 1.05e-09 1.56e-03 9.28e-01 7.05e-02 2.14e-05 1.00e-20 1.00e-20 
4.96e+12    9      0 2.85e-18 9.16e-10 1.48e-03 9.25e-01 7.32e-02 2.21e-05 1.00e-20 1.00e-20 
5.81e+12   10      0 2.42e-18 8.38e-10 1.44e-03 9.25e-01 7.38e-02 2.15e-05 1.00e-20 1.00e-20 
6.80e+12   11      0 2.16e-18 7.94e-10 1.43e-03 9.25e-01 7.35e-02 2.04e-05 1.00e-20 1.00e-20 
7.97e+12   12      0 1.97e-18 7.60e-10 1.42e-03 9.26e-01 7.30e-02 1.95e-05 1.00e-20 1.00e-20 
9.33e+12   13      0 1.85e-18 7.38e-10 1.41e-03 9.26e-01 7.22e-02 1.85e-05 1.00e-20 1.00e-20 
1.09e+13   14      0 1.83e-18 7.42e-10 1.44e-03 9.27e-01 7.15e-02 1.73e-05 1.00e-20 1.00e-20 
1.28e+13   15      0 1.70e-18 7.11e-10 1.41e-03 9.27e-01 7.13e-02 1.71e-05 1.00e-20 1.00e-20 
1.50e+13   16      0 1.63e-18 6.98e-10 1.41e-03 9.27e-01 7.11e-02 1.68e-05 1.00e-20 1.00e-20 
1.76e+13   17      0 1.63e-18 7.01e-10 1.42e-03 9.28e-01 7.06e-02 1.62e-05 1.00e-20 1.00e-20 
2.06e+13   18      0 1.64e-18 7.05e-10 1.43e-03 9.28e-01 7.02e-02 1.57e-05 1.00e-20 1.00e-20 
2.41e+13   19      0 1.65e-18 7.11e-10 1.45e-03 9.29e-01 6.99e-02 1.52e-05 1.00e-20 1.00e-20 
2.82e+13   20      0 1.70e-18 7.24e-10 1.47e-03 9.29e-01 6.94e-02 1.48e-05 1.00e-20 1.00e-20 
3.31e+13   21      0 1.75e-18 7.38e-10 1.48e-03 9.30e-01 6.89e-02 1.43e-05 1.00e-20 1.00e-20 
3.87e+13   22      0 1.83e-18 7.58e-10 1.51e-03 9.30e-01 6.84e-02 1.39e-05 1.00e-20 1.00e-20 
4.54e+13   23      0 1.94e-18 7.84e-10 1.54e-03 9.31e-01 6.78e-02 1.33e-05 1.00e-20 1.00e-20 
5.31e+13   24      0 2.09e-18 8.20e-10 1.57e-03 9.31e-01 6.69e-02 1.27e-05 1.00e-20 1.00e-20 
6.22e+13   25      0 2.26e-18 8.59e-10 1.61e-03 9.32e-01 6.61e-02 1.21e-05 1.00e-20 1.00e-20 
7.29e+13   26      0 2.45e-18 9.02e-10 1.65e-03 9.33e-01 6.53e-02 1.16e-05 1.00e-20 1.00e-20 
8.54e+13   27      0 2.67e-18 9.47e-10 1.69e-03 9.34e-01 6.44e-02 1.10e-05 1.00e-20 1.00e-20 
1.00e+14   28     -1 0.00e+00 0.00e+00 0.00e+00 0.00e+00 0.00e+00 0.00e+00 0.00e+00 0.00e+00 
1.17e+14   29     -1 0.00e+00 0.00e+00 0.00e+00 0.00e+00 0.00e+00 0.00e+00 0.00e+00 0.00e+00 
