       r    i inwind      i01      i02      i03      i04      i05      i06      i07      i08      i09      i10      i11      i12 
1.20e+12    0     -1 0.00e+00 0.00e+00 0.00e+00 0.00e+00 0.00e+00 0.00e+00 0.00e+00 0.00e+00 0.00e+00 0.00e+00 0.00e+00 0.00e+00 
1.40e+12    1      0 7.03e-11 2.23e-04 5.93e-01 4.06e-01 1.44e-05 2.09e-15 1.00e-20 1.00e-20 1.00e-20 1.00e-20 1.00e-20 1.00e-20 
1.64e+12    2      0 2.60e-12 2.88e-05 2.85e-01 7.15e-01 1.07e-04 5.39e-14 1.00e-20 1.00e-20 1.00e-20 1.00e-20 1.00e-20 1.00e-20 
1.92e+12    3      0 3.80e-13 7.87e-06 1.58e-01 8.41e-01 2.90e-04 3.43e-13 1.00e-20 1.00e-20 1.00e-20 1.00e-20 1.00e-20 1.00e-20 
2.25e+12    4      0 1.18e-13 3.58e-06 1.09e-01 8.90e-01 4.91e-04 9.18e-13 1.00e-20 1.00e-20 1.00e-20 1.00e-20 1.00e-20 1.00e-20 
2.63e+12    5      0 5.79e-14 2.24e-06 8.74e-02 9.12e-01 6.55e-04 1.53e-12 1.00e-20 1.00e-20 1.00e-20 1.00e-20 1.00e-20 1.00e-20 
3.09e+12    6      0 3.63e-14 1.66e-06 7.62e-02 9.23e-01 7.75e-04 2.01e-12 1.00e-20 1.00e-20 1.00e-20 1.00e-20 1.00e-20 1.00e-20 
3.61e+12    7      0 2.81e-14 1.43e-06 7.16e-02 9.28e-01 8.33e-04 2.15e-12 1.00e-20 1.00e-20 1.00e-20 1.00e-20 1.00e-20 1.00e-20 
4.23e+12    8      0 2.33e-14 1.30e-06 6.91e-02 9.30e-01 8.56e-04 2.11e-12 1.00e-20 1.00e-20 1.00e-20 1.00e-20 1.00e-20 1.00e-20 
4.96e+12    9      0 2.04e-14 1.23e-06 6.81e-02 9.31e-01 8.56e-04 1.99e-12 1.00e-20 1.00e-20 1.00e-20 1.00e-20 1.00e-20 1.00e-20 
5.81e+12   10      0 1.90e-14 1.22e-06 6.85e-02 9.31e-01 8.28e-04 1.75e-12 1.00e-20 1.00e-20 1.00e-20 1.00e-20 1.00e-20 1.00e-20 
6.80e+12   11      0 1.85e-14 1.24e-06 6.99e-02 9.29e-01 7.96e-04 1.52e-12 1.00e-20 1.00e-20 1.00e-20 1.00e-20 1.00e-20 1.00e-20 
7.97e+12   12      0 1.80e-14 1.25e-06 7.10e-02 9.28e-01 7.66e-04 1.34e-12 1.00e-20 1.00e-20 1.00e-20 1.00e-20 1.00e-20 1.00e-20 
9.33e+12   13      0 1.78e-14 1.27e-06 7.23e-02 9.27e-01 7.38e-04 1.19e-12 1.00e-20 1.00e-20 1.00e-20 1.00e-20 1.00e-20 1.00e-20 
1.09e+13   14      0 1.92e-14 1.36e-06 7.51e-02 9.24e-01 7.06e-04 1.02e-12 1.00e-20 1.00e-20 1.00e-20 1.00e-20 1.00e-20 1.00e-20 
1.28e+13   15      0 1.80e-14 1.32e-06 7.47e-02 9.25e-01 6.97e-04 9.84e-13 1.00e-20 1.00e-20 1.00e-20 1.00e-20 1.00e-20 1.00e-20 
1.50e+13   16      0 1.79e-14 1.33e-06 7.53e-02 9.24e-01 6.86e-04 9.27e-13 1.00e-20 1.00e-20 1.00e-20 1.00e-20 1.00e-20 1.00e-20 
1.76e+13   17      0 1.85e-14 1.38e-06 7.69e-02 9.22e-01 6.69e-04 8.53e-13 1.00e-20 1.00e-20 1.00e-20 1.00e-20 1.00e-20 1.00e-20 
2.06e+13   18      0 1.93e-14 1.43e-06 7.83e-02 9.21e-01 6.56e-04 7.94e-13 1.00e-20 1.00e-20 1.00e-20 1.00e-20 1.00e-20 1.00e-20 
2.41e+13   19      0 2.00e-14 1.47e-06 7.96e-02 9.20e-01 6.45e-04 7.48e-13 1.00e-20 1.00e-20 1.00e-20 1.00e-20 1.00e-20 1.00e-20 
2.82e+13   20      0 2.12e-14 1.53e-06 8.12e-02 9.18e-01 6.33e-04 6.99e-13 1.00e-20 1.00e-20 1.00e-20 1.00e-20 1.00e-20 1.00e-20 
3.31e+13   21      0 2.24e-14 1.59e-06 8.28e-02 9.17e-01 6.23e-04 6.57e-13 1.00e-20 1.00e-20 1.00e-20 1.00e-20 1.00e-20 1.00e-20 
3.87e+13   22      0 2.40e-14 1.66e-06 8.46e-02 9.15e-01 6.13e-04 6.17e-13 1.00e-20 1.00e-20 1.00e-20 1.00e-20 1.00e-20 1.00e-20 
4.54e+13   23      0 2.60e-14 1.76e-06 8.68e-02 9.13e-01 6.02e-04 5.75e-13 1.00e-20 1.00e-20 1.00e-20 1.00e-20 1.00e-20 1.00e-20 
5.31e+13   24      0 2.89e-14 1.88e-06 8.94e-02 9.10e-01 5.89e-04 5.29e-13 1.00e-20 1.00e-20 1.00e-20 1.00e-20 1.00e-20 1.00e-20 
6.22e+13   25      0 3.21e-14 2.01e-06 9.22e-02 9.07e-01 5.77e-04 4.87e-13 1.00e-20 1.00e-20 1.00e-20 1.00e-20 1.00e-20 1.00e-20 
7.29e+13   26      0 3.58e-14 2.15e-06 9.50e-02 9.04e-01 5.66e-04 4.49e-13 1.00e-20 1.00e-20 1.00e-20 1.00e-20 1.00e-20 1.00e-20 
8.54e+13   27      0 3.99e-14 2.30e-06 9.80e-02 9.01e-01 5.53e-04 4.12e-13 1.00e-20 1.00e-20 1.00e-20 1.00e-20 1.00e-20 1.00e-20 
1.00e+14   28     -1 0.00e+00 0.00e+00 0.00e+00 0.00e+00 0.00e+00 0.00e+00 0.00e+00 0.00e+00 0.00e+00 0.00e+00 0.00e+00 0.00e+00 
1.17e+14   29     -1 0.00e+00 0.00e+00 0.00e+00 0.00e+00 0.00e+00 0.00e+00 0.00e+00 0.00e+00 0.00e+00 0.00e+00 0.00e+00 0.00e+00 
