       r    i inwind      i01      i02      i03      i04      i05      i06      i07      i08      i09 
1.20e+12    0     -1 0.00e+00 0.00e+00 0.00e+00 0.00e+00 0.00e+00 0.00e+00 0.00e+00 0.00e+00 0.00e+00 
1.40e+12    1      0 3.49e-13 3.12e-06 6.25e-02 9.35e-01 2.71e-03 2.15e-10 2.02e-20 1.00e-20 1.00e-20 
1.64e+12    2      0 4.44e-15 2.00e-07 1.66e-02 9.73e-01 1.08e-02 3.52e-09 1.18e-18 1.00e-20 1.00e-20 
1.92e+12    3      0 4.38e-16 4.53e-08 7.86e-03 9.69e-01 2.35e-02 1.90e-08 1.51e-17 1.00e-20 1.00e-20 
2.25e+12    4      0 1.06e-16 1.85e-08 5.02e-03 9.58e-01 3.68e-02 5.03e-08 6.45e-17 1.00e-20 1.00e-20 
2.63e+12    5      0 4.13e-17 1.06e-08 3.81e-03 9.49e-01 4.77e-02 8.96e-08 1.46e-16 1.00e-20 1.00e-20 
3.09e+12    6      0 2.19e-17 7.37e-09 3.19e-03 9.41e-01 5.59e-02 1.27e-07 2.35e-16 1.00e-20 1.00e-20 
3.61e+12    7      0 1.46e-17 5.94e-09 2.89e-03 9.36e-01 6.07e-02 1.53e-07 2.88e-16 1.00e-20 1.00e-20 
4.23e+12    8      0 1.10e-17 5.11e-09 2.70e-03 9.34e-01 6.34e-02 1.66e-07 3.04e-16 1.00e-20 1.00e-20 
4.96e+12    9      0 9.03e-18 4.61e-09 2.59e-03 9.33e-01 6.47e-02 1.70e-07 2.97e-16 1.00e-20 1.00e-20 
5.81e+12   10      0 7.94e-18 4.36e-09 2.55e-03 9.33e-01 6.44e-02 1.64e-07 2.64e-16 1.00e-20 1.00e-20 
6.80e+12   11      0 7.33e-18 4.25e-09 2.55e-03 9.34e-01 6.33e-02 1.54e-07 2.28e-16 1.00e-20 1.00e-20 
7.97e+12   12      0 6.86e-18 4.15e-09 2.54e-03 9.35e-01 6.23e-02 1.46e-07 1.99e-16 1.00e-20 1.00e-20 
9.33e+12   13      0 6.55e-18 4.10e-09 2.55e-03 9.36e-01 6.12e-02 1.38e-07 1.74e-16 1.00e-20 1.00e-20 
1.09e+13   14      0 6.66e-18 4.22e-09 2.60e-03 9.38e-01 5.95e-02 1.30e-07 1.52e-16 1.00e-20 1.00e-20 
1.28e+13   15      0 6.20e-18 4.07e-09 2.56e-03 9.38e-01 5.95e-02 1.27e-07 1.44e-16 1.00e-20 1.00e-20 
1.50e+13   16      0 6.03e-18 4.03e-09 2.56e-03 9.38e-01 5.91e-02 1.24e-07 1.35e-16 1.00e-20 1.00e-20 
1.76e+13   17      0 6.07e-18 4.08e-09 2.59e-03 9.39e-01 5.82e-02 1.21e-07 1.26e-16 1.00e-20 1.00e-20 
2.06e+13   18      0 6.15e-18 4.14e-09 2.61e-03 9.40e-01 5.75e-02 1.18e-07 1.18e-16 1.00e-20 1.00e-20 
2.41e+13   19      0 6.22e-18 4.19e-09 2.63e-03 9.41e-01 5.68e-02 1.16e-07 1.12e-16 1.00e-20 1.00e-20 
2.82e+13   20      0 6.40e-18 4.28e-09 2.66e-03 9.41e-01 5.60e-02 1.13e-07 1.06e-16 1.00e-20 1.00e-20 
3.31e+13   21      0 6.59e-18 4.37e-09 2.69e-03 9.42e-01 5.53e-02 1.11e-07 1.01e-16 1.00e-20 1.00e-20 
3.87e+13   22      0 6.84e-18 4.49e-09 2.72e-03 9.43e-01 5.46e-02 1.10e-07 9.69e-17 1.00e-20 1.00e-20 
4.54e+13   23      0 7.19e-18 4.64e-09 2.76e-03 9.44e-01 5.37e-02 1.08e-07 9.21e-17 1.00e-20 1.00e-20 
5.31e+13   24      0 7.68e-18 4.84e-09 2.80e-03 9.45e-01 5.26e-02 1.05e-07 8.68e-17 1.00e-20 1.00e-20 
6.22e+13   25      0 8.20e-18 5.05e-09 2.85e-03 9.46e-01 5.15e-02 1.03e-07 8.20e-17 1.00e-20 1.00e-20 
7.29e+13   26      0 8.78e-18 5.27e-09 2.89e-03 9.47e-01 5.05e-02 1.01e-07 7.75e-17 1.00e-20 1.00e-20 
8.54e+13   27      0 9.40e-18 5.50e-09 2.93e-03 9.48e-01 4.94e-02 9.87e-08 7.27e-17 1.00e-20 1.00e-20 
1.00e+14   28     -1 0.00e+00 0.00e+00 0.00e+00 0.00e+00 0.00e+00 0.00e+00 0.00e+00 0.00e+00 0.00e+00 
1.17e+14   29     -1 0.00e+00 0.00e+00 0.00e+00 0.00e+00 0.00e+00 0.00e+00 0.00e+00 0.00e+00 0.00e+00 
