       r    i inwind      i01      i02      i03 
1.20e+12    0     -1 0.00e+00 0.00e+00 0.00e+00 
1.40e+12    1      0 5.00e-09 2.08e-02 9.79e-01 
1.64e+12    2      0 4.37e-10 6.61e-03 9.93e-01 
1.92e+12    3      0 2.89e-10 8.54e-03 9.91e-01 
2.25e+12    4      0 3.38e-10 1.51e-02 9.85e-01 
2.63e+12    5      0 3.97e-10 2.35e-02 9.76e-01 
3.09e+12    6      0 4.96e-10 3.58e-02 9.64e-01 
3.61e+12    7      0 5.69e-10 4.73e-02 9.53e-01 
4.23e+12    8      0 6.08e-10 5.62e-02 9.44e-01 
4.96e+12    9      0 9.69e-10 9.74e-02 9.03e-01 
5.81e+12   10      0 1.16e-09 1.23e-01 8.77e-01 
6.80e+12   11      0 1.89e-09 2.17e-01 7.83e-01 
7.97e+12   12      0 2.34e-09 2.80e-01 7.20e-01 
9.33e+12   13      0 2.81e-09 3.52e-01 6.48e-01 
1.09e+13   14      0 3.77e-09 4.90e-01 5.10e-01 
1.28e+13   15      0 5.29e-09 7.12e-01 2.88e-01 
1.50e+13   16      0 4.89e-09 6.59e-01 3.41e-01 
1.76e+13   17      0 6.11e-09 8.86e-01 1.14e-01 
2.06e+13   18      0 5.88e-09 8.57e-01 1.43e-01 
2.41e+13   19      0 6.46e-09 9.58e-01 4.18e-02 
2.82e+13   20      0 6.39e-09 9.59e-01 4.06e-02 
3.31e+13   21      0 6.49e-09 9.78e-01 2.15e-02 
3.87e+13   22      0 6.55e-09 9.85e-01 1.47e-02 
4.54e+13   23      0 6.53e-09 9.80e-01 1.96e-02 
5.31e+13   24      0 5.52e-09 8.39e-01 1.61e-01 
6.22e+13   25      0 6.75e-09 9.96e-01 3.54e-03 
7.29e+13   26      0 6.88e-09 9.99e-01 5.18e-04 
8.54e+13   27      0 7.07e-09 9.99e-01 1.39e-03 
1.00e+14   28     -1 0.00e+00 0.00e+00 0.00e+00 
1.17e+14   29     -1 0.00e+00 0.00e+00 0.00e+00 
