       r    i inwind      i01      i02      i03      i04      i05      i06      i07      i08      i09      i10      i11      i12 
1.20e+12    0     -1 0.00e+00 0.00e+00 0.00e+00 0.00e+00 0.00e+00 0.00e+00 0.00e+00 0.00e+00 0.00e+00 0.00e+00 0.00e+00 0.00e+00 
1.40e+12    1      0 2.23e-11 9.56e-05 4.23e-01 5.77e-01 5.67e-05 2.93e-14 1.00e-20 1.00e-20 1.00e-20 1.00e-20 1.00e-20 1.00e-20 
1.64e+12    2      0 9.04e-13 1.09e-05 1.68e-01 8.32e-01 3.30e-04 6.42e-13 1.00e-20 1.00e-20 1.00e-20 1.00e-20 1.00e-20 1.00e-20 
1.92e+12    3      0 1.45e-13 3.13e-06 9.27e-02 9.07e-01 7.52e-04 3.04e-12 1.00e-20 1.00e-20 1.00e-20 1.00e-20 1.00e-20 1.00e-20 
2.25e+12    4      0 4.63e-14 1.45e-06 6.37e-02 9.35e-01 1.20e-03 7.41e-12 1.00e-20 1.00e-20 1.00e-20 1.00e-20 1.00e-20 1.00e-20 
2.63e+12    5      0 2.18e-14 8.75e-07 4.99e-02 9.48e-01 1.61e-03 1.26e-11 1.00e-20 1.00e-20 1.00e-20 1.00e-20 1.00e-20 1.00e-20 
3.09e+12    6      0 1.32e-14 6.33e-07 4.28e-02 9.55e-01 1.91e-03 1.69e-11 1.00e-20 1.00e-20 1.00e-20 1.00e-20 1.00e-20 1.00e-20 
3.61e+12    7      0 9.57e-15 5.19e-07 3.91e-02 9.59e-01 2.11e-03 1.95e-11 1.00e-20 1.00e-20 1.00e-20 1.00e-20 1.00e-20 1.00e-20 
4.23e+12    8      0 7.71e-15 4.58e-07 3.71e-02 9.61e-01 2.22e-03 2.03e-11 1.00e-20 1.00e-20 1.00e-20 1.00e-20 1.00e-20 1.00e-20 
4.96e+12    9      0 6.47e-15 4.18e-07 3.58e-02 9.62e-01 2.27e-03 2.03e-11 1.00e-20 1.00e-20 1.00e-20 1.00e-20 1.00e-20 1.00e-20 
5.81e+12   10      0 5.96e-15 4.06e-07 3.56e-02 9.62e-01 2.26e-03 1.89e-11 1.00e-20 1.00e-20 1.00e-20 1.00e-20 1.00e-20 1.00e-20 
6.80e+12   11      0 5.08e-15 3.75e-07 3.46e-02 9.63e-01 2.28e-03 1.85e-11 1.00e-20 1.00e-20 1.00e-20 1.00e-20 1.00e-20 1.00e-20 
7.97e+12   12      0 4.73e-15 3.66e-07 3.45e-02 9.63e-01 2.26e-03 1.74e-11 1.00e-20 1.00e-20 1.00e-20 1.00e-20 1.00e-20 1.00e-20 
9.33e+12   13      0 4.43e-15 3.57e-07 3.43e-02 9.63e-01 2.24e-03 1.65e-11 1.00e-20 1.00e-20 1.00e-20 1.00e-20 1.00e-20 1.00e-20 
1.09e+13   14      0 4.16e-15 3.48e-07 3.40e-02 9.64e-01 2.25e-03 1.60e-11 1.00e-20 1.00e-20 1.00e-20 1.00e-20 1.00e-20 1.00e-20 
1.28e+13   15      0 3.94e-15 3.39e-07 3.38e-02 9.64e-01 2.26e-03 1.56e-11 1.00e-20 1.00e-20 1.00e-20 1.00e-20 1.00e-20 1.00e-20 
1.50e+13   16      0 4.22e-15 3.57e-07 3.48e-02 9.63e-01 2.20e-03 1.42e-11 1.00e-20 1.00e-20 1.00e-20 1.00e-20 1.00e-20 1.00e-20 
1.76e+13   17      0 3.43e-15 3.15e-07 3.28e-02 9.65e-01 2.31e-03 1.56e-11 1.00e-20 1.00e-20 1.00e-20 1.00e-20 1.00e-20 1.00e-20 
2.06e+13   18      0 3.42e-15 3.16e-07 3.29e-02 9.65e-01 2.30e-03 1.52e-11 1.00e-20 1.00e-20 1.00e-20 1.00e-20 1.00e-20 1.00e-20 
2.41e+13   19      0 3.38e-15 3.15e-07 3.29e-02 9.65e-01 2.30e-03 1.49e-11 1.00e-20 1.00e-20 1.00e-20 1.00e-20 1.00e-20 1.00e-20 
2.82e+13   20      0 3.37e-15 3.16e-07 3.30e-02 9.65e-01 2.30e-03 1.46e-11 1.00e-20 1.00e-20 1.00e-20 1.00e-20 1.00e-20 1.00e-20 
3.31e+13   21      0 3.43e-15 3.20e-07 3.33e-02 9.64e-01 2.29e-03 1.42e-11 1.00e-20 1.00e-20 1.00e-20 1.00e-20 1.00e-20 1.00e-20 
3.87e+13   22      0 3.53e-15 3.27e-07 3.36e-02 9.64e-01 2.27e-03 1.37e-11 1.00e-20 1.00e-20 1.00e-20 1.00e-20 1.00e-20 1.00e-20 
4.54e+13   23      0 3.69e-15 3.36e-07 3.41e-02 9.64e-01 2.25e-03 1.32e-11 1.00e-20 1.00e-20 1.00e-20 1.00e-20 1.00e-20 1.00e-20 
5.31e+13   24      0 3.62e-15 3.33e-07 3.40e-02 9.64e-01 2.25e-03 1.32e-11 1.00e-20 1.00e-20 1.00e-20 1.00e-20 1.00e-20 1.00e-20 
6.22e+13   25      0 4.22e-15 3.67e-07 3.56e-02 9.62e-01 2.19e-03 1.18e-11 1.00e-20 1.00e-20 1.00e-20 1.00e-20 1.00e-20 1.00e-20 
7.29e+13   26      0 4.66e-15 3.91e-07 3.67e-02 9.61e-01 2.15e-03 1.10e-11 1.00e-20 1.00e-20 1.00e-20 1.00e-20 1.00e-20 1.00e-20 
8.54e+13   27      0 5.20e-15 4.19e-07 3.79e-02 9.60e-01 2.11e-03 1.02e-11 1.00e-20 1.00e-20 1.00e-20 1.00e-20 1.00e-20 1.00e-20 
1.00e+14   28     -1 0.00e+00 0.00e+00 0.00e+00 0.00e+00 0.00e+00 0.00e+00 0.00e+00 0.00e+00 0.00e+00 0.00e+00 0.00e+00 0.00e+00 
1.17e+14   29     -1 0.00e+00 0.00e+00 0.00e+00 0.00e+00 0.00e+00 0.00e+00 0.00e+00 0.00e+00 0.00e+00 0.00e+00 0.00e+00 0.00e+00 
