       r    i inwind      i01      i02      i03      i04      i05      i06      i07      i08      i09 
1.20e+12    0     -1 0.00e+00 0.00e+00 0.00e+00 0.00e+00 0.00e+00 0.00e+00 0.00e+00 0.00e+00 0.00e+00 
1.40e+12    1      0 8.44e-15 1.54e-07 1.64e-02 9.79e-01 4.85e-03 5.01e-29 5.01e-29 5.01e-29 5.01e-29 
1.64e+12    2      0 3.14e-16 2.19e-08 6.84e-03 9.90e-01 3.51e-03 4.96e-28 4.96e-28 4.96e-28 4.96e-28 
1.92e+12    3      0 7.04e-17 9.89e-09 5.44e-03 9.92e-01 2.52e-03 1.61e-27 1.61e-27 1.61e-27 1.61e-27 
2.25e+12    4      0 3.34e-17 7.29e-09 5.65e-03 9.91e-01 3.04e-03 3.72e-27 3.72e-27 3.72e-27 3.72e-27 
2.63e+12    5      0 2.06e-17 6.28e-09 5.81e-03 9.92e-01 1.98e-03 7.31e-27 7.31e-27 7.31e-27 7.31e-27 
3.09e+12    6      0 1.14e-17 5.07e-09 5.57e-03 9.93e-01 1.45e-03 1.30e-26 1.30e-26 1.30e-26 1.30e-26 
3.61e+12    7      0 8.67e-18 4.00e-09 5.11e-03 9.94e-01 1.19e-03 2.18e-26 2.18e-26 2.18e-26 2.18e-26 
4.23e+12    8      0 7.40e-18 3.70e-09 5.20e-03 9.94e-01 7.91e-04 3.50e-26 3.50e-26 3.50e-26 3.50e-26 
4.96e+12    9      0 7.00e-18 3.53e-09 5.13e-03 9.94e-01 4.09e-04 5.43e-26 5.43e-26 5.43e-26 5.43e-26 
5.81e+12   10      0 5.62e-18 3.61e-09 5.63e-03 9.94e-01 1.88e-04 8.24e-26 8.24e-26 8.24e-26 8.24e-26 
6.80e+12   11      0 4.65e-18 3.53e-09 6.03e-03 9.93e-01 8.66e-05 1.23e-25 1.23e-25 1.23e-25 1.23e-25 
7.97e+12   12      0 4.75e-18 3.20e-09 5.70e-03 9.94e-01 8.92e-05 1.80e-25 1.80e-25 1.80e-25 1.80e-25 
9.33e+12   13      0 3.82e-18 3.60e-09 6.52e-03 9.93e-01 4.36e-05 2.61e-25 2.61e-25 2.61e-25 2.61e-25 
1.09e+13   14      0 3.89e-18 4.03e-09 7.39e-03 9.92e-01 2.34e-05 3.75e-25 3.75e-25 3.75e-25 3.75e-25 
1.28e+13   15      0 4.57e-18 3.91e-09 7.11e-03 9.92e-01 1.03e-05 5.35e-25 5.35e-25 5.35e-25 5.35e-25 
1.50e+13   16      0 5.31e-18 4.35e-09 7.30e-03 9.92e-01 5.02e-06 7.58e-25 7.58e-25 7.58e-25 7.58e-25 
1.76e+13   17      0 4.94e-18 3.87e-09 6.81e-03 9.92e-01 2.75e-06 1.07e-24 1.07e-24 1.07e-24 1.07e-24 
2.06e+13   18      0 3.58e-18 3.29e-09 5.53e-03 9.92e-01 1.47e-06 1.50e-24 1.50e-24 1.50e-24 1.50e-24 
2.41e+13   19      0 1.23e-18 3.38e-09 5.42e-03 9.92e-01 7.85e-07 2.10e-24 2.10e-24 2.10e-24 2.10e-24 
2.82e+13   20      0 4.39e-18 3.13e-09 4.80e-03 9.92e-01 4.10e-07 2.93e-24 2.93e-24 2.93e-24 2.93e-24 
3.31e+13   21      0 4.16e-18 2.88e-09 4.17e-03 9.92e-01 2.43e-07 4.07e-24 4.07e-24 4.07e-24 4.07e-24 
3.87e+13   22      0 7.05e-18 4.98e-09 6.82e-03 9.92e-01 1.25e-07 5.66e-24 5.66e-24 5.66e-24 5.66e-24 
4.54e+13   23      0 6.98e-18 3.59e-09 4.69e-03 9.92e-01 8.44e-08 7.84e-24 7.84e-24 7.84e-24 7.84e-24 
5.31e+13   24      0 8.00e-18 5.10e-09 6.43e-03 9.91e-01 9.87e-08 1.08e-23 1.08e-23 1.08e-23 1.08e-23 
6.22e+13   25      0 9.15e-18 4.85e-09 5.77e-03 9.91e-01 2.36e-08 1.50e-23 1.50e-23 1.50e-23 1.50e-23 
7.29e+13   26      0 1.85e-18 4.86e-09 5.53e-03 9.91e-01 1.39e-08 2.07e-23 2.07e-23 2.07e-23 2.07e-23 
8.54e+13   27      0 5.60e-18 4.93e-09 5.38e-03 9.91e-01 8.16e-09 2.85e-23 2.85e-23 2.85e-23 2.85e-23 
1.00e+14   28     -1 0.00e+00 0.00e+00 0.00e+00 0.00e+00 0.00e+00 0.00e+00 0.00e+00 0.00e+00 0.00e+00 
1.17e+14   29     -1 0.00e+00 0.00e+00 0.00e+00 0.00e+00 0.00e+00 0.00e+00 0.00e+00 0.00e+00 0.00e+00 
