       r    i inwind      i01      i02      i03      i04      i05      i06      i07      i08      i09      i10      i11      i12      i13      i14      i15 
1.20e+12    0     -1 0.00e+00 0.00e+00 0.00e+00 0.00e+00 0.00e+00 0.00e+00 0.00e+00 0.00e+00 0.00e+00 0.00e+00 0.00e+00 0.00e+00 0.00e+00 0.00e+00 0.00e+00 
1.40e+12    1      0 3.28e-14 5.46e-08 3.79e-04 1.74e-02 9.82e-01 1.54e-12 1.00e-20 1.00e-20 1.00e-20 1.00e-20 1.00e-20 1.00e-20 1.00e-20 1.00e-20 1.00e-20 
1.64e+12    2      0 4.29e-17 3.82e-10 1.75e-05 5.09e-03 9.95e-01 6.45e-12 1.00e-20 1.00e-20 1.00e-20 1.00e-20 1.00e-20 1.00e-20 1.00e-20 1.00e-20 1.00e-20 
1.92e+12    3      0 1.55e-18 3.22e-11 3.64e-06 2.65e-03 9.97e-01 1.42e-11 1.00e-20 1.00e-20 1.00e-20 1.00e-20 1.00e-20 1.00e-20 1.00e-20 1.00e-20 1.00e-20 
2.25e+12    4      0 1.84e-19 6.70e-12 1.35e-06 1.78e-03 9.98e-01 2.22e-11 1.00e-20 1.00e-20 1.00e-20 1.00e-20 1.00e-20 1.00e-20 1.00e-20 1.00e-20 1.00e-20 
2.63e+12    5      0 4.06e-20 2.23e-12 6.83e-07 1.37e-03 9.99e-01 2.86e-11 1.00e-20 1.00e-20 1.00e-20 1.00e-20 1.00e-20 1.00e-20 1.00e-20 1.00e-20 1.00e-20 
3.09e+12    6      0 1.28e-20 9.83e-13 4.14e-07 1.15e-03 9.99e-01 3.24e-11 1.00e-20 1.00e-20 1.00e-20 1.00e-20 1.00e-20 1.00e-20 1.00e-20 1.00e-20 1.00e-20 
3.61e+12    7      0 1.00e-20 5.15e-13 2.82e-07 1.03e-03 9.99e-01 3.37e-11 1.00e-20 1.00e-20 1.00e-20 1.00e-20 1.00e-20 1.00e-20 1.00e-20 1.00e-20 1.00e-20 
4.23e+12    8      0 1.00e-20 3.16e-13 2.12e-07 9.51e-04 9.99e-01 3.32e-11 1.00e-20 1.00e-20 1.00e-20 1.00e-20 1.00e-20 1.00e-20 1.00e-20 1.00e-20 1.00e-20 
4.96e+12    9      0 1.00e-20 2.18e-13 1.71e-07 8.95e-04 9.99e-01 3.19e-11 1.00e-20 1.00e-20 1.00e-20 1.00e-20 1.00e-20 1.00e-20 1.00e-20 1.00e-20 1.00e-20 
5.81e+12   10      0 1.00e-20 1.63e-13 1.45e-07 8.69e-04 9.99e-01 2.95e-11 1.00e-20 1.00e-20 1.00e-20 1.00e-20 1.00e-20 1.00e-20 1.00e-20 1.00e-20 1.00e-20 
6.80e+12   11      0 1.00e-20 1.28e-13 1.26e-07 8.25e-04 9.99e-01 2.80e-11 1.00e-20 1.00e-20 1.00e-20 1.00e-20 1.00e-20 1.00e-20 1.00e-20 1.00e-20 1.00e-20 
7.97e+12   12      0 1.00e-20 1.01e-13 1.11e-07 8.04e-04 9.99e-01 2.62e-11 1.00e-20 1.00e-20 1.00e-20 1.00e-20 1.00e-20 1.00e-20 1.00e-20 1.00e-20 1.00e-20 
9.33e+12   13      0 1.00e-20 8.75e-14 1.02e-07 7.87e-04 9.99e-01 2.47e-11 1.00e-20 1.00e-20 1.00e-20 1.00e-20 1.00e-20 1.00e-20 1.00e-20 1.00e-20 1.00e-20 
1.09e+13   14      0 1.00e-20 7.06e-14 9.02e-08 7.69e-04 9.99e-01 2.37e-11 1.00e-20 1.00e-20 1.00e-20 1.00e-20 1.00e-20 1.00e-20 1.00e-20 1.00e-20 1.00e-20 
1.28e+13   15      0 1.00e-20 5.97e-14 8.19e-08 7.54e-04 9.99e-01 2.30e-11 1.00e-20 1.00e-20 1.00e-20 1.00e-20 1.00e-20 1.00e-20 1.00e-20 1.00e-20 1.00e-20 
1.50e+13   16      0 1.00e-20 5.43e-14 7.84e-08 7.69e-04 9.99e-01 2.16e-11 1.00e-20 1.00e-20 1.00e-20 1.00e-20 1.00e-20 1.00e-20 1.00e-20 1.00e-20 1.00e-20 
1.76e+13   17      0 1.00e-20 4.60e-14 7.02e-08 7.19e-04 9.99e-01 2.23e-11 1.00e-20 1.00e-20 1.00e-20 1.00e-20 1.00e-20 1.00e-20 1.00e-20 1.00e-20 1.00e-20 
2.06e+13   18      0 1.00e-20 4.28e-14 6.75e-08 7.18e-04 9.99e-01 2.17e-11 1.00e-20 1.00e-20 1.00e-20 1.00e-20 1.00e-20 1.00e-20 1.00e-20 1.00e-20 1.00e-20 
2.41e+13   19      0 1.00e-20 3.92e-14 6.42e-08 7.14e-04 9.99e-01 2.13e-11 1.00e-20 1.00e-20 1.00e-20 1.00e-20 1.00e-20 1.00e-20 1.00e-20 1.00e-20 1.00e-20 
2.82e+13   20      0 1.00e-20 3.64e-14 6.17e-08 7.12e-04 9.99e-01 2.09e-11 1.00e-20 1.00e-20 1.00e-20 1.00e-20 1.00e-20 1.00e-20 1.00e-20 1.00e-20 1.00e-20 
3.31e+13   21      0 1.00e-20 3.45e-14 6.00e-08 7.15e-04 9.99e-01 2.05e-11 1.00e-20 1.00e-20 1.00e-20 1.00e-20 1.00e-20 1.00e-20 1.00e-20 1.00e-20 1.00e-20 
3.87e+13   22      0 1.00e-20 3.29e-14 5.85e-08 7.21e-04 9.99e-01 2.01e-11 1.00e-20 1.00e-20 1.00e-20 1.00e-20 1.00e-20 1.00e-20 1.00e-20 1.00e-20 1.00e-20 
4.54e+13   23      0 1.00e-20 3.15e-14 5.75e-08 7.30e-04 9.99e-01 1.96e-11 1.00e-20 1.00e-20 1.00e-20 1.00e-20 1.00e-20 1.00e-20 1.00e-20 1.00e-20 1.00e-20 
5.31e+13   24      0 1.00e-20 3.09e-14 5.68e-08 7.26e-04 9.99e-01 1.95e-11 1.00e-20 1.00e-20 1.00e-20 1.00e-20 1.00e-20 1.00e-20 1.00e-20 1.00e-20 1.00e-20 
6.22e+13   25      0 1.00e-20 2.96e-14 5.63e-08 7.60e-04 9.99e-01 1.85e-11 1.00e-20 1.00e-20 1.00e-20 1.00e-20 1.00e-20 1.00e-20 1.00e-20 1.00e-20 1.00e-20 
7.29e+13   26      0 1.00e-20 2.92e-14 5.65e-08 7.82e-04 9.99e-01 1.77e-11 1.00e-20 1.00e-20 1.00e-20 1.00e-20 1.00e-20 1.00e-20 1.00e-20 1.00e-20 1.00e-20 
8.54e+13   27      0 1.00e-20 2.92e-14 5.74e-08 8.08e-04 9.99e-01 1.70e-11 1.00e-20 1.00e-20 1.00e-20 1.00e-20 1.00e-20 1.00e-20 1.00e-20 1.00e-20 1.00e-20 
1.00e+14   28     -1 0.00e+00 0.00e+00 0.00e+00 0.00e+00 0.00e+00 0.00e+00 0.00e+00 0.00e+00 0.00e+00 0.00e+00 0.00e+00 0.00e+00 0.00e+00 0.00e+00 0.00e+00 
1.17e+14   29     -1 0.00e+00 0.00e+00 0.00e+00 0.00e+00 0.00e+00 0.00e+00 0.00e+00 0.00e+00 0.00e+00 0.00e+00 0.00e+00 0.00e+00 0.00e+00 0.00e+00 0.00e+00 
