        r    i inwind converge       v_x       v_y       v_z       vol       rho        ne       t_e   t_e_old      dt_e  dt_e_old       t_r   t_r_old         w  heat_tot heat_tot_  cool_tot      ntot        ip    nioniz      gain macro_bf_ macro_bf_ 
1.195e+12    0     -1        0  7.07e+03  0.00e+00  7.07e+03  0.00e+00  0.00e+00  0.00e+00  0.00e+00  0.00e+00  0.00e+00  0.00e+00  0.00e+00  0.00e+00  0.00e+00  0.00e+00  0.00e+00  0.00e+00  0.00e+00  0.00e+00  0.00e+00  0.00e+00  0.00e+00  0.00e+00 
1.400e+12    1      0        0  7.07e+03  0.00e+00  7.07e+03  6.98e+36  9.52e-12  4.42e+12  3.40e+04  3.41e+04 -1.40e+02 -1.44e+02  4.02e+04  4.03e+04  3.08e-01  2.80e+39  2.80e+39  2.82e+39  1.07e+07  2.62e+01  4.79e+06  8.00e-01  0.00e+00  0.00e+00 
1.640e+12    2      0        0  1.37e+06  0.00e+00  1.37e+06  1.12e+37  9.61e-13  4.47e+11  2.61e+04  2.61e+04 -3.10e+01 -2.49e+01  4.04e+04  4.04e+04  1.24e-01  1.65e+37  1.65e+37  1.65e+37  1.11e+07  1.04e+02  4.48e+06  8.00e-01  0.00e+00  0.00e+00 
1.921e+12    3      0        0  4.68e+06  0.00e+00  4.68e+06  1.80e+37  2.97e-13  1.38e+11  2.36e+04  2.37e+04  4.07e+01  1.16e+01  4.06e+04  4.06e+04  7.57e-02  1.81e+36  1.81e+36  1.82e+36  1.06e+07  2.09e+02  4.25e+06  8.00e-01  0.00e+00  0.00e+00 
2.250e+12    4      0        0  9.08e+06  0.00e+00  9.08e+06  2.89e+37  1.28e-13  5.95e+10  2.21e+04  2.21e+04 -9.78e+00  5.37e+00  4.06e+04  4.06e+04  5.05e-02  4.50e+35  4.49e+35  4.53e+35  1.05e+07  3.24e+02  4.16e+06  6.31e-01  0.00e+00  0.00e+00 
2.635e+12    5      0        0  1.40e+07  0.00e+00  1.40e+07  4.65e+37  6.53e-14  3.03e+10  2.09e+04  2.09e+04 -2.36e+00 -3.24e+01  4.06e+04  4.06e+04  3.49e-02  1.62e+35  1.62e+35  1.62e+35  1.04e+07  4.40e+02  4.11e+06  5.15e-01  0.00e+00  0.00e+00 
3.086e+12    6      0        0  1.90e+07  0.00e+00  1.90e+07  7.47e+37  3.66e-14  1.69e+10  1.99e+04  1.99e+04 -5.63e+00 -2.93e+00  4.06e+04  4.06e+04  2.47e-02  7.04e+34  7.04e+34  7.06e+34  1.03e+07  5.50e+02  4.06e+06  2.40e-01  0.00e+00  0.00e+00 
3.615e+12    7      0        0  2.39e+07  0.00e+00  2.39e+07  1.20e+38  2.19e-14  1.01e+10  1.89e+04  1.88e+04 -8.61e+00 -3.64e+01  4.05e+04  4.05e+04  1.76e-02  3.53e+34  3.53e+34  3.52e+34  1.02e+07  6.50e+02  4.02e+06  5.15e-01  0.00e+00  0.00e+00 
4.234e+12    8      0        0  2.85e+07  0.00e+00  2.85e+07  1.93e+38  1.36e-14  6.29e+09  1.81e+04  1.81e+04  5.03e+01  8.34e-01  4.04e+04  4.04e+04  1.27e-02  1.93e+34  1.93e+34  1.96e+34  1.02e+07  7.41e+02  3.99e+06  5.22e-01  0.00e+00  0.00e+00 
4.959e+12    9      0        0  3.28e+07  0.00e+00  3.28e+07  3.10e+38  8.78e-15  4.03e+09  1.75e+04  1.75e+04  9.38e+00 -1.71e+01  4.02e+04  4.02e+04  9.20e-03  1.20e+34  1.20e+34  1.20e+34  1.01e+07  8.20e+02  3.96e+06  1.14e-01  0.00e+00  0.00e+00 
5.809e+12   10      0        0  3.67e+07  0.00e+00  3.67e+07  4.98e+38  5.79e-15  2.65e+09  1.69e+04  1.70e+04 -3.49e+01  2.69e+01  4.01e+04  4.01e+04  6.69e-03  7.46e+33  7.46e+33  7.66e+33  1.01e+07  8.89e+02  3.94e+06  3.28e-01  0.00e+00  0.00e+00 
6.804e+12   11      0        0  4.01e+07  0.00e+00  4.01e+07  8.01e+38  3.89e-15  1.75e+09  1.68e+04  1.66e+04  1.27e+02 -2.09e+02  4.00e+04  4.00e+04  4.87e-03  5.26e+33  5.27e+33  5.31e+33  1.01e+07  9.50e+02  3.92e+06  5.60e-01  0.00e+00  0.00e+00 
7.969e+12   12      0        0  4.32e+07  0.00e+00  4.32e+07  1.29e+39  2.65e-15  1.18e+09  1.63e+04  1.63e+04 -3.33e+01 -2.33e+01  3.99e+04  3.99e+04  3.55e-03  3.77e+33  3.77e+33  3.67e+33  1.01e+07  1.00e+03  3.91e+06  1.39e-01  0.00e+00  0.00e+00 
9.334e+12   13      0        0  4.60e+07  0.00e+00  4.60e+07  2.07e+39  1.83e-15  8.07e+08  1.61e+04  1.61e+04  3.28e+02 -1.18e+01  3.98e+04  3.98e+04  2.59e-03  2.65e+33  2.65e+33  2.68e+33  1.01e+07  1.05e+03  3.90e+06  6.94e-01  0.00e+00  0.00e+00 
1.093e+13   14      0        0  4.84e+07  0.00e+00  4.84e+07  3.32e+39  1.27e-15  5.50e+08  1.57e+04  1.57e+04 -3.14e+01 -3.21e+01  3.97e+04  3.97e+04  1.89e-03  1.83e+33  1.83e+33  1.89e+33  1.00e+07  1.09e+03  3.89e+06  3.12e-01  0.00e+00  0.00e+00 
1.281e+13   15      0        0  5.05e+07  0.00e+00  5.05e+07  5.34e+39  8.91e-16  3.73e+08  1.53e+04  1.53e+04  9.22e+01 -1.62e+02  3.97e+04  3.97e+04  1.38e-03  1.36e+33  1.36e+33  1.32e+33  1.00e+07  1.12e+03  3.88e+06  5.60e-01  0.00e+00  0.00e+00 
1.500e+13   16      0        0  5.23e+07  0.00e+00  5.23e+07  8.58e+39  6.29e-16  2.65e+08  1.48e+04  1.52e+04  1.61e+02 -2.74e+02  3.96e+04  3.96e+04  1.01e-03  1.03e+33  1.03e+33  1.02e+33  1.00e+07  1.15e+03  3.88e+06  3.65e-01  0.00e+00  0.00e+00 
1.757e+13   17      0        0  5.39e+07  0.00e+00  5.39e+07  1.38e+40  4.46e-16  1.81e+08  1.50e+04  1.50e+04  3.80e+02 -4.89e+02  3.96e+04  3.96e+04  7.34e-04  7.89e+32  7.89e+32  7.92e+32  1.00e+07  1.18e+03  3.87e+06  5.60e-01  0.00e+00  0.00e+00 
2.058e+13   18      0        0  5.53e+07  0.00e+00  5.53e+07  2.21e+40  3.18e-16  1.30e+08  1.47e+04  1.47e+04 -4.73e+01  3.44e+01  3.96e+04  3.96e+04  5.35e-04  6.53e+32  6.53e+32  6.47e+32  1.00e+07  1.20e+03  3.87e+06  2.09e-01  0.00e+00  0.00e+00 
2.410e+13   19      0        0  5.65e+07  0.00e+00  5.65e+07  3.56e+40  2.27e-16  9.13e+07  1.45e+04  1.45e+04  1.57e+01  7.73e+01  3.95e+04  3.96e+04  3.91e-04  5.13e+32  5.13e+32  5.10e+32  1.00e+07  1.22e+03  3.87e+06  4.02e-01  0.00e+00  0.00e+00 
2.823e+13   20      0        0  5.75e+07  0.00e+00  5.75e+07  5.72e+40  1.63e-16  6.54e+07  1.42e+04  1.42e+04 -5.37e+01  2.64e+01  3.95e+04  3.95e+04  2.85e-04  4.19e+32  4.19e+32  4.22e+32  1.00e+07  1.24e+03  3.86e+06  4.42e-01  0.00e+00  0.00e+00 
3.306e+13   21      0        0  5.84e+07  0.00e+00  5.84e+07  9.19e+40  1.17e-16  4.69e+07  1.40e+04  1.40e+04 -1.92e+01  1.16e+01  3.95e+04  3.95e+04  2.08e-04  3.49e+32  3.49e+32  3.48e+32  1.00e+07  1.25e+03  3.86e+06  1.13e-01  0.00e+00  0.00e+00 
3.873e+13   22      0        0  5.91e+07  0.00e+00  5.91e+07  1.48e+41  8.43e-17  3.37e+07  1.37e+04  1.37e+04 -4.15e-02 -7.95e+01  3.95e+04  3.95e+04  1.51e-04  2.91e+32  2.91e+32  2.93e+32  1.00e+07  1.27e+03  3.86e+06  3.60e-01  0.00e+00  0.00e+00 
4.536e+13   23      0        0  5.98e+07  0.00e+00  5.98e+07  2.37e+41  6.09e-17  2.44e+07  1.34e+04  1.34e+04 -2.85e+00  8.54e+00  3.95e+04  3.95e+04  1.10e-04  2.48e+32  2.48e+32  2.48e+32  1.00e+07  1.28e+03  3.86e+06  1.63e-01  0.00e+00  0.00e+00 
5.313e+13   24      0        1  6.03e+07  0.00e+00  6.03e+07  3.81e+41  4.40e-17  1.80e+07  1.34e+04  1.30e+04 -1.49e+01 -1.52e+01  3.95e+04  3.95e+04  8.05e-05  2.68e+32  2.68e+32  2.33e+32  1.00e+07  1.29e+03  3.86e+06  2.29e-01  0.00e+00  0.00e+00 
6.223e+13   25      0        0  6.08e+07  0.00e+00  6.08e+07  6.13e+41  3.18e-17  1.27e+07  1.25e+04  1.25e+04 -7.34e+00 -5.34e+00  3.95e+04  3.95e+04  5.87e-05  1.80e+32  1.80e+32  1.80e+32  1.00e+07  1.29e+03  3.86e+06  2.40e-01  0.00e+00  0.00e+00 
7.289e+13   26      0        0  6.12e+07  0.00e+00  6.12e+07  9.85e+41  2.31e-17  9.20e+06  1.20e+04  1.20e+04 -2.66e+01  2.81e+01  3.94e+04  3.95e+04  4.28e-05  1.55e+32  1.55e+32  1.56e+32  1.00e+07  1.30e+03  3.86e+06  4.31e-01  0.00e+00  0.00e+00 
8.538e+13   27      0        0  6.16e+07  0.00e+00  6.16e+07  1.58e+42  1.67e-17  6.67e+06  1.14e+04  1.15e+04 -2.40e+01 -7.69e+00  3.94e+04  3.94e+04  3.12e-05  1.35e+32  1.35e+32  1.36e+32  1.00e+07  1.31e+03  3.85e+06  2.81e-01  0.00e+00  0.00e+00 
1.000e+14   28     -1        0  6.19e+07  0.00e+00  6.19e+07  0.00e+00  0.00e+00  0.00e+00  0.00e+00  0.00e+00  0.00e+00  0.00e+00  0.00e+00  0.00e+00  0.00e+00  0.00e+00  0.00e+00  0.00e+00  0.00e+00  0.00e+00  0.00e+00  0.00e+00  0.00e+00  0.00e+00 
1.171e+14   29     -1        0  6.21e+07  0.00e+00  6.21e+07  0.00e+00  0.00e+00  0.00e+00  0.00e+00  0.00e+00  0.00e+00  0.00e+00  0.00e+00  0.00e+00  0.00e+00  0.00e+00  0.00e+00  0.00e+00  0.00e+00  0.00e+00  0.00e+00  0.00e+00  0.00e+00  0.00e+00 
