       r    i inwind      i01      i02      i03      i04      i05      i06      i07      i08 
1.20e+12    0     -1 0.00e+00 0.00e+00 0.00e+00 0.00e+00 0.00e+00 0.00e+00 0.00e+00 0.00e+00 
1.40e+12    1      0 1.15e-15 3.79e-08 1.09e-02 8.89e-01 9.99e-02 2.02e-06 1.23e-29 1.23e-29 
1.64e+12    2      0 5.76e-17 7.72e-09 7.18e-03 9.50e-01 4.33e-02 1.42e-07 1.22e-28 1.22e-28 
1.92e+12    3      0 1.16e-17 3.69e-09 5.46e-03 9.66e-01 2.85e-02 5.54e-08 3.95e-28 3.95e-28 
2.25e+12    4      0 4.63e-18 2.37e-09 4.96e-03 9.79e-01 1.59e-02 1.09e-08 9.13e-28 9.13e-28 
2.63e+12    5      0 2.59e-18 1.90e-09 5.16e-03 9.84e-01 1.08e-02 2.64e-09 1.79e-27 1.79e-27 
3.09e+12    6      0 2.04e-18 1.75e-09 5.44e-03 9.89e-01 6.04e-03 1.75e-09 3.20e-27 3.20e-27 
3.61e+12    7      0 1.60e-18 1.69e-09 5.84e-03 9.91e-01 3.14e-03 2.68e-10 5.36e-27 5.36e-27 
4.23e+12    8      0 1.46e-18 1.82e-09 6.45e-03 9.92e-01 1.40e-03 6.95e-11 8.59e-27 8.59e-27 
4.96e+12    9      0 1.78e-18 1.83e-09 6.75e-03 9.93e-01 6.37e-04 1.12e-11 1.33e-26 1.33e-26 
5.81e+12   10      0 1.24e-18 2.07e-09 7.83e-03 9.92e-01 2.76e-04 2.71e-12 2.02e-26 2.02e-26 
6.80e+12   11      0 1.35e-18 1.90e-09 7.60e-03 9.92e-01 1.62e-04 9.87e-13 3.01e-26 3.01e-26 
7.97e+12   12      0 1.36e-18 1.42e-09 6.45e-03 9.93e-01 6.99e-05 2.41e-13 4.42e-26 4.42e-26 
9.33e+12   13      0 9.19e-19 1.55e-09 7.58e-03 9.92e-01 2.10e-05 2.54e-14 6.41e-26 6.41e-26 
1.09e+13   14      0 1.55e-19 1.57e-09 8.17e-03 9.91e-01 1.82e-05 2.08e-14 9.21e-26 9.21e-26 
1.28e+13   15      0 5.65e-19 1.28e-09 8.23e-03 9.91e-01 6.36e-06 1.94e-15 1.31e-25 1.31e-25 
1.50e+13   16      0 5.36e-19 1.05e-09 7.33e-03 9.92e-01 2.07e-06 2.92e-16 1.86e-25 1.86e-25 
1.76e+13   17      0 5.71e-19 6.76e-10 5.38e-03 9.93e-01 1.35e-06 2.25e-16 2.62e-25 2.62e-25 
2.06e+13   18      0 4.39e-19 5.80e-10 4.83e-03 9.93e-01 6.06e-07 4.39e-17 3.68e-25 3.68e-25 
2.41e+13   19      0 3.62e-19 5.59e-10 4.88e-03 9.92e-01 3.29e-07 2.36e-17 5.15e-25 5.15e-25 
2.82e+13   20      0 4.52e-19 4.79e-10 4.32e-03 9.92e-01 1.25e-07 4.47e-18 7.19e-25 7.19e-25 
3.31e+13   21      0 5.27e-19 3.24e-10 3.02e-03 9.93e-01 7.94e-08 1.03e-18 1.00e-24 1.00e-24 
3.87e+13   22      0 1.39e-24 3.31e-10 3.13e-03 9.93e-01 3.50e-08 1.39e-24 1.39e-24 1.39e-24 
4.54e+13   23      0 1.81e-19 2.66e-10 2.55e-03 9.93e-01 1.67e-08 1.92e-24 1.92e-24 1.92e-24 
5.31e+13   24      0 2.66e-24 2.92e-10 2.83e-03 9.93e-01 2.86e-06 1.12e-17 2.66e-24 2.66e-24 
6.22e+13   25      0 1.27e-19 2.95e-10 2.83e-03 9.93e-01 1.68e-08 3.68e-24 3.68e-24 3.68e-24 
7.29e+13   26      0 6.75e-20 2.39e-10 2.28e-03 9.92e-01 5.37e-08 5.08e-24 5.08e-24 5.08e-24 
8.54e+13   27      0 4.14e-19 2.39e-10 2.26e-03 9.93e-01 2.16e-09 7.00e-24 7.00e-24 7.00e-24 
1.00e+14   28     -1 0.00e+00 0.00e+00 0.00e+00 0.00e+00 0.00e+00 0.00e+00 0.00e+00 0.00e+00 
1.17e+14   29     -1 0.00e+00 0.00e+00 0.00e+00 0.00e+00 0.00e+00 0.00e+00 0.00e+00 0.00e+00 
