       r    i inwind      i01      i02      i03      i04      i05      i06      i07      i08      i09      i10      i11      i12      i13      i14      i15      i16      i17      i18      i19      i20      i21      i22      i23      i24      i25      i26      i27 
1.20e+12    0     -1 0.00e+00 0.00e+00 0.00e+00 0.00e+00 0.00e+00 0.00e+00 0.00e+00 0.00e+00 0.00e+00 0.00e+00 0.00e+00 0.00e+00 0.00e+00 0.00e+00 0.00e+00 0.00e+00 0.00e+00 0.00e+00 0.00e+00 0.00e+00 0.00e+00 0.00e+00 0.00e+00 0.00e+00 0.00e+00 0.00e+00 0.00e+00 
1.40e+12    1      0 2.50e-19 1.67e-13 9.71e-08 8.06e-03 8.16e-01 1.76e-01 3.28e-05 1.93e-13 1.00e-20 1.00e-20 1.00e-20 1.00e-20 1.00e-20 1.00e-20 1.00e-20 1.00e-20 1.00e-20 1.00e-20 1.00e-20 1.00e-20 1.00e-20 1.00e-20 1.00e-20 1.00e-20 1.00e-20 1.00e-20 1.00e-20 
1.64e+12    2      0 1.00e-20 9.84e-16 4.84e-09 1.52e-03 5.56e-01 4.42e-01 3.11e-04 8.60e-12 1.00e-20 1.00e-20 1.00e-20 1.00e-20 1.00e-20 1.00e-20 1.00e-20 1.00e-20 1.00e-20 1.00e-20 1.00e-20 1.00e-20 1.00e-20 1.00e-20 1.00e-20 1.00e-20 1.00e-20 1.00e-20 1.00e-20 
1.92e+12    3      0 1.00e-20 7.64e-17 8.92e-10 5.35e-04 3.86e-01 6.13e-01 8.84e-04 5.48e-11 1.00e-20 1.00e-20 1.00e-20 1.00e-20 1.00e-20 1.00e-20 1.00e-20 1.00e-20 1.00e-20 1.00e-20 1.00e-20 1.00e-20 1.00e-20 1.00e-20 1.00e-20 1.00e-20 1.00e-20 1.00e-20 1.00e-20 
2.25e+12    4      0 1.00e-20 1.57e-17 3.02e-10 2.70e-04 2.93e-01 7.06e-01 1.55e-03 1.55e-10 1.00e-20 1.00e-20 1.00e-20 1.00e-20 1.00e-20 1.00e-20 1.00e-20 1.00e-20 1.00e-20 1.00e-20 1.00e-20 1.00e-20 1.00e-20 1.00e-20 1.00e-20 1.00e-20 1.00e-20 1.00e-20 1.00e-20 
2.63e+12    5      0 1.00e-20 5.48e-18 1.46e-10 1.70e-04 2.41e-01 7.57e-01 2.17e-03 2.90e-10 1.00e-20 1.00e-20 1.00e-20 1.00e-20 1.00e-20 1.00e-20 1.00e-20 1.00e-20 1.00e-20 1.00e-20 1.00e-20 1.00e-20 1.00e-20 1.00e-20 1.00e-20 1.00e-20 1.00e-20 1.00e-20 1.00e-20 
3.09e+12    6      0 1.00e-20 2.71e-18 9.00e-11 1.26e-04 2.12e-01 7.85e-01 2.62e-03 4.18e-10 1.00e-20 1.00e-20 1.00e-20 1.00e-20 1.00e-20 1.00e-20 1.00e-20 1.00e-20 1.00e-20 1.00e-20 1.00e-20 1.00e-20 1.00e-20 1.00e-20 1.00e-20 1.00e-20 1.00e-20 1.00e-20 1.00e-20 
3.61e+12    7      0 1.00e-20 1.70e-18 6.59e-11 1.04e-04 1.96e-01 8.01e-01 2.91e-03 5.09e-10 1.00e-20 1.00e-20 1.00e-20 1.00e-20 1.00e-20 1.00e-20 1.00e-20 1.00e-20 1.00e-20 1.00e-20 1.00e-20 1.00e-20 1.00e-20 1.00e-20 1.00e-20 1.00e-20 1.00e-20 1.00e-20 1.00e-20 
4.23e+12    8      0 1.00e-20 1.24e-18 5.37e-11 9.22e-05 1.87e-01 8.10e-01 3.05e-03 5.58e-10 1.00e-20 1.00e-20 1.00e-20 1.00e-20 1.00e-20 1.00e-20 1.00e-20 1.00e-20 1.00e-20 1.00e-20 1.00e-20 1.00e-20 1.00e-20 1.00e-20 1.00e-20 1.00e-20 1.00e-20 1.00e-20 1.00e-20 
4.96e+12    9      0 1.00e-20 9.75e-19 4.59e-11 8.46e-05 1.81e-01 8.15e-01 3.12e-03 5.79e-10 1.00e-20 1.00e-20 1.00e-20 1.00e-20 1.00e-20 1.00e-20 1.00e-20 1.00e-20 1.00e-20 1.00e-20 1.00e-20 1.00e-20 1.00e-20 1.00e-20 1.00e-20 1.00e-20 1.00e-20 1.00e-20 1.00e-20 
5.81e+12   10      0 1.00e-20 8.62e-19 4.28e-11 8.23e-05 1.81e-01 8.16e-01 3.08e-03 5.59e-10 1.00e-20 1.00e-20 1.00e-20 1.00e-20 1.00e-20 1.00e-20 1.00e-20 1.00e-20 1.00e-20 1.00e-20 1.00e-20 1.00e-20 1.00e-20 1.00e-20 1.00e-20 1.00e-20 1.00e-20 1.00e-20 1.00e-20 
6.80e+12   11      0 1.00e-20 7.02e-19 3.75e-11 7.69e-05 1.76e-01 8.20e-01 3.11e-03 5.59e-10 1.00e-20 1.00e-20 1.00e-20 1.00e-20 1.00e-20 1.00e-20 1.00e-20 1.00e-20 1.00e-20 1.00e-20 1.00e-20 1.00e-20 1.00e-20 1.00e-20 1.00e-20 1.00e-20 1.00e-20 1.00e-20 1.00e-20 
7.97e+12   12      0 1.00e-20 6.33e-19 3.54e-11 7.51e-05 1.76e-01 8.21e-01 3.07e-03 5.40e-10 1.00e-20 1.00e-20 1.00e-20 1.00e-20 1.00e-20 1.00e-20 1.00e-20 1.00e-20 1.00e-20 1.00e-20 1.00e-20 1.00e-20 1.00e-20 1.00e-20 1.00e-20 1.00e-20 1.00e-20 1.00e-20 1.00e-20 
9.33e+12   13      0 1.00e-20 5.82e-19 3.37e-11 7.37e-05 1.75e-01 8.21e-01 3.03e-03 5.21e-10 1.00e-20 1.00e-20 1.00e-20 1.00e-20 1.00e-20 1.00e-20 1.00e-20 1.00e-20 1.00e-20 1.00e-20 1.00e-20 1.00e-20 1.00e-20 1.00e-20 1.00e-20 1.00e-20 1.00e-20 1.00e-20 1.00e-20 
1.09e+13   14      0 1.00e-20 5.30e-19 3.18e-11 7.17e-05 1.74e-01 8.23e-01 3.03e-03 5.19e-10 1.00e-20 1.00e-20 1.00e-20 1.00e-20 1.00e-20 1.00e-20 1.00e-20 1.00e-20 1.00e-20 1.00e-20 1.00e-20 1.00e-20 1.00e-20 1.00e-20 1.00e-20 1.00e-20 1.00e-20 1.00e-20 1.00e-20 
1.28e+13   15      0 1.00e-20 4.89e-19 3.02e-11 6.99e-05 1.73e-01 8.24e-01 3.02e-03 5.18e-10 1.00e-20 1.00e-20 1.00e-20 1.00e-20 1.00e-20 1.00e-20 1.00e-20 1.00e-20 1.00e-20 1.00e-20 1.00e-20 1.00e-20 1.00e-20 1.00e-20 1.00e-20 1.00e-20 1.00e-20 1.00e-20 1.00e-20 
1.50e+13   16      0 1.00e-20 5.26e-19 3.21e-11 7.31e-05 1.77e-01 8.20e-01 2.90e-03 4.82e-10 1.00e-20 1.00e-20 1.00e-20 1.00e-20 1.00e-20 1.00e-20 1.00e-20 1.00e-20 1.00e-20 1.00e-20 1.00e-20 1.00e-20 1.00e-20 1.00e-20 1.00e-20 1.00e-20 1.00e-20 1.00e-20 1.00e-20 
1.76e+13   17      0 1.00e-20 4.07e-19 2.67e-11 6.54e-05 1.69e-01 8.28e-01 3.08e-03 5.32e-10 1.00e-20 1.00e-20 1.00e-20 1.00e-20 1.00e-20 1.00e-20 1.00e-20 1.00e-20 1.00e-20 1.00e-20 1.00e-20 1.00e-20 1.00e-20 1.00e-20 1.00e-20 1.00e-20 1.00e-20 1.00e-20 1.00e-20 
2.06e+13   18      0 1.00e-20 4.03e-19 2.66e-11 6.55e-05 1.69e-01 8.28e-01 3.05e-03 5.23e-10 1.00e-20 1.00e-20 1.00e-20 1.00e-20 1.00e-20 1.00e-20 1.00e-20 1.00e-20 1.00e-20 1.00e-20 1.00e-20 1.00e-20 1.00e-20 1.00e-20 1.00e-20 1.00e-20 1.00e-20 1.00e-20 1.00e-20 
2.41e+13   19      0 1.00e-20 3.93e-19 2.63e-11 6.51e-05 1.69e-01 8.28e-01 3.04e-03 5.20e-10 1.00e-20 1.00e-20 1.00e-20 1.00e-20 1.00e-20 1.00e-20 1.00e-20 1.00e-20 1.00e-20 1.00e-20 1.00e-20 1.00e-20 1.00e-20 1.00e-20 1.00e-20 1.00e-20 1.00e-20 1.00e-20 1.00e-20 
2.82e+13   20      0 1.00e-20 3.90e-19 2.62e-11 6.51e-05 1.69e-01 8.28e-01 3.02e-03 5.17e-10 1.00e-20 1.00e-20 1.00e-20 1.00e-20 1.00e-20 1.00e-20 1.00e-20 1.00e-20 1.00e-20 1.00e-20 1.00e-20 1.00e-20 1.00e-20 1.00e-20 1.00e-20 1.00e-20 1.00e-20 1.00e-20 1.00e-20 
3.31e+13   21      0 1.00e-20 4.05e-19 2.65e-11 6.57e-05 1.70e-01 8.27e-01 2.99e-03 5.09e-10 1.00e-20 1.00e-20 1.00e-20 1.00e-20 1.00e-20 1.00e-20 1.00e-20 1.00e-20 1.00e-20 1.00e-20 1.00e-20 1.00e-20 1.00e-20 1.00e-20 1.00e-20 1.00e-20 1.00e-20 1.00e-20 1.00e-20 
3.87e+13   22      0 1.00e-20 4.20e-19 2.71e-11 6.68e-05 1.72e-01 8.25e-01 2.94e-03 4.98e-10 1.00e-20 1.00e-20 1.00e-20 1.00e-20 1.00e-20 1.00e-20 1.00e-20 1.00e-20 1.00e-20 1.00e-20 1.00e-20 1.00e-20 1.00e-20 1.00e-20 1.00e-20 1.00e-20 1.00e-20 1.00e-20 1.00e-20 
4.54e+13   23      0 1.00e-20 4.45e-19 2.80e-11 6.84e-05 1.74e-01 8.23e-01 2.88e-03 4.84e-10 1.00e-20 1.00e-20 1.00e-20 1.00e-20 1.00e-20 1.00e-20 1.00e-20 1.00e-20 1.00e-20 1.00e-20 1.00e-20 1.00e-20 1.00e-20 1.00e-20 1.00e-20 1.00e-20 1.00e-20 1.00e-20 1.00e-20 
5.31e+13   24      0 1.00e-20 4.65e-19 2.76e-11 6.79e-05 1.73e-01 8.24e-01 2.89e-03 4.85e-10 1.00e-20 1.00e-20 1.00e-20 1.00e-20 1.00e-20 1.00e-20 1.00e-20 1.00e-20 1.00e-20 1.00e-20 1.00e-20 1.00e-20 1.00e-20 1.00e-20 1.00e-20 1.00e-20 1.00e-20 1.00e-20 1.00e-20 
6.22e+13   25      0 1.00e-20 5.39e-19 3.12e-11 7.33e-05 1.80e-01 8.18e-01 2.74e-03 4.51e-10 1.00e-20 1.00e-20 1.00e-20 1.00e-20 1.00e-20 1.00e-20 1.00e-20 1.00e-20 1.00e-20 1.00e-20 1.00e-20 1.00e-20 1.00e-20 1.00e-20 1.00e-20 1.00e-20 1.00e-20 1.00e-20 1.00e-20 
7.29e+13   26      0 1.00e-20 5.61e-19 3.37e-11 7.71e-05 1.84e-01 8.13e-01 2.63e-03 4.29e-10 1.00e-20 1.00e-20 1.00e-20 1.00e-20 1.00e-20 1.00e-20 1.00e-20 1.00e-20 1.00e-20 1.00e-20 1.00e-20 1.00e-20 1.00e-20 1.00e-20 1.00e-20 1.00e-20 1.00e-20 1.00e-20 1.00e-20 
8.54e+13   27      0 1.00e-20 6.33e-19 3.68e-11 8.16e-05 1.89e-01 8.09e-01 2.53e-03 4.05e-10 1.00e-20 1.00e-20 1.00e-20 1.00e-20 1.00e-20 1.00e-20 1.00e-20 1.00e-20 1.00e-20 1.00e-20 1.00e-20 1.00e-20 1.00e-20 1.00e-20 1.00e-20 1.00e-20 1.00e-20 1.00e-20 1.00e-20 
1.00e+14   28     -1 0.00e+00 0.00e+00 0.00e+00 0.00e+00 0.00e+00 0.00e+00 0.00e+00 0.00e+00 0.00e+00 0.00e+00 0.00e+00 0.00e+00 0.00e+00 0.00e+00 0.00e+00 0.00e+00 0.00e+00 0.00e+00 0.00e+00 0.00e+00 0.00e+00 0.00e+00 0.00e+00 0.00e+00 0.00e+00 0.00e+00 0.00e+00 
1.17e+14   29     -1 0.00e+00 0.00e+00 0.00e+00 0.00e+00 0.00e+00 0.00e+00 0.00e+00 0.00e+00 0.00e+00 0.00e+00 0.00e+00 0.00e+00 0.00e+00 0.00e+00 0.00e+00 0.00e+00 0.00e+00 0.00e+00 0.00e+00 0.00e+00 0.00e+00 0.00e+00 0.00e+00 0.00e+00 0.00e+00 0.00e+00 0.00e+00 
