        r    i inwind converge       v_x       v_y       v_z       vol       rho        ne       t_e       t_r         w  ave_freq         J  J_direct   J_scatt   lum_tot  heat_tot heat_comp heat_line   heat_ff heat_phot heat_auge  cool_tot cool_comp lum_lines   cool_dr    lum_ff    lum_rr   cool_rr cool_adia heat_shoc heat_line heat_phot 
1.195e+12    0     -1        0  7.07e+03  0.00e+00  7.07e+03  0.00e+00  0.00e+00  0.00e+00  0.00e+00  0.00e+00  0.00e+00  0.00e+00  0.00e+00  0.00e+00  0.00e+00  0.00e+00  0.00e+00  0.00e+00  0.00e+00  0.00e+00  0.00e+00  0.00e+00  0.00e+00  0.00e+00  0.00e+00  0.00e+00  0.00e+00  0.00e+00  0.00e+00  0.00e+00  0.00e+00  0.00e+00  0.00e+00 
1.400e+12    1      0        0  7.07e+03  0.00e+00  7.07e+03  6.98e+36  9.52e-12  4.42e+12  3.40e+04  4.02e+04  3.08e-01  3.21e+15  1.45e+13  4.22e+12  1.03e+13  2.81e+39  2.80e+39  9.74e+34  2.26e+39  3.11e+37  5.16e+38  0.00e+00  2.82e+39  8.59e+34  2.25e+39  0.00e+00  5.66e+37  5.12e+38  5.11e+38  2.52e+33  0.00e+00  2.25e+39  5.16e+38 
1.640e+12    2      0        0  1.37e+06  0.00e+00  1.37e+06  1.12e+37  9.61e-13  4.47e+11  2.61e+04  4.04e+04  1.24e-01  3.23e+15  5.98e+12  1.42e+12  4.56e+12  1.64e+37  1.65e+37  6.55e+33  1.29e+37  2.51e+35  3.31e+36  0.00e+00  1.65e+37  4.41e+33  1.30e+37  0.00e+00  7.93e+35  2.69e+36  2.68e+36  7.25e+32  0.00e+00  1.28e+37  3.31e+36 
1.921e+12    3      0        0  4.68e+06  0.00e+00  4.68e+06  1.80e+37  2.97e-13  1.38e+11  2.36e+04  4.06e+04  7.57e-02  3.24e+15  3.70e+12  9.06e+11  2.80e+12  1.80e+36  1.81e+36  2.01e+33  1.30e+36  2.58e+34  4.86e+35  0.00e+00  1.82e+36  1.22e+33  1.37e+36  0.00e+00  1.14e+35  3.19e+35  3.17e+35  4.27e+32  0.00e+00  1.29e+36  4.86e+35 
2.250e+12    4      0        0  9.08e+06  0.00e+00  9.08e+06  2.89e+37  1.28e-13  5.95e+10  2.21e+04  4.06e+04  5.05e-02  3.24e+15  2.48e+12  6.14e+11  1.87e+12  4.49e+35  4.50e+35  9.37e+32  2.92e+35  5.46e+33  1.52e+35  0.00e+00  4.53e+35  5.31e+32  3.30e+35  0.00e+00  3.26e+34  8.69e+34  8.66e+34  3.07e+32  0.00e+00  2.90e+35  1.52e+35 
2.635e+12    5      0        0  1.40e+07  0.00e+00  1.40e+07  4.65e+37  6.53e-14  3.03e+10  2.09e+04  4.06e+04  3.49e-02  3.24e+15  1.71e+12  4.27e+11  1.29e+12  1.60e+35  1.62e+35  5.29e+32  9.45e+34  1.65e+33  6.56e+34  0.00e+00  1.62e+35  2.84e+32  1.13e+35  0.00e+00  1.31e+34  3.45e+34  3.43e+34  2.43e+32  0.00e+00  9.40e+34  6.56e+34 
3.086e+12    6      0        0  1.90e+07  0.00e+00  1.90e+07  7.47e+37  3.66e-14  1.69e+10  1.99e+04  4.06e+04  2.47e-02  3.24e+15  1.20e+12  3.01e+11  9.03e+11  6.95e+34  7.04e+34  3.34e+32  3.55e+34  6.11e+32  3.39e+34  0.00e+00  7.06e+34  1.71e+32  4.65e+34  0.00e+00  6.35e+33  1.68e+34  1.67e+34  2.02e+32  0.00e+00  3.54e+34  3.39e+34 
3.615e+12    7      0        0  2.39e+07  0.00e+00  2.39e+07  1.20e+38  2.19e-14  1.01e+10  1.89e+04  4.05e+04  1.76e-02  3.23e+15  8.53e+11  2.14e+11  6.39e+11  3.45e+34  3.53e+34  2.26e+32  1.46e+34  2.60e+32  2.02e+34  0.00e+00  3.52e+34  1.10e+32  2.17e+34  0.00e+00  3.50e+33  9.36e+33  9.32e+33  1.74e+32  0.00e+00  1.46e+34  2.02e+34 
4.234e+12    8      0        0  2.85e+07  0.00e+00  2.85e+07  1.93e+38  1.36e-14  6.29e+09  1.81e+04  4.04e+04  1.27e-02  3.22e+15  6.08e+11  1.53e+11  4.56e+11  1.92e+34  1.93e+34  1.61e+32  6.61e+33  1.20e+32  1.25e+34  0.00e+00  1.96e+34  7.53e+31  1.13e+34  0.00e+00  2.12e+33  5.73e+33  5.71e+33  1.54e+32  0.00e+00  6.58e+33  1.25e+34 
4.959e+12    9      0        0  3.28e+07  0.00e+00  3.28e+07  3.10e+38  8.78e-15  4.03e+09  1.75e+04  4.02e+04  9.20e-03  3.21e+15  4.36e+11  1.10e+11  3.26e+11  1.16e+34  1.20e+34  1.18e+32  3.24e+33  5.83e+31  8.61e+33  0.00e+00  1.20e+34  5.38e+31  6.59e+33  0.00e+00  1.36e+33  3.69e+33  3.67e+33  1.40e+32  0.00e+00  3.23e+33  8.61e+33 
5.809e+12   10      0        0  3.67e+07  0.00e+00  3.67e+07  4.98e+38  5.79e-15  2.65e+09  1.69e+04  4.01e+04  6.69e-03  3.20e+15  3.13e+11  7.92e+10  2.34e+11  7.37e+33  7.46e+33  8.95e+31  1.64e+33  3.02e+31  5.71e+33  0.00e+00  7.66e+33  3.94e+31  3.96e+33  0.00e+00  9.15e+32  2.51e+33  2.50e+33  1.28e+32  0.00e+00  1.63e+33  5.70e+33 
6.804e+12   11      0        0  4.01e+07  0.00e+00  4.01e+07  8.01e+38  3.89e-15  1.75e+09  1.68e+04  4.00e+04  4.87e-03  3.19e+15  2.25e+11  5.72e+10  1.68e+11  5.08e+33  5.26e+33  6.79e+31  8.65e+32  1.51e+31  4.31e+33  0.00e+00  5.31e+33  2.99e+31  2.74e+33  0.00e+00  6.30e+32  1.71e+33  1.70e+33  1.21e+32  0.00e+00  8.63e+32  4.31e+33 
7.969e+12   12      0        0  4.32e+07  0.00e+00  4.32e+07  1.29e+39  2.65e-15  1.18e+09  1.63e+04  3.99e+04  3.55e-03  3.19e+15  1.63e+11  4.14e+10  1.21e+11  3.47e+33  3.77e+33  5.27e+31  4.90e+32  7.93e+30  3.22e+33  0.00e+00  3.67e+33  2.28e+31  1.81e+33  0.00e+00  4.48e+32  1.22e+33  1.21e+33  1.13e+32  0.00e+00  4.89e+32  3.22e+33 
9.334e+12   13      0        0  4.60e+07  0.00e+00  4.60e+07  2.07e+39  1.83e-15  8.07e+08  1.61e+04  3.98e+04  2.59e-03  3.18e+15  1.18e+11  3.01e+10  8.75e+10  2.51e+33  2.65e+33  4.19e+31  2.75e+32  4.35e+30  2.33e+33  0.00e+00  2.68e+33  1.78e+31  1.30e+33  0.00e+00  3.27e+32  8.87e+32  8.82e+32  1.08e+32  0.00e+00  2.75e+32  2.33e+33 
1.093e+13   14      0        0  4.84e+07  0.00e+00  4.84e+07  3.32e+39  1.27e-15  5.50e+08  1.57e+04  3.97e+04  1.89e-03  3.17e+15  8.52e+10  2.18e+10  6.34e+10  1.74e+33  1.83e+33  3.31e+31  1.61e+32  2.34e+30  1.64e+33  0.00e+00  1.89e+33  1.37e+31  8.88e+32  0.00e+00  2.33e+32  6.25e+32  6.22e+32  1.02e+32  0.00e+00  1.61e+32  1.64e+33 
1.281e+13   15      0        0  5.05e+07  0.00e+00  5.05e+07  5.34e+39  8.91e-16  3.73e+08  1.53e+04  3.97e+04  1.38e-03  3.17e+15  6.18e+10  1.59e+10  4.59e+10  1.19e+33  1.36e+33  2.66e+31  1.03e+32  1.29e+30  1.23e+33  0.00e+00  1.32e+33  1.06e+31  6.18e+32  0.00e+00  1.61e+32  4.19e+32  4.16e+32  9.58e+31  0.00e+00  1.03e+32  1.23e+33 
1.500e+13   16      0        0  5.23e+07  0.00e+00  5.23e+07  8.58e+39  6.29e-16  2.65e+08  1.48e+04  3.96e+04  1.01e-03  3.16e+15  4.49e+10  1.15e+10  3.33e+10  9.02e+32  1.03e+33  2.24e+31  7.81e+31  8.23e+29  9.33e+32  0.00e+00  1.02e+33  8.50e+30  4.30e+32  0.00e+00  1.29e+32  3.46e+32  3.43e+32  9.13e+31  0.00e+00  7.80e+31  9.33e+32 
1.757e+13   17      0        0  5.39e+07  0.00e+00  5.39e+07  1.38e+40  4.46e-16  1.81e+08  1.50e+04  3.96e+04  7.34e-04  3.16e+15  3.26e+10  8.39e+09  2.42e+10  6.82e+32  7.89e+32  1.74e+31  5.46e+31  3.97e+29  7.17e+32  0.00e+00  7.92e+32  6.88e+30  3.57e+32  0.00e+00  9.26e+31  2.35e+32  2.33e+32  8.95e+31  0.00e+00  5.46e+31  7.17e+32 
2.058e+13   18      0        0  5.53e+07  0.00e+00  5.53e+07  2.21e+40  3.18e-16  1.30e+08  1.47e+04  3.96e+04  5.35e-04  3.16e+15  2.37e+10  6.10e+09  1.76e+10  5.43e+32  6.53e+32  1.45e+31  4.15e+31  2.39e+29  5.97e+32  0.00e+00  6.47e+32  5.66e+30  2.73e+32  0.00e+00  7.60e+31  1.95e+32  1.94e+32  8.74e+31  0.00e+00  4.15e+31  5.97e+32 
2.410e+13   19      0        0  5.65e+07  0.00e+00  5.65e+07  3.56e+40  2.27e-16  9.13e+07  1.45e+04  3.95e+04  3.91e-04  3.16e+15  1.72e+10  4.44e+09  1.28e+10  4.12e+32  5.13e+32  1.20e+31  3.27e+31  1.41e+29  4.68e+32  0.00e+00  5.10e+32  4.58e+30  2.09e+32  0.00e+00  5.80e+31  1.47e+32  1.45e+32  8.43e+31  0.00e+00  3.27e+31  4.68e+32 
2.823e+13   20      0        0  5.75e+07  0.00e+00  5.75e+07  5.72e+40  1.63e-16  6.54e+07  1.42e+04  3.95e+04  2.85e-04  3.16e+15  1.25e+10  3.23e+09  9.31e+09  3.28e+32  4.19e+32  1.00e+31  2.58e+31  8.44e+28  3.83e+32  0.00e+00  4.22e+32  3.77e+30  1.62e+32  0.00e+00  4.73e+31  1.20e+32  1.19e+32  8.22e+31  0.00e+00  2.58e+31  3.83e+32 
3.306e+13   21      0        0  5.84e+07  0.00e+00  5.84e+07  9.19e+40  1.17e-16  4.69e+07  1.40e+04  3.95e+04  2.08e-04  3.15e+15  9.13e+09  2.36e+09  6.77e+09  2.59e+32  3.49e+32  8.39e+30  2.12e+31  5.15e+28  3.19e+32  0.00e+00  3.48e+32  3.10e+30  1.23e+32  0.00e+00  3.84e+31  9.80e+31  9.71e+31  8.01e+31  0.00e+00  2.12e+31  3.19e+32 
3.873e+13   22      0        0  5.91e+07  0.00e+00  5.91e+07  1.48e+41  8.43e-17  3.37e+07  1.37e+04  3.95e+04  1.51e-04  3.15e+15  6.64e+09  1.72e+09  4.93e+09  2.08e+32  2.91e+32  7.06e+30  1.70e+31  3.18e+28  2.67e+32  0.00e+00  2.93e+32  2.56e+30  9.63e+31  0.00e+00  3.14e+31  8.08e+31  8.01e+31  7.78e+31  0.00e+00  1.70e+31  2.67e+32 
4.536e+13   23      0        0  5.98e+07  0.00e+00  5.98e+07  2.37e+41  6.09e-17  2.44e+07  1.34e+04  3.95e+04  1.10e-04  3.15e+15  4.84e+09  1.25e+09  3.59e+09  1.66e+32  2.48e+32  5.96e+30  1.37e+31  1.98e+28  2.28e+32  0.00e+00  2.48e+32  2.11e+30  7.34e+31  0.00e+00  2.59e+31  6.75e+31  6.69e+31  7.56e+31  0.00e+00  1.37e+31  2.28e+32 
5.313e+13   24      0        1  6.03e+07  0.00e+00  6.03e+07  3.81e+41  4.40e-17  1.80e+07  1.34e+04  3.95e+04  8.05e-05  3.15e+15  3.52e+09  9.10e+08  2.61e+09  1.51e+32  2.68e+32  5.03e+30  1.14e+31  1.24e+28  2.51e+32  0.00e+00  2.33e+32  1.83e+30  6.40e+31  0.00e+00  2.37e+31  6.38e+31  6.33e+31  7.62e+31  0.00e+00  1.14e+31  2.51e+32 
6.223e+13   25      0        0  6.08e+07  0.00e+00  6.08e+07  6.13e+41  3.18e-17  1.27e+07  1.25e+04  3.95e+04  5.87e-05  3.15e+15  2.57e+09  6.63e+08  1.90e+09  1.06e+32  1.80e+32  4.26e+30  9.09e+30  7.82e+27  1.66e+32  0.00e+00  1.80e+32  1.41e+30  4.25e+31  0.00e+00  1.73e+31  4.63e+31  4.59e+31  7.02e+31  0.00e+00  9.09e+30  1.66e+32 
7.289e+13   26      0        0  6.12e+07  0.00e+00  6.12e+07  9.85e+41  2.31e-17  9.20e+06  1.20e+04  3.94e+04  4.28e-05  3.15e+15  1.87e+09  4.83e+08  1.39e+09  8.51e+31  1.55e+32  3.61e+30  7.57e+30  4.98e+27  1.44e+32  0.00e+00  1.56e+32  1.14e+30  3.28e+31  0.00e+00  1.41e+31  3.85e+31  3.82e+31  6.70e+31  0.00e+00  7.57e+30  1.44e+32 
8.538e+13   27      0        0  6.16e+07  0.00e+00  6.16e+07  1.58e+42  1.67e-17  6.67e+06  1.14e+04  3.94e+04  3.12e-05  3.15e+15  1.36e+09  3.52e+08  1.01e+09  6.86e+31  1.35e+32  3.06e+30  6.32e+30  3.20e+27  1.26e+32  0.00e+00  1.36e+32  9.28e+29  2.52e+31  0.00e+00  1.15e+31  3.22e+31  3.19e+31  6.38e+31  0.00e+00  6.32e+30  1.26e+32 
1.000e+14   28     -1        0  6.19e+07  0.00e+00  6.19e+07  0.00e+00  0.00e+00  0.00e+00  0.00e+00  0.00e+00  0.00e+00  0.00e+00  0.00e+00  0.00e+00  0.00e+00  0.00e+00  0.00e+00  0.00e+00  0.00e+00  0.00e+00  0.00e+00  0.00e+00  0.00e+00  0.00e+00  0.00e+00  0.00e+00  0.00e+00  0.00e+00  0.00e+00  0.00e+00  0.00e+00  0.00e+00  0.00e+00 
1.171e+14   29     -1        0  6.21e+07  0.00e+00  6.21e+07  0.00e+00  0.00e+00  0.00e+00  0.00e+00  0.00e+00  0.00e+00  0.00e+00  0.00e+00  0.00e+00  0.00e+00  0.00e+00  0.00e+00  0.00e+00  0.00e+00  0.00e+00  0.00e+00  0.00e+00  0.00e+00  0.00e+00  0.00e+00  0.00e+00  0.00e+00  0.00e+00  0.00e+00  0.00e+00  0.00e+00  0.00e+00  0.00e+00 
