       r    i inwind      i01      i02      i03      i04      i05      i06      i07 
1.20e+12    0     -1 0.00e+00 0.00e+00 0.00e+00 0.00e+00 0.00e+00 0.00e+00 0.00e+00 
1.40e+12    1      0 3.79e-17 2.98e-09 5.69e-04 4.55e-01 5.45e-01 8.31e-29 8.31e-29 
1.64e+12    2      0 4.30e-18 1.39e-09 3.81e-04 4.53e-01 5.47e-01 8.23e-28 8.23e-28 
1.92e+12    3      0 1.32e-18 8.21e-10 3.89e-04 5.79e-01 4.20e-01 2.67e-27 2.67e-27 
2.25e+12    4      0 7.40e-19 6.89e-10 4.56e-04 7.14e-01 2.85e-01 6.18e-27 6.18e-27 
2.63e+12    5      0 5.27e-19 6.48e-10 5.30e-04 7.74e-01 2.25e-01 1.21e-26 1.21e-26 
3.09e+12    6      0 4.27e-19 6.58e-10 6.38e-04 7.86e-01 2.13e-01 2.16e-26 2.16e-26 
3.61e+12    7      0 5.04e-19 7.69e-10 8.44e-04 8.25e-01 1.74e-01 3.62e-26 3.62e-26 
4.23e+12    8      0 5.81e-26 8.91e-10 1.07e-03 8.60e-01 1.39e-01 5.81e-26 5.81e-26 
4.96e+12    9      0 9.02e-26 1.05e-09 1.37e-03 8.86e-01 1.12e-01 9.02e-26 9.02e-26 
5.81e+12   10      0 1.37e-25 1.21e-09 1.65e-03 8.98e-01 1.01e-01 1.37e-25 1.37e-25 
6.80e+12   11      0 2.04e-25 1.34e-09 1.95e-03 9.29e-01 6.93e-02 2.04e-25 2.04e-25 
7.97e+12   12      0 1.08e-18 1.47e-09 2.21e-03 9.50e-01 4.78e-02 2.99e-25 2.99e-25 
9.33e+12   13      0 4.33e-25 1.63e-09 2.52e-03 9.62e-01 3.51e-02 4.33e-25 4.33e-25 
1.09e+13   14      0 1.13e-18 1.74e-09 2.79e-03 9.76e-01 2.16e-02 6.23e-25 6.23e-25 
1.28e+13   15      0 8.88e-25 1.83e-09 3.02e-03 9.85e-01 1.20e-02 8.88e-25 8.88e-25 
1.50e+13   16      0 1.26e-24 1.91e-09 3.12e-03 9.87e-01 9.65e-03 1.26e-24 1.26e-24 
1.76e+13   17      0 1.77e-24 1.76e-09 3.07e-03 9.88e-01 8.62e-03 1.77e-24 1.77e-24 
2.06e+13   18      0 2.49e-24 1.80e-09 3.16e-03 9.92e-01 4.37e-03 2.49e-24 2.49e-24 
2.41e+13   19      0 1.87e-18 1.83e-09 3.24e-03 9.94e-01 2.28e-03 3.48e-24 3.48e-24 
2.82e+13   20      0 4.86e-24 1.89e-09 3.36e-03 9.94e-01 2.16e-03 4.86e-24 4.86e-24 
3.31e+13   21      0 2.28e-18 1.92e-09 3.42e-03 9.95e-01 1.14e-03 6.76e-24 6.76e-24 
3.87e+13   22      0 2.42e-18 1.98e-09 3.51e-03 9.96e-01 4.05e-04 9.39e-24 9.39e-24 
4.54e+13   23      0 2.11e-18 2.05e-09 3.60e-03 9.96e-01 2.50e-04 1.30e-23 1.30e-23 
5.31e+13   24      0 2.08e-18 1.98e-09 3.51e-03 9.69e-01 2.70e-02 1.80e-23 1.80e-23 
6.22e+13   25      0 2.49e-23 2.20e-09 3.78e-03 9.96e-01 1.22e-04 2.49e-23 2.49e-23 
7.29e+13   26      0 1.94e-18 2.33e-09 3.93e-03 9.96e-01 4.76e-05 3.43e-23 3.43e-23 
8.54e+13   27      0 2.49e-18 2.44e-09 4.03e-03 9.96e-01 4.81e-05 4.73e-23 4.73e-23 
1.00e+14   28     -1 0.00e+00 0.00e+00 0.00e+00 0.00e+00 0.00e+00 0.00e+00 0.00e+00 
1.17e+14   29     -1 0.00e+00 0.00e+00 0.00e+00 0.00e+00 0.00e+00 0.00e+00 0.00e+00 
