       r    i inwind      i01      i02      i03      i04      i05      i06      i07      i08 
1.20e+12    0     -1 0.00e+00 0.00e+00 0.00e+00 0.00e+00 0.00e+00 0.00e+00 0.00e+00 0.00e+00 
1.40e+12    1      0 1.56e-13 8.57e-07 2.78e-02 9.69e-01 3.65e-03 1.28e-07 1.00e-20 1.00e-20 
1.64e+12    2      0 1.42e-15 3.86e-08 6.35e-03 9.75e-01 1.84e-02 2.90e-06 1.00e-20 1.00e-20 
1.92e+12    3      0 1.35e-16 8.07e-09 2.96e-03 9.56e-01 4.08e-02 1.40e-05 1.00e-20 1.00e-20 
2.25e+12    4      0 3.00e-17 2.99e-09 1.84e-03 9.33e-01 6.54e-02 3.51e-05 1.00e-20 1.00e-20 
2.63e+12    5      0 1.03e-17 1.50e-09 1.34e-03 9.10e-01 8.86e-02 6.21e-05 1.00e-20 1.00e-20 
3.09e+12    6      0 4.77e-18 9.23e-10 1.08e-03 8.91e-01 1.08e-01 8.79e-05 1.00e-20 1.00e-20 
3.61e+12    7      0 2.63e-18 6.40e-10 9.36e-04 8.75e-01 1.24e-01 1.10e-04 1.00e-20 1.00e-20 
4.23e+12    8      0 1.75e-18 4.98e-10 8.41e-04 8.65e-01 1.34e-01 1.24e-04 1.00e-20 1.00e-20 
4.96e+12    9      0 1.28e-18 4.14e-10 7.85e-04 8.59e-01 1.40e-01 1.30e-04 1.00e-20 1.00e-20 
5.81e+12   10      0 9.99e-19 3.59e-10 7.44e-04 8.55e-01 1.44e-01 1.34e-04 1.00e-20 1.00e-20 
6.80e+12   11      0 8.24e-19 3.21e-10 7.12e-04 8.52e-01 1.47e-01 1.35e-04 1.00e-20 1.00e-20 
7.97e+12   12      0 6.73e-19 2.87e-10 6.88e-04 8.48e-01 1.51e-01 1.37e-04 1.00e-20 1.00e-20 
9.33e+12   13      0 6.16e-19 2.74e-10 6.77e-04 8.49e-01 1.51e-01 1.35e-04 1.00e-20 1.00e-20 
1.09e+13   14      0 4.96e-19 2.38e-10 6.33e-04 8.43e-01 1.56e-01 1.44e-04 1.00e-20 1.00e-20 
1.28e+13   15      0 4.34e-19 2.21e-10 6.20e-04 8.40e-01 1.60e-01 1.46e-04 1.00e-20 1.00e-20 
1.50e+13   16      0 4.15e-19 2.19e-10 6.33e-04 8.39e-01 1.60e-01 1.40e-04 1.00e-20 1.00e-20 
1.76e+13   17      0 3.46e-19 1.95e-10 5.97e-04 8.33e-01 1.66e-01 1.51e-04 1.00e-20 1.00e-20 
2.06e+13   18      0 3.39e-19 1.95e-10 6.12e-04 8.32e-01 1.67e-01 1.45e-04 1.00e-20 1.00e-20 
2.41e+13   19      0 3.13e-19 1.85e-10 5.90e-04 8.30e-01 1.69e-01 1.51e-04 1.00e-20 1.00e-20 
2.82e+13   20      0 2.91e-19 1.77e-10 5.83e-04 8.27e-01 1.72e-01 1.53e-04 1.00e-20 1.00e-20 
3.31e+13   21      0 2.89e-19 1.78e-10 5.94e-04 8.26e-01 1.73e-01 1.50e-04 1.00e-20 1.00e-20 
3.87e+13   22      0 2.94e-19 1.79e-10 6.01e-04 8.25e-01 1.74e-01 1.47e-04 1.00e-20 1.00e-20 
4.54e+13   23      0 2.98e-19 1.82e-10 6.13e-04 8.25e-01 1.74e-01 1.43e-04 1.00e-20 1.00e-20 
5.31e+13   24      0 2.96e-19 1.89e-10 6.28e-04 8.26e-01 1.73e-01 1.38e-04 1.00e-20 1.00e-20 
6.22e+13   25      0 3.27e-19 1.98e-10 6.48e-04 8.27e-01 1.72e-01 1.32e-04 1.00e-20 1.00e-20 
7.29e+13   26      0 3.69e-19 2.10e-10 6.70e-04 8.29e-01 1.70e-01 1.26e-04 1.00e-20 1.00e-20 
8.54e+13   27      0 4.23e-19 2.26e-10 6.97e-04 8.31e-01 1.68e-01 1.18e-04 1.00e-20 1.00e-20 
1.00e+14   28     -1 0.00e+00 0.00e+00 0.00e+00 0.00e+00 0.00e+00 0.00e+00 0.00e+00 0.00e+00 
1.17e+14   29     -1 0.00e+00 0.00e+00 0.00e+00 0.00e+00 0.00e+00 0.00e+00 0.00e+00 0.00e+00 
