       r    i inwind      i01      i02      i03      i04      i05      i06      i07      i08      i09      i10      i11      i12      i13      i14      i15      i16      i17      i18      i19      i20      i21 
1.20e+12    0     -1 0.00e+00 0.00e+00 0.00e+00 0.00e+00 0.00e+00 0.00e+00 0.00e+00 0.00e+00 0.00e+00 0.00e+00 0.00e+00 0.00e+00 0.00e+00 0.00e+00 0.00e+00 0.00e+00 0.00e+00 0.00e+00 0.00e+00 0.00e+00 0.00e+00 
1.40e+12    1      0 3.32e-14 4.11e-09 2.17e-03 6.96e-01 3.01e-01 1.78e-03 8.09e-09 1.10e-16 1.00e-20 1.00e-20 1.00e-20 1.00e-20 1.00e-20 1.00e-20 1.00e-20 1.00e-20 1.00e-20 1.00e-20 1.00e-20 1.00e-20 1.00e-20 
1.64e+12    2      0 2.60e-16 1.26e-10 2.60e-04 3.45e-01 6.38e-01 1.68e-02 3.60e-07 2.39e-14 1.00e-20 1.00e-20 1.00e-20 1.00e-20 1.00e-20 1.00e-20 1.00e-20 1.00e-20 1.00e-20 1.00e-20 1.00e-20 1.00e-20 1.00e-20 
1.92e+12    3      0 1.84e-17 1.78e-11 7.21e-05 1.97e-01 7.61e-01 4.28e-02 2.04e-06 3.05e-13 1.00e-20 1.00e-20 1.00e-20 1.00e-20 1.00e-20 1.00e-20 1.00e-20 1.00e-20 1.00e-20 1.00e-20 1.00e-20 1.00e-20 1.00e-20 
2.25e+12    4      0 3.48e-18 5.18e-12 3.18e-05 1.33e-01 7.97e-01 6.97e-02 5.22e-06 1.24e-12 1.00e-20 1.00e-20 1.00e-20 1.00e-20 1.00e-20 1.00e-20 1.00e-20 1.00e-20 1.00e-20 1.00e-20 1.00e-20 1.00e-20 1.00e-20 
2.63e+12    5      0 1.15e-18 2.32e-12 1.88e-05 1.03e-01 8.05e-01 9.16e-02 8.92e-06 2.75e-12 1.00e-20 1.00e-20 1.00e-20 1.00e-20 1.00e-20 1.00e-20 1.00e-20 1.00e-20 1.00e-20 1.00e-20 1.00e-20 1.00e-20 1.00e-20 
3.09e+12    6      0 5.37e-19 1.36e-12 1.34e-05 8.76e-02 8.05e-01 1.07e-01 1.20e-05 4.24e-12 1.00e-20 1.00e-20 1.00e-20 1.00e-20 1.00e-20 1.00e-20 1.00e-20 1.00e-20 1.00e-20 1.00e-20 1.00e-20 1.00e-20 1.00e-20 
3.61e+12    7      0 3.14e-19 9.53e-13 1.08e-05 7.92e-02 8.04e-01 1.16e-01 1.41e-05 5.27e-12 1.00e-20 1.00e-20 1.00e-20 1.00e-20 1.00e-20 1.00e-20 1.00e-20 1.00e-20 1.00e-20 1.00e-20 1.00e-20 1.00e-20 1.00e-20 
4.23e+12    8      0 2.06e-19 7.21e-13 9.19e-06 7.38e-02 8.03e-01 1.23e-01 1.53e-05 5.83e-12 1.00e-20 1.00e-20 1.00e-20 1.00e-20 1.00e-20 1.00e-20 1.00e-20 1.00e-20 1.00e-20 1.00e-20 1.00e-20 1.00e-20 1.00e-20 
4.96e+12    9      0 1.52e-19 6.01e-13 8.40e-06 7.13e-02 8.04e-01 1.25e-01 1.55e-05 5.73e-12 1.00e-20 1.00e-20 1.00e-20 1.00e-20 1.00e-20 1.00e-20 1.00e-20 1.00e-20 1.00e-20 1.00e-20 1.00e-20 1.00e-20 1.00e-20 
5.81e+12   10      0 1.18e-19 5.18e-13 7.84e-06 6.95e-02 8.04e-01 1.26e-01 1.54e-05 5.52e-12 1.00e-20 1.00e-20 1.00e-20 1.00e-20 1.00e-20 1.00e-20 1.00e-20 1.00e-20 1.00e-20 1.00e-20 1.00e-20 1.00e-20 1.00e-20 
6.80e+12   11      0 9.58e-20 4.58e-13 7.42e-06 6.83e-02 8.05e-01 1.27e-01 1.52e-05 5.25e-12 1.00e-20 1.00e-20 1.00e-20 1.00e-20 1.00e-20 1.00e-20 1.00e-20 1.00e-20 1.00e-20 1.00e-20 1.00e-20 1.00e-20 1.00e-20 
7.97e+12   12      0 8.11e-20 4.21e-13 7.19e-06 6.78e-02 8.06e-01 1.26e-01 1.47e-05 4.90e-12 1.00e-20 1.00e-20 1.00e-20 1.00e-20 1.00e-20 1.00e-20 1.00e-20 1.00e-20 1.00e-20 1.00e-20 1.00e-20 1.00e-20 1.00e-20 
9.33e+12   13      0 7.31e-20 3.97e-13 7.07e-06 6.77e-02 8.07e-01 1.25e-01 1.43e-05 4.58e-12 1.00e-20 1.00e-20 1.00e-20 1.00e-20 1.00e-20 1.00e-20 1.00e-20 1.00e-20 1.00e-20 1.00e-20 1.00e-20 1.00e-20 1.00e-20 
1.09e+13   14      0 5.57e-20 3.30e-13 6.34e-06 6.44e-02 8.06e-01 1.30e-01 1.52e-05 4.94e-12 1.00e-20 1.00e-20 1.00e-20 1.00e-20 1.00e-20 1.00e-20 1.00e-20 1.00e-20 1.00e-20 1.00e-20 1.00e-20 1.00e-20 1.00e-20 
1.28e+13   15      0 5.06e-20 3.16e-13 6.25e-06 6.43e-02 8.06e-01 1.29e-01 1.49e-05 4.73e-12 1.00e-20 1.00e-20 1.00e-20 1.00e-20 1.00e-20 1.00e-20 1.00e-20 1.00e-20 1.00e-20 1.00e-20 1.00e-20 1.00e-20 1.00e-20 
1.50e+13   16      0 5.28e-20 3.42e-13 6.68e-06 6.68e-02 8.09e-01 1.24e-01 1.36e-05 4.06e-12 1.00e-20 1.00e-20 1.00e-20 1.00e-20 1.00e-20 1.00e-20 1.00e-20 1.00e-20 1.00e-20 1.00e-20 1.00e-20 1.00e-20 1.00e-20 
1.76e+13   17      0 4.23e-20 2.93e-13 6.08e-06 6.39e-02 8.07e-01 1.29e-01 1.45e-05 4.46e-12 1.00e-20 1.00e-20 1.00e-20 1.00e-20 1.00e-20 1.00e-20 1.00e-20 1.00e-20 1.00e-20 1.00e-20 1.00e-20 1.00e-20 1.00e-20 
2.06e+13   18      0 4.47e-20 3.24e-13 6.55e-06 6.67e-02 8.10e-01 1.23e-01 1.32e-05 3.83e-12 1.00e-20 1.00e-20 1.00e-20 1.00e-20 1.00e-20 1.00e-20 1.00e-20 1.00e-20 1.00e-20 1.00e-20 1.00e-20 1.00e-20 1.00e-20 
2.41e+13   19      0 3.91e-20 2.88e-13 6.08e-06 6.43e-02 8.09e-01 1.27e-01 1.40e-05 4.17e-12 1.00e-20 1.00e-20 1.00e-20 1.00e-20 1.00e-20 1.00e-20 1.00e-20 1.00e-20 1.00e-20 1.00e-20 1.00e-20 1.00e-20 1.00e-20 
2.82e+13   20      0 3.69e-20 2.83e-13 6.05e-06 6.43e-02 8.09e-01 1.27e-01 1.39e-05 4.09e-12 1.00e-20 1.00e-20 1.00e-20 1.00e-20 1.00e-20 1.00e-20 1.00e-20 1.00e-20 1.00e-20 1.00e-20 1.00e-20 1.00e-20 1.00e-20 
3.31e+13   21      0 3.82e-20 3.06e-13 6.41e-06 6.64e-02 8.11e-01 1.23e-01 1.29e-05 3.66e-12 1.00e-20 1.00e-20 1.00e-20 1.00e-20 1.00e-20 1.00e-20 1.00e-20 1.00e-20 1.00e-20 1.00e-20 1.00e-20 1.00e-20 1.00e-20 
3.87e+13   22      0 3.33e-20 3.21e-13 6.65e-06 6.79e-02 8.12e-01 1.20e-01 1.23e-05 3.39e-12 1.00e-20 1.00e-20 1.00e-20 1.00e-20 1.00e-20 1.00e-20 1.00e-20 1.00e-20 1.00e-20 1.00e-20 1.00e-20 1.00e-20 1.00e-20 
4.54e+13   23      0 4.44e-20 3.45e-13 7.01e-06 7.00e-02 8.14e-01 1.16e-01 1.16e-05 3.07e-12 1.00e-20 1.00e-20 1.00e-20 1.00e-20 1.00e-20 1.00e-20 1.00e-20 1.00e-20 1.00e-20 1.00e-20 1.00e-20 1.00e-20 1.00e-20 
5.31e+13   24      0 1.68e-20 3.77e-13 7.48e-06 7.25e-02 8.15e-01 1.12e-01 1.07e-05 2.74e-12 1.00e-20 1.00e-20 1.00e-20 1.00e-20 1.00e-20 1.00e-20 1.00e-20 1.00e-20 1.00e-20 1.00e-20 1.00e-20 1.00e-20 1.00e-20 
6.22e+13   25      0 3.01e-20 4.20e-13 8.06e-06 7.56e-02 8.17e-01 1.08e-01 9.83e-06 2.40e-12 1.00e-20 1.00e-20 1.00e-20 1.00e-20 1.00e-20 1.00e-20 1.00e-20 1.00e-20 1.00e-20 1.00e-20 1.00e-20 1.00e-20 1.00e-20 
7.29e+13   26      0 5.26e-20 4.72e-13 8.75e-06 7.90e-02 8.18e-01 1.03e-01 8.95e-06 2.08e-12 1.00e-20 1.00e-20 1.00e-20 1.00e-20 1.00e-20 1.00e-20 1.00e-20 1.00e-20 1.00e-20 1.00e-20 1.00e-20 1.00e-20 1.00e-20 
8.54e+13   27      0 6.17e-20 5.41e-13 9.62e-06 8.32e-02 8.19e-01 9.73e-02 8.02e-06 1.76e-12 1.00e-20 1.00e-20 1.00e-20 1.00e-20 1.00e-20 1.00e-20 1.00e-20 1.00e-20 1.00e-20 1.00e-20 1.00e-20 1.00e-20 1.00e-20 
1.00e+14   28     -1 0.00e+00 0.00e+00 0.00e+00 0.00e+00 0.00e+00 0.00e+00 0.00e+00 0.00e+00 0.00e+00 0.00e+00 0.00e+00 0.00e+00 0.00e+00 0.00e+00 0.00e+00 0.00e+00 0.00e+00 0.00e+00 0.00e+00 0.00e+00 0.00e+00 
1.17e+14   29     -1 0.00e+00 0.00e+00 0.00e+00 0.00e+00 0.00e+00 0.00e+00 0.00e+00 0.00e+00 0.00e+00 0.00e+00 0.00e+00 0.00e+00 0.00e+00 0.00e+00 0.00e+00 0.00e+00 0.00e+00 0.00e+00 0.00e+00 0.00e+00 0.00e+00 
