        r    i inwind converge       v_x       v_y       v_z       vol       rho        ne       t_e       t_r         w  ave_freq         J  J_direct   J_scatt   lum_tot  heat_tot heat_comp heat_line   heat_ff heat_phot heat_auge  cool_tot cool_comp lum_lines   cool_dr    lum_ff    lum_rr   cool_rr cool_adia heat_shoc heat_line heat_phot 
1.195e+12    0     -1        0  7.07e+03  0.00e+00  7.07e+03  0.00e+00  0.00e+00  0.00e+00  0.00e+00  0.00e+00  0.00e+00  0.00e+00  0.00e+00  0.00e+00  0.00e+00  0.00e+00  0.00e+00  0.00e+00  0.00e+00  0.00e+00  0.00e+00  0.00e+00  0.00e+00  0.00e+00  0.00e+00  0.00e+00  0.00e+00  0.00e+00  0.00e+00  0.00e+00  0.00e+00  0.00e+00  0.00e+00 
1.400e+12    1      0        0  7.07e+03  0.00e+00  7.07e+03  6.98e+36  9.52e-12  4.42e+12  2.92e+04  4.03e+04  3.06e-01  3.22e+15  1.46e+13  4.21e+12  1.04e+13  2.79e+38  2.83e+38  9.81e+34  8.67e+37  3.68e+37  1.60e+38  0.00e+00  2.83e+38  7.43e+34  8.30e+37  0.00e+00  5.18e+37  1.62e+38  1.45e+38  2.16e+33  0.00e+00  7.99e+37  1.58e+38 
1.640e+12    2      0        0  1.37e+06  0.00e+00  1.37e+06  1.12e+37  9.61e-13  4.47e+11  2.66e+04  4.06e+04  1.22e-01  3.24e+15  5.99e+12  1.42e+12  4.57e+12  3.97e+36  4.04e+36  6.58e+33  1.36e+36  2.41e+35  2.43e+36  0.00e+00  4.03e+36  4.51e+33  1.26e+36  0.00e+00  8.03e+35  2.19e+36  1.90e+36  7.40e+32  0.00e+00  1.77e+35  2.42e+36 
1.921e+12    3      0        0  4.68e+06  0.00e+00  4.68e+06  1.80e+37  2.97e-13  1.38e+11  2.55e+04  4.08e+04  7.43e-02  3.25e+15  3.70e+12  9.01e+11  2.80e+12  6.98e+35  7.11e+35  2.02e+33  2.76e+35  2.31e+34  4.09e+35  0.00e+00  7.09e+35  1.32e+33  3.01e+35  0.00e+00  1.19e+35  3.22e+35  2.79e+35  4.60e+32  0.00e+00  8.77e+33  4.08e+35 
2.250e+12    4      0        0  9.08e+06  0.00e+00  9.08e+06  2.89e+37  1.28e-13  5.94e+10  2.45e+04  4.08e+04  4.95e-02  3.26e+15  2.48e+12  6.11e+11  1.87e+12  2.00e+35  2.04e+35  9.41e+32  6.93e+34  4.79e+33  1.29e+35  0.00e+00  2.04e+35  5.90e+32  8.30e+34  0.00e+00  3.46e+34  9.47e+34  8.20e+34  3.41e+32  0.00e+00  1.23e+33  1.29e+35 
2.635e+12    5      0        0  1.40e+07  0.00e+00  1.40e+07  4.65e+37  6.53e-14  3.03e+10  2.35e+04  4.08e+04  3.42e-02  3.26e+15  1.72e+12  4.25e+11  1.29e+12  7.78e+34  7.99e+34  5.32e+32  2.16e+34  1.44e+33  5.63e+34  0.00e+00  7.96e+34  3.20e+32  2.98e+34  0.00e+00  1.41e+34  3.91e+34  3.39e+34  2.73e+32  0.00e+00  3.05e+32  5.62e+34 
3.086e+12    6      0        0  1.90e+07  0.00e+00  1.90e+07  7.47e+37  3.66e-14  1.70e+10  2.25e+04  4.07e+04  2.42e-02  3.25e+15  1.20e+12  2.99e+11  9.05e+11  3.68e+34  3.80e+34  3.36e+32  7.71e+33  5.31e+32  2.94e+34  0.00e+00  3.79e+34  1.94e+32  1.30e+34  0.00e+00  6.91e+33  1.95e+34  1.69e+34  2.30e+32  0.00e+00  1.02e+32  2.94e+34 
3.615e+12    7      0        0  2.39e+07  0.00e+00  2.39e+07  1.20e+38  2.19e-14  1.01e+10  2.15e+04  4.06e+04  1.73e-02  3.25e+15  8.53e+11  2.13e+11  6.41e+11  1.95e+34  2.01e+34  2.28e+32  2.85e+33  2.24e+32  1.68e+34  0.00e+00  2.02e+34  1.26e+32  6.18e+33  0.00e+00  3.82e+33  1.10e+34  9.50e+33  1.98e+32  0.00e+00  4.09e+31  1.68e+34 
4.234e+12    8      0        0  2.85e+07  0.00e+00  2.85e+07  1.93e+38  1.36e-14  6.28e+09  2.11e+04  4.05e+04  1.25e-02  3.24e+15  6.08e+11  1.52e+11  4.56e+11  1.17e+34  1.22e+34  1.61e+32  1.18e+33  1.01e+32  1.08e+34  0.00e+00  1.22e+34  8.76e+31  3.54e+33  0.00e+00  2.33e+33  6.74e+33  5.81e+33  1.79e+32  0.00e+00  1.93e+31  1.08e+34 
4.959e+12    9      0        0  3.28e+07  0.00e+00  3.28e+07  3.10e+38  8.78e-15  4.01e+09  2.06e+04  4.04e+04  9.08e-03  3.22e+15  4.35e+11  1.09e+11  3.26e+11  7.29e+33  7.76e+33  1.18e+32  4.88e+32  4.87e+31  7.11e+33  0.00e+00  7.67e+33  6.28e+31  2.10e+33  0.00e+00  1.48e+33  4.32e+33  3.71e+33  1.64e+32  0.00e+00  9.79e+30  7.10e+33 
5.809e+12   10      0        0  3.67e+07  0.00e+00  3.67e+07  4.98e+38  5.79e-15  2.63e+09  2.03e+04  4.02e+04  6.61e-03  3.21e+15  3.13e+11  7.88e+10  2.34e+11  4.88e+33  5.30e+33  8.90e+31  2.10e+32  2.46e+31  4.97e+33  0.00e+00  5.19e+33  4.68e+31  1.36e+33  0.00e+00  1.01e+33  2.94e+33  2.52e+33  1.53e+32  0.00e+00  5.29e+30  4.97e+33 
6.804e+12   11      0        0  4.01e+07  0.00e+00  4.01e+07  8.01e+38  3.89e-15  1.74e+09  2.01e+04  4.01e+04  4.82e-03  3.20e+15  2.25e+11  5.69e+10  1.68e+11  3.36e+33  3.55e+33  6.83e+31  9.01e+31  1.24e+31  3.38e+33  0.00e+00  3.61e+33  3.56e+31  9.31e+32  0.00e+00  6.97e+32  2.03e+33  1.73e+33  1.45e+32  0.00e+00  3.07e+30  3.38e+33 
7.969e+12   12      0        0  4.32e+07  0.00e+00  4.32e+07  1.29e+39  2.65e-15  1.16e+09  1.96e+04  4.00e+04  3.51e-03  3.19e+15  1.62e+11  4.12e+10  1.21e+11  2.22e+33  2.47e+33  5.29e+31  3.93e+31  6.47e+30  2.37e+33  0.00e+00  2.44e+33  2.68e+31  5.95e+32  0.00e+00  4.73e+32  1.38e+33  1.16e+33  1.34e+32  0.00e+00  1.77e+30  2.37e+33 
9.334e+12   13      0        0  4.60e+07  0.00e+00  4.60e+07  2.07e+39  1.83e-15  8.14e+08  1.96e+04  3.99e+04  2.57e-03  3.19e+15  1.17e+11  2.99e+10  8.76e+10  1.80e+33  2.01e+33  4.25e+31  1.99e+31  3.70e+30  1.94e+33  0.00e+00  1.99e+33  2.18e+31  4.58e+32  0.00e+00  3.83e+32  1.13e+33  9.55e+32  1.32e+32  0.00e+00  1.16e+30  1.94e+33 
1.093e+13   14      0        0  4.84e+07  0.00e+00  4.84e+07  3.32e+39  1.27e-15  5.50e+08  1.95e+04  3.98e+04  1.87e-03  3.18e+15  8.51e+10  2.17e+10  6.34e+10  1.27e+33  1.40e+33  3.30e+31  8.78e+30  1.86e+30  1.36e+33  0.00e+00  1.44e+33  1.71e+31  3.49e+32  0.00e+00  2.69e+32  7.79e+32  6.49e+32  1.27e+32  0.00e+00  5.62e+29  1.35e+33 
1.281e+13   15      0        0  5.05e+07  0.00e+00  5.05e+07  5.34e+39  8.91e-16  3.77e+08  1.91e+04  3.98e+04  1.37e-03  3.18e+15  6.17e+10  1.58e+10  4.60e+10  8.93e+32  1.07e+33  2.66e+31  4.46e+30  1.05e+30  1.04e+33  0.00e+00  1.05e+33  1.34e+31  2.38e+32  0.00e+00  1.94e+32  5.61e+32  4.61e+32  1.20e+32  0.00e+00  4.02e+29  1.04e+33 
1.500e+13   16      0        0  5.23e+07  0.00e+00  5.23e+07  8.58e+39  6.29e-16  2.67e+08  1.83e+04  3.97e+04  9.97e-04  3.17e+15  4.48e+10  1.15e+10  3.34e+10  6.73e+32  7.67e+32  2.21e+31  2.21e+30  6.09e+29  7.42e+32  0.00e+00  8.14e+32  1.06e+31  1.50e+32  0.00e+00  1.53e+32  4.51e+32  3.70e+32  1.13e+32  0.00e+00  1.76e+29  7.41e+32 
1.757e+13   17      0        0  5.39e+07  0.00e+00  5.39e+07  1.38e+40  4.46e-16  1.83e+08  1.82e+04  3.97e+04  7.27e-04  3.17e+15  3.26e+10  8.35e+09  2.42e+10  4.78e+32  6.05e+32  1.76e+31  1.16e+30  3.32e+29  5.86e+32  0.00e+00  6.08e+32  8.42e+30  1.16e+32  0.00e+00  1.09e+32  3.16e+32  2.53e+32  1.09e+32  0.00e+00  1.09e+29  5.85e+32 
2.058e+13   18      0        0  5.53e+07  0.00e+00  5.53e+07  2.21e+40  3.18e-16  1.28e+08  1.72e+04  3.97e+04  5.30e-04  3.17e+15  2.37e+10  6.07e+09  1.76e+10  3.34e+32  4.64e+32  1.47e+31  5.75e+29  2.02e+29  4.48e+32  0.00e+00  4.52e+32  6.53e+30  6.76e+31  0.00e+00  8.06e+31  2.38e+32  1.86e+32  1.01e+32  0.00e+00  4.14e+28  4.47e+32 
2.410e+13   19      0        0  5.65e+07  0.00e+00  5.65e+07  3.56e+40  2.27e-16  9.44e+07  1.77e+04  3.96e+04  3.87e-04  3.16e+15  1.72e+10  4.42e+09  1.28e+10  3.21e+32  4.34e+32  1.21e+31  3.18e+29  1.21e+29  4.21e+32  0.00e+00  4.40e+32  5.76e+30  6.69e+31  0.00e+00  7.49e+31  2.22e+32  1.79e+32  1.05e+32  0.00e+00  3.87e+28  4.21e+32 
2.823e+13   20      0        0  5.75e+07  0.00e+00  5.75e+07  5.72e+40  1.63e-16  6.64e+07  1.72e+04  3.96e+04  2.82e-04  3.16e+15  1.25e+10  3.22e+09  9.32e+09  2.38e+32  3.64e+32  1.00e+31  1.62e+29  7.06e+28  3.54e+32  0.00e+00  3.50e+32  4.63e+30  4.69e+31  0.00e+00  5.70e+31  1.69e+32  1.34e+32  1.00e+32  0.00e+00  1.44e+28  3.53e+32 
3.306e+13   21      0        0  5.84e+07  0.00e+00  5.84e+07  9.19e+40  1.17e-16  4.69e+07  1.64e+04  3.96e+04  2.06e-04  3.16e+15  9.12e+09  2.34e+09  6.78e+09  1.71e+32  2.75e+32  8.41e+30  8.27e+28  4.37e+28  2.66e+32  0.00e+00  2.74e+32  3.64e+30  2.82e+31  0.00e+00  4.28e+31  1.29e+32  9.99e+31  9.38e+31  0.00e+00  9.74e+27  2.66e+32 
3.873e+13   22      0        0  5.91e+07  0.00e+00  5.91e+07  1.48e+41  8.43e-17  3.38e+07  1.58e+04  3.96e+04  1.50e-04  3.16e+15  6.64e+09  1.71e+09  4.94e+09  1.36e+32  2.32e+32  7.07e+30  4.24e+28  2.71e+28  2.25e+32  0.00e+00  2.34e+32  2.96e+30  1.87e+31  0.00e+00  3.49e+31  1.07e+32  8.25e+31  9.00e+31  0.00e+00  2.96e+27  2.24e+32 
4.536e+13   23      0        0  5.98e+07  0.00e+00  5.98e+07  2.37e+41  6.09e-17  2.43e+07  1.52e+04  3.96e+04  1.09e-04  3.16e+15  4.84e+09  1.24e+09  3.59e+09  1.08e+32  1.99e+32  5.96e+30  2.14e+28  1.72e+28  1.93e+32  0.00e+00  2.00e+32  2.39e+30  1.18e+31  0.00e+00  2.82e+31  8.86e+31  6.77e+31  8.59e+31  0.00e+00  1.45e+27  1.93e+32 
5.313e+13   24      0        0  6.03e+07  0.00e+00  6.03e+07  3.81e+41  4.40e-17  1.76e+07  1.45e+04  3.96e+04  7.97e-05  3.16e+15  3.52e+09  9.06e+08  2.62e+09  8.54e+31  1.72e+32  5.04e+30  1.20e+28  1.09e+28  1.67e+32  0.00e+00  1.72e+32  1.93e+30  7.04e+30  0.00e+00  2.28e+31  7.35e+31  5.57e+31  8.15e+31  0.00e+00  7.18e+26  1.66e+32 
6.223e+13   25      0        0  6.08e+07  0.00e+00  6.08e+07  6.13e+41  3.18e-17  1.27e+07  1.37e+04  3.95e+04  5.81e-05  3.16e+15  2.57e+09  6.60e+08  1.91e+09  6.86e+31  1.50e+32  4.27e+30  6.38e+27  7.05e+27  1.46e+32  0.00e+00  1.50e+32  1.55e+30  3.97e+30  0.00e+00  1.84e+31  6.14e+31  4.62e+31  7.69e+31  0.00e+00  6.31e+26  1.45e+32 
7.289e+13   26      0        0  6.12e+07  0.00e+00  6.12e+07  9.85e+41  2.31e-17  9.20e+06  1.29e+04  3.95e+04  4.24e-05  3.16e+15  1.87e+09  4.81e+08  1.39e+09  5.54e+31  1.31e+32  3.62e+30  3.66e+27  4.54e+27  1.27e+32  0.00e+00  1.31e+32  1.24e+30  2.12e+30  0.00e+00  1.49e+31  5.16e+31  3.83e+31  7.23e+31  0.00e+00  3.84e+26  1.27e+32 
8.538e+13   27      0        0  6.16e+07  0.00e+00  6.16e+07  1.58e+42  1.67e-17  6.67e+06  1.21e+04  3.95e+04  3.09e-05  3.16e+15  1.36e+09  3.50e+08  1.01e+09  4.49e+31  1.16e+32  3.07e+30  2.14e+27  2.98e+27  1.13e+32  0.00e+00  1.16e+32  9.84e+29  1.05e+30  0.00e+00  1.20e+31  4.33e+31  3.18e+31  6.76e+31  0.00e+00  5.23e+26  1.12e+32 
1.000e+14   28     -1        0  6.19e+07  0.00e+00  6.19e+07  0.00e+00  0.00e+00  0.00e+00  0.00e+00  0.00e+00  0.00e+00  0.00e+00  0.00e+00  0.00e+00  0.00e+00  0.00e+00  0.00e+00  0.00e+00  0.00e+00  0.00e+00  0.00e+00  0.00e+00  0.00e+00  0.00e+00  0.00e+00  0.00e+00  0.00e+00  0.00e+00  0.00e+00  0.00e+00  0.00e+00  0.00e+00  0.00e+00 
1.171e+14   29     -1        0  6.21e+07  0.00e+00  6.21e+07  0.00e+00  0.00e+00  0.00e+00  0.00e+00  0.00e+00  0.00e+00  0.00e+00  0.00e+00  0.00e+00  0.00e+00  0.00e+00  0.00e+00  0.00e+00  0.00e+00  0.00e+00  0.00e+00  0.00e+00  0.00e+00  0.00e+00  0.00e+00  0.00e+00  0.00e+00  0.00e+00  0.00e+00  0.00e+00  0.00e+00  0.00e+00  0.00e+00 
