       r    i inwind      i01      i02      i03      i04      i05      i06      i07      i08      i09 
1.20e+12    0     -1 0.00e+00 0.00e+00 0.00e+00 0.00e+00 0.00e+00 0.00e+00 0.00e+00 0.00e+00 0.00e+00 
1.40e+12    1      0 2.27e-13 1.76e-06 4.24e-02 9.52e-01 5.19e-03 9.65e-10 2.96e-19 1.00e-20 1.00e-20 
1.64e+12    2      0 2.14e-15 8.80e-08 9.67e-03 9.67e-01 2.38e-02 2.37e-08 3.55e-17 1.00e-20 1.00e-20 
1.92e+12    3      0 2.08e-16 1.93e-08 4.48e-03 9.45e-01 5.03e-02 1.19e-07 4.07e-16 1.00e-20 1.00e-20 
2.25e+12    4      0 4.81e-17 7.61e-09 2.79e-03 9.20e-01 7.71e-02 3.04e-07 1.66e-15 1.00e-20 1.00e-20 
2.63e+12    5      0 1.76e-17 4.13e-09 2.05e-03 8.98e-01 9.98e-02 5.43e-07 3.85e-15 1.00e-20 1.00e-20 
3.09e+12    6      0 8.68e-18 2.74e-09 1.67e-03 8.82e-01 1.17e-01 7.73e-07 6.25e-15 1.00e-20 1.00e-20 
3.61e+12    7      0 5.18e-18 2.07e-09 1.46e-03 8.70e-01 1.29e-01 9.67e-07 8.28e-15 1.00e-20 1.00e-20 
4.23e+12    8      0 3.61e-18 1.69e-09 1.33e-03 8.62e-01 1.37e-01 1.08e-06 9.37e-15 1.00e-20 1.00e-20 
4.96e+12    9      0 2.77e-18 1.48e-09 1.26e-03 8.58e-01 1.41e-01 1.13e-06 9.44e-15 1.00e-20 1.00e-20 
5.81e+12   10      0 2.25e-18 1.33e-09 1.20e-03 8.56e-01 1.43e-01 1.15e-06 9.22e-15 1.00e-20 1.00e-20 
6.80e+12   11      0 1.90e-18 1.22e-09 1.16e-03 8.54e-01 1.45e-01 1.15e-06 8.81e-15 1.00e-20 1.00e-20 
7.97e+12   12      0 1.63e-18 1.14e-09 1.13e-03 8.53e-01 1.46e-01 1.16e-06 8.49e-15 1.00e-20 1.00e-20 
9.33e+12   13      0 1.51e-18 1.10e-09 1.12e-03 8.53e-01 1.46e-01 1.13e-06 7.90e-15 1.00e-20 1.00e-20 
1.09e+13   14      0 1.23e-18 9.65e-10 1.05e-03 8.48e-01 1.51e-01 1.20e-06 8.47e-15 1.00e-20 1.00e-20 
1.28e+13   15      0 1.12e-18 9.30e-10 1.04e-03 8.47e-01 1.52e-01 1.22e-06 8.39e-15 1.00e-20 1.00e-20 
1.50e+13   16      0 1.14e-18 9.71e-10 1.07e-03 8.50e-01 1.49e-01 1.18e-06 7.65e-15 1.00e-20 1.00e-20 
1.76e+13   17      0 9.57e-19 8.71e-10 1.01e-03 8.45e-01 1.54e-01 1.26e-06 8.42e-15 1.00e-20 1.00e-20 
2.06e+13   18      0 9.95e-19 9.19e-10 1.04e-03 8.48e-01 1.51e-01 1.24e-06 7.83e-15 1.00e-20 1.00e-20 
2.41e+13   19      0 9.05e-19 8.53e-10 1.01e-03 8.45e-01 1.54e-01 1.27e-06 8.18e-15 1.00e-20 1.00e-20 
2.82e+13   20      0 8.57e-19 8.37e-10 9.98e-04 8.44e-01 1.55e-01 1.30e-06 8.31e-15 1.00e-20 1.00e-20 
3.31e+13   21      0 8.91e-19 8.72e-10 1.02e-03 8.46e-01 1.53e-01 1.29e-06 7.96e-15 1.00e-20 1.00e-20 
3.87e+13   22      0 9.16e-19 8.94e-10 1.04e-03 8.47e-01 1.52e-01 1.28e-06 7.74e-15 1.00e-20 1.00e-20 
4.54e+13   23      0 9.57e-19 9.29e-10 1.06e-03 8.49e-01 1.50e-01 1.27e-06 7.43e-15 1.00e-20 1.00e-20 
5.31e+13   24      0 1.03e-18 9.76e-10 1.08e-03 8.52e-01 1.47e-01 1.25e-06 7.06e-15 1.00e-20 1.00e-20 
6.22e+13   25      0 1.11e-18 1.03e-09 1.11e-03 8.55e-01 1.44e-01 1.23e-06 6.65e-15 1.00e-20 1.00e-20 
7.29e+13   26      0 1.22e-18 1.10e-09 1.15e-03 8.58e-01 1.41e-01 1.20e-06 6.25e-15 1.00e-20 1.00e-20 
8.54e+13   27      0 1.36e-18 1.18e-09 1.19e-03 8.62e-01 1.37e-01 1.17e-06 5.79e-15 1.00e-20 1.00e-20 
1.00e+14   28     -1 0.00e+00 0.00e+00 0.00e+00 0.00e+00 0.00e+00 0.00e+00 0.00e+00 0.00e+00 0.00e+00 
1.17e+14   29     -1 0.00e+00 0.00e+00 0.00e+00 0.00e+00 0.00e+00 0.00e+00 0.00e+00 0.00e+00 0.00e+00 
