       r    i inwind      i01      i02 
1.20e+12    0     -1 0.00e+00 0.00e+00 
1.40e+12    1      0 2.00e-07 1.00e+00 
1.64e+12    2      0 3.52e-08 1.00e+00 
1.92e+12    3      0 1.62e-08 1.00e+00 
2.25e+12    4      0 9.97e-09 1.00e+00 
2.63e+12    5      0 7.30e-09 1.00e+00 
3.09e+12    6      0 5.86e-09 1.00e+00 
3.61e+12    7      0 4.98e-09 1.00e+00 
4.23e+12    8      0 4.35e-09 1.00e+00 
4.96e+12    9      0 3.91e-09 1.00e+00 
5.81e+12   10      0 3.58e-09 1.00e+00 
6.80e+12   11      0 3.31e-09 1.00e+00 
7.97e+12   12      0 3.13e-09 1.00e+00 
9.33e+12   13      0 2.99e-09 1.00e+00 
1.09e+13   14      0 2.76e-09 1.00e+00 
1.28e+13   15      0 2.68e-09 1.00e+00 
1.50e+13   16      0 2.71e-09 1.00e+00 
1.76e+13   17      0 2.56e-09 1.00e+00 
2.06e+13   18      0 2.62e-09 1.00e+00 
2.41e+13   19      0 2.50e-09 1.00e+00 
2.82e+13   20      0 2.48e-09 1.00e+00 
3.31e+13   21      0 2.53e-09 1.00e+00 
3.87e+13   22      0 2.56e-09 1.00e+00 
4.54e+13   23      0 2.61e-09 1.00e+00 
5.31e+13   24      0 2.68e-09 1.00e+00 
6.22e+13   25      0 2.76e-09 1.00e+00 
7.29e+13   26      0 2.86e-09 1.00e+00 
8.54e+13   27      0 2.98e-09 1.00e+00 
1.00e+14   28     -1 0.00e+00 0.00e+00 
1.17e+14   29     -1 0.00e+00 0.00e+00 
