       r    i inwind      i01      i02      i03      i04      i05      i06      i07      i08      i09      i10      i11      i12 
1.20e+12    0     -1 0.00e+00 0.00e+00 0.00e+00 0.00e+00 0.00e+00 0.00e+00 0.00e+00 0.00e+00 0.00e+00 0.00e+00 0.00e+00 0.00e+00 
1.40e+12    1      0 3.01e-11 1.08e-04 4.39e-01 5.61e-01 5.42e-05 2.63e-14 1.00e-20 1.00e-20 1.00e-20 1.00e-20 1.00e-20 1.00e-20 
1.64e+12    2      0 7.71e-13 9.49e-06 1.55e-01 8.44e-01 3.76e-04 8.70e-13 1.00e-20 1.00e-20 1.00e-20 1.00e-20 1.00e-20 1.00e-20 
1.92e+12    3      0 1.03e-13 2.42e-06 8.06e-02 9.18e-01 9.01e-04 4.72e-12 1.00e-20 1.00e-20 1.00e-20 1.00e-20 1.00e-20 1.00e-20 
2.25e+12    4      0 3.03e-14 1.06e-06 5.38e-02 9.45e-01 1.46e-03 1.21e-11 1.00e-20 1.00e-20 1.00e-20 1.00e-20 1.00e-20 1.00e-20 
2.63e+12    5      0 1.40e-14 6.32e-07 4.18e-02 9.56e-01 1.95e-03 2.06e-11 1.00e-20 1.00e-20 1.00e-20 1.00e-20 1.00e-20 1.00e-20 
3.09e+12    6      0 8.40e-15 4.56e-07 3.59e-02 9.62e-01 2.30e-03 2.75e-11 1.00e-20 1.00e-20 1.00e-20 1.00e-20 1.00e-20 1.00e-20 
3.61e+12    7      0 6.04e-15 3.72e-07 3.27e-02 9.65e-01 2.53e-03 3.15e-11 1.00e-20 1.00e-20 1.00e-20 1.00e-20 1.00e-20 1.00e-20 
4.23e+12    8      0 4.62e-15 3.20e-07 3.07e-02 9.67e-01 2.66e-03 3.31e-11 1.00e-20 1.00e-20 1.00e-20 1.00e-20 1.00e-20 1.00e-20 
4.96e+12    9      0 3.89e-15 2.94e-07 2.98e-02 9.67e-01 2.68e-03 3.21e-11 1.00e-20 1.00e-20 1.00e-20 1.00e-20 1.00e-20 1.00e-20 
5.81e+12   10      0 3.37e-15 2.76e-07 2.92e-02 9.68e-01 2.68e-03 3.06e-11 1.00e-20 1.00e-20 1.00e-20 1.00e-20 1.00e-20 1.00e-20 
6.80e+12   11      0 2.98e-15 2.62e-07 2.88e-02 9.69e-01 2.67e-03 2.90e-11 1.00e-20 1.00e-20 1.00e-20 1.00e-20 1.00e-20 1.00e-20 
7.97e+12   12      0 2.77e-15 2.55e-07 2.87e-02 9.69e-01 2.64e-03 2.72e-11 1.00e-20 1.00e-20 1.00e-20 1.00e-20 1.00e-20 1.00e-20 
9.33e+12   13      0 2.60e-15 2.50e-07 2.86e-02 9.69e-01 2.60e-03 2.56e-11 1.00e-20 1.00e-20 1.00e-20 1.00e-20 1.00e-20 1.00e-20 
1.09e+13   14      0 2.17e-15 2.26e-07 2.74e-02 9.70e-01 2.68e-03 2.66e-11 1.00e-20 1.00e-20 1.00e-20 1.00e-20 1.00e-20 1.00e-20 
1.28e+13   15      0 2.10e-15 2.23e-07 2.74e-02 9.70e-01 2.67e-03 2.57e-11 1.00e-20 1.00e-20 1.00e-20 1.00e-20 1.00e-20 1.00e-20 
1.50e+13   16      0 2.30e-15 2.39e-07 2.84e-02 9.69e-01 2.58e-03 2.30e-11 1.00e-20 1.00e-20 1.00e-20 1.00e-20 1.00e-20 1.00e-20 
1.76e+13   17      0 1.98e-15 2.19e-07 2.73e-02 9.70e-01 2.68e-03 2.44e-11 1.00e-20 1.00e-20 1.00e-20 1.00e-20 1.00e-20 1.00e-20 
2.06e+13   18      0 2.23e-15 2.37e-07 2.84e-02 9.69e-01 2.59e-03 2.19e-11 1.00e-20 1.00e-20 1.00e-20 1.00e-20 1.00e-20 1.00e-20 
2.41e+13   19      0 1.96e-15 2.20e-07 2.75e-02 9.70e-01 2.65e-03 2.31e-11 1.00e-20 1.00e-20 1.00e-20 1.00e-20 1.00e-20 1.00e-20 
2.82e+13   20      0 1.95e-15 2.19e-07 2.75e-02 9.70e-01 2.66e-03 2.28e-11 1.00e-20 1.00e-20 1.00e-20 1.00e-20 1.00e-20 1.00e-20 
3.31e+13   21      0 2.15e-15 2.33e-07 2.84e-02 9.69e-01 2.61e-03 2.11e-11 1.00e-20 1.00e-20 1.00e-20 1.00e-20 1.00e-20 1.00e-20 
3.87e+13   22      0 2.28e-15 2.43e-07 2.90e-02 9.68e-01 2.57e-03 2.00e-11 1.00e-20 1.00e-20 1.00e-20 1.00e-20 1.00e-20 1.00e-20 
4.54e+13   23      0 2.49e-15 2.57e-07 2.98e-02 9.68e-01 2.53e-03 1.87e-11 1.00e-20 1.00e-20 1.00e-20 1.00e-20 1.00e-20 1.00e-20 
5.31e+13   24      0 2.77e-15 2.75e-07 3.08e-02 9.67e-01 2.48e-03 1.74e-11 1.00e-20 1.00e-20 1.00e-20 1.00e-20 1.00e-20 1.00e-20 
6.22e+13   25      0 3.14e-15 2.98e-07 3.20e-02 9.66e-01 2.42e-03 1.59e-11 1.00e-20 1.00e-20 1.00e-20 1.00e-20 1.00e-20 1.00e-20 
7.29e+13   26      0 3.59e-15 3.24e-07 3.33e-02 9.64e-01 2.36e-03 1.45e-11 1.00e-20 1.00e-20 1.00e-20 1.00e-20 1.00e-20 1.00e-20 
8.54e+13   27      0 4.20e-15 3.58e-07 3.49e-02 9.63e-01 2.30e-03 1.30e-11 1.00e-20 1.00e-20 1.00e-20 1.00e-20 1.00e-20 1.00e-20 
1.00e+14   28     -1 0.00e+00 0.00e+00 0.00e+00 0.00e+00 0.00e+00 0.00e+00 0.00e+00 0.00e+00 0.00e+00 0.00e+00 0.00e+00 0.00e+00 
1.17e+14   29     -1 0.00e+00 0.00e+00 0.00e+00 0.00e+00 0.00e+00 0.00e+00 0.00e+00 0.00e+00 0.00e+00 0.00e+00 0.00e+00 0.00e+00 
