       r    i inwind      i01      i02      i03 
1.20e+12    0     -1 0.00e+00 0.00e+00 0.00e+00 
1.40e+12    1      0 3.51e-09 1.30e-02 9.87e-01 
1.64e+12    2      0 5.17e-10 7.87e-03 9.92e-01 
1.92e+12    3      0 7.35e-10 2.27e-02 9.77e-01 
2.25e+12    4      0 6.53e-10 3.12e-02 9.69e-01 
2.63e+12    5      0 4.11e-10 2.60e-02 9.74e-01 
3.09e+12    6      0 3.64e-10 2.82e-02 9.72e-01 
3.61e+12    7      0 4.57e-10 4.06e-02 9.59e-01 
4.23e+12    8      0 6.69e-10 6.69e-02 9.33e-01 
4.96e+12    9      0 1.20e-09 1.31e-01 8.69e-01 
5.81e+12   10      0 1.46e-09 1.70e-01 8.30e-01 
6.80e+12   11      0 2.04e-09 2.55e-01 7.45e-01 
7.97e+12   12      0 3.16e-09 4.14e-01 5.86e-01 
9.33e+12   13      0 2.17e-09 2.94e-01 7.06e-01 
1.09e+13   14      0 3.40e-09 4.96e-01 5.04e-01 
1.28e+13   15      0 4.25e-09 6.37e-01 3.63e-01 
1.50e+13   16      0 4.14e-09 6.18e-01 3.82e-01 
1.76e+13   17      0 5.31e-09 8.32e-01 1.68e-01 
2.06e+13   18      0 6.01e-09 9.35e-01 6.51e-02 
2.41e+13   19      0 4.64e-09 7.53e-01 2.47e-01 
2.82e+13   20      0 5.32e-09 8.66e-01 1.34e-01 
3.31e+13   21      0 6.01e-09 9.77e-01 2.34e-02 
3.87e+13   22      0 6.07e-09 9.77e-01 2.31e-02 
4.54e+13   23      0 6.21e-09 9.87e-01 1.26e-02 
5.31e+13   24      0 6.35e-09 9.97e-01 3.40e-03 
6.22e+13   25      0 6.54e-09 9.97e-01 3.20e-03 
7.29e+13   26      0 6.70e-09 9.98e-01 2.17e-03 
8.54e+13   27      0 6.93e-09 9.98e-01 1.91e-03 
1.00e+14   28     -1 0.00e+00 0.00e+00 0.00e+00 
1.17e+14   29     -1 0.00e+00 0.00e+00 0.00e+00 
