       r    i inwind      i01      i02      i03      i04      i05      i06      i07 
1.20e+12    0     -1 0.00e+00 0.00e+00 0.00e+00 0.00e+00 0.00e+00 0.00e+00 0.00e+00 
1.40e+12    1      0 5.58e-13 2.03e-06 5.73e-02 5.99e-01 3.44e-01 1.00e-20 1.00e-20 
1.64e+12    2      0 2.25e-15 4.12e-08 5.79e-03 2.91e-01 7.03e-01 1.00e-20 1.00e-20 
1.92e+12    3      0 1.17e-16 4.80e-09 1.49e-03 1.65e-01 8.33e-01 1.00e-20 1.00e-20 
2.25e+12    4      0 1.72e-17 1.20e-09 6.22e-04 1.14e-01 8.85e-01 1.00e-20 1.00e-20 
2.63e+12    5      0 4.36e-18 4.60e-10 3.45e-04 8.96e-02 9.10e-01 1.00e-20 1.00e-20 
3.09e+12    6      0 1.60e-18 2.33e-10 2.30e-04 7.69e-02 9.23e-01 1.00e-20 1.00e-20 
3.61e+12    7      0 7.19e-19 1.39e-10 1.71e-04 6.98e-02 9.30e-01 1.00e-20 1.00e-20 
4.23e+12    8      0 4.23e-19 9.86e-11 1.40e-04 6.52e-02 9.35e-01 1.00e-20 1.00e-20 
4.96e+12    9      0 2.78e-19 7.64e-11 1.22e-04 6.28e-02 9.37e-01 1.00e-20 1.00e-20 
5.81e+12   10      0 2.02e-19 6.30e-11 1.11e-04 6.11e-02 9.39e-01 1.00e-20 1.00e-20 
6.80e+12   11      0 1.58e-19 5.43e-11 1.03e-04 5.98e-02 9.40e-01 1.00e-20 1.00e-20 
7.97e+12   12      0 1.18e-19 4.62e-11 9.47e-05 5.91e-02 9.41e-01 1.00e-20 1.00e-20 
9.33e+12   13      0 1.07e-19 4.36e-11 9.24e-05 5.87e-02 9.41e-01 1.00e-20 1.00e-20 
1.09e+13   14      0 8.17e-20 3.63e-11 8.29e-05 5.60e-02 9.44e-01 1.00e-20 1.00e-20 
1.28e+13   15      0 6.63e-20 3.24e-11 7.82e-05 5.57e-02 9.44e-01 1.00e-20 1.00e-20 
1.50e+13   16      0 5.78e-20 3.12e-11 7.75e-05 5.75e-02 9.42e-01 1.00e-20 1.00e-20 
1.76e+13   17      0 4.57e-20 2.65e-11 7.01e-05 5.51e-02 9.45e-01 1.00e-20 1.00e-20 
2.06e+13   18      0 3.98e-20 2.56e-11 6.94e-05 5.70e-02 9.43e-01 1.00e-20 1.00e-20 
2.41e+13   19      0 3.81e-20 2.42e-11 6.70e-05 5.52e-02 9.45e-01 1.00e-20 1.00e-20 
2.82e+13   20      0 3.30e-20 2.25e-11 6.41e-05 5.51e-02 9.45e-01 1.00e-20 1.00e-20 
3.31e+13   21      0 2.88e-20 2.20e-11 6.35e-05 5.65e-02 9.43e-01 1.00e-20 1.00e-20 
3.87e+13   22      0 3.04e-20 2.16e-11 6.31e-05 5.75e-02 9.42e-01 1.00e-20 1.00e-20 
4.54e+13   23      0 2.62e-20 2.18e-11 6.35e-05 5.88e-02 9.41e-01 1.00e-20 1.00e-20 
5.31e+13   24      0 2.86e-20 2.24e-11 6.48e-05 6.06e-02 9.39e-01 1.00e-20 1.00e-20 
6.22e+13   25      0 2.54e-20 2.35e-11 6.70e-05 6.26e-02 9.37e-01 1.00e-20 1.00e-20 
7.29e+13   26      0 2.96e-20 2.51e-11 7.04e-05 6.50e-02 9.35e-01 1.00e-20 1.00e-20 
8.54e+13   27      0 2.76e-20 2.76e-11 7.55e-05 6.78e-02 9.32e-01 1.00e-20 1.00e-20 
1.00e+14   28     -1 0.00e+00 0.00e+00 0.00e+00 0.00e+00 0.00e+00 0.00e+00 0.00e+00 
1.17e+14   29     -1 0.00e+00 0.00e+00 0.00e+00 0.00e+00 0.00e+00 0.00e+00 0.00e+00 
