       r    i inwind      i01      i02      i03      i04      i05      i06      i07      i08      i09      i10      i11      i12      i13      i14      i15 
1.20e+12    0     -1 0.00e+00 0.00e+00 0.00e+00 0.00e+00 0.00e+00 0.00e+00 0.00e+00 0.00e+00 0.00e+00 0.00e+00 0.00e+00 0.00e+00 0.00e+00 0.00e+00 0.00e+00 
1.40e+12    1      0 1.91e-14 3.65e-08 3.30e-04 1.91e-02 9.81e-01 1.52e-12 1.00e-20 1.00e-20 1.00e-20 1.00e-20 1.00e-20 1.00e-20 1.00e-20 1.00e-20 1.00e-20 
1.64e+12    2      0 4.35e-17 3.75e-10 1.66e-05 4.80e-03 9.95e-01 7.90e-12 1.00e-20 1.00e-20 1.00e-20 1.00e-20 1.00e-20 1.00e-20 1.00e-20 1.00e-20 1.00e-20 
1.92e+12    3      0 2.04e-18 3.74e-11 3.66e-06 2.37e-03 9.98e-01 1.88e-11 1.00e-20 1.00e-20 1.00e-20 1.00e-20 1.00e-20 1.00e-20 1.00e-20 1.00e-20 1.00e-20 
2.25e+12    4      0 2.85e-19 8.60e-12 1.42e-06 1.55e-03 9.98e-01 3.03e-11 1.00e-20 1.00e-20 1.00e-20 1.00e-20 1.00e-20 1.00e-20 1.00e-20 1.00e-20 1.00e-20 
2.63e+12    5      0 6.83e-20 3.01e-12 7.33e-07 1.19e-03 9.99e-01 3.91e-11 1.00e-20 1.00e-20 1.00e-20 1.00e-20 1.00e-20 1.00e-20 1.00e-20 1.00e-20 1.00e-20 
3.09e+12    6      0 2.32e-20 1.38e-12 4.57e-07 9.98e-04 9.99e-01 4.39e-11 1.00e-20 1.00e-20 1.00e-20 1.00e-20 1.00e-20 1.00e-20 1.00e-20 1.00e-20 1.00e-20 
3.61e+12    7      0 1.00e-20 7.34e-13 3.16e-07 8.89e-04 9.99e-01 4.55e-11 1.00e-20 1.00e-20 1.00e-20 1.00e-20 1.00e-20 1.00e-20 1.00e-20 1.00e-20 1.00e-20 
4.23e+12    8      0 1.00e-20 4.78e-13 2.45e-07 8.13e-04 9.99e-01 4.46e-11 1.00e-20 1.00e-20 1.00e-20 1.00e-20 1.00e-20 1.00e-20 1.00e-20 1.00e-20 1.00e-20 
4.96e+12    9      0 1.00e-20 3.38e-13 2.01e-07 7.66e-04 9.99e-01 4.17e-11 1.00e-20 1.00e-20 1.00e-20 1.00e-20 1.00e-20 1.00e-20 1.00e-20 1.00e-20 1.00e-20 
5.81e+12   10      0 1.00e-20 2.58e-13 1.73e-07 7.31e-04 9.99e-01 3.89e-11 1.00e-20 1.00e-20 1.00e-20 1.00e-20 1.00e-20 1.00e-20 1.00e-20 1.00e-20 1.00e-20 
6.80e+12   11      0 1.00e-20 2.10e-13 1.54e-07 7.02e-04 9.99e-01 3.62e-11 1.00e-20 1.00e-20 1.00e-20 1.00e-20 1.00e-20 1.00e-20 1.00e-20 1.00e-20 1.00e-20 
7.97e+12   12      0 1.00e-20 1.63e-13 1.34e-07 6.84e-04 9.99e-01 3.38e-11 1.00e-20 1.00e-20 1.00e-20 1.00e-20 1.00e-20 1.00e-20 1.00e-20 1.00e-20 1.00e-20 
9.33e+12   13      0 1.00e-20 1.49e-13 1.28e-07 6.71e-04 9.99e-01 3.17e-11 1.00e-20 1.00e-20 1.00e-20 1.00e-20 1.00e-20 1.00e-20 1.00e-20 1.00e-20 1.00e-20 
1.09e+13   14      0 1.00e-20 1.20e-13 1.12e-07 6.32e-04 9.99e-01 3.15e-11 1.00e-20 1.00e-20 1.00e-20 1.00e-20 1.00e-20 1.00e-20 1.00e-20 1.00e-20 1.00e-20 
1.28e+13   15      0 1.00e-20 9.95e-14 1.01e-07 6.24e-04 9.99e-01 3.03e-11 1.00e-20 1.00e-20 1.00e-20 1.00e-20 1.00e-20 1.00e-20 1.00e-20 1.00e-20 1.00e-20 
1.50e+13   16      0 1.00e-20 8.52e-14 9.44e-08 6.41e-04 9.99e-01 2.82e-11 1.00e-20 1.00e-20 1.00e-20 1.00e-20 1.00e-20 1.00e-20 1.00e-20 1.00e-20 1.00e-20 
1.76e+13   17      0 1.00e-20 7.04e-14 8.39e-08 6.10e-04 9.99e-01 2.86e-11 1.00e-20 1.00e-20 1.00e-20 1.00e-20 1.00e-20 1.00e-20 1.00e-20 1.00e-20 1.00e-20 
2.06e+13   18      0 1.00e-20 5.87e-14 7.70e-08 6.31e-04 9.99e-01 2.69e-11 1.00e-20 1.00e-20 1.00e-20 1.00e-20 1.00e-20 1.00e-20 1.00e-20 1.00e-20 1.00e-20 
2.41e+13   19      0 1.00e-20 5.87e-14 7.61e-08 6.06e-04 9.99e-01 2.73e-11 1.00e-20 1.00e-20 1.00e-20 1.00e-20 1.00e-20 1.00e-20 1.00e-20 1.00e-20 1.00e-20 
2.82e+13   20      0 1.00e-20 5.06e-14 7.01e-08 6.04e-04 9.99e-01 2.69e-11 1.00e-20 1.00e-20 1.00e-20 1.00e-20 1.00e-20 1.00e-20 1.00e-20 1.00e-20 1.00e-20 
3.31e+13   21      0 1.00e-20 4.33e-14 6.49e-08 6.20e-04 9.99e-01 2.57e-11 1.00e-20 1.00e-20 1.00e-20 1.00e-20 1.00e-20 1.00e-20 1.00e-20 1.00e-20 1.00e-20 
3.87e+13   22      0 1.00e-20 3.88e-14 6.14e-08 6.31e-04 9.99e-01 2.50e-11 1.00e-20 1.00e-20 1.00e-20 1.00e-20 1.00e-20 1.00e-20 1.00e-20 1.00e-20 1.00e-20 
4.54e+13   23      0 1.00e-20 3.50e-14 5.85e-08 6.47e-04 9.99e-01 2.41e-11 1.00e-20 1.00e-20 1.00e-20 1.00e-20 1.00e-20 1.00e-20 1.00e-20 1.00e-20 1.00e-20 
5.31e+13   24      0 1.00e-20 3.20e-14 5.61e-08 6.67e-04 9.99e-01 2.31e-11 1.00e-20 1.00e-20 1.00e-20 1.00e-20 1.00e-20 1.00e-20 1.00e-20 1.00e-20 1.00e-20 
6.22e+13   25      0 1.00e-20 2.97e-14 5.44e-08 6.92e-04 9.99e-01 2.20e-11 1.00e-20 1.00e-20 1.00e-20 1.00e-20 1.00e-20 1.00e-20 1.00e-20 1.00e-20 1.00e-20 
7.29e+13   26      0 1.00e-20 2.82e-14 5.35e-08 7.21e-04 9.99e-01 2.10e-11 1.00e-20 1.00e-20 1.00e-20 1.00e-20 1.00e-20 1.00e-20 1.00e-20 1.00e-20 1.00e-20 
8.54e+13   27      0 1.00e-20 2.76e-14 5.38e-08 7.55e-04 9.99e-01 1.98e-11 1.00e-20 1.00e-20 1.00e-20 1.00e-20 1.00e-20 1.00e-20 1.00e-20 1.00e-20 1.00e-20 
1.00e+14   28     -1 0.00e+00 0.00e+00 0.00e+00 0.00e+00 0.00e+00 0.00e+00 0.00e+00 0.00e+00 0.00e+00 0.00e+00 0.00e+00 0.00e+00 0.00e+00 0.00e+00 0.00e+00 
1.17e+14   29     -1 0.00e+00 0.00e+00 0.00e+00 0.00e+00 0.00e+00 0.00e+00 0.00e+00 0.00e+00 0.00e+00 0.00e+00 0.00e+00 0.00e+00 0.00e+00 0.00e+00 0.00e+00 
