-8.0 5.00000e-02	1.0000e+04	1.000e+07	3.545e+05	4.454e-13	6.990e-06	1.000e+00
-7.9 5.00000e-02	1.0000e+04	1.000e+07	3.961e+05	5.575e-13	8.766e-06	1.000e+00
-7.8 5.00000e-02	1.0000e+04	1.000e+07	4.427e+05	6.979e-13	1.099e-05	1.000e+00
-7.7 5.00000e-02	1.0000e+04	1.000e+07	4.947e+05	8.736e-13	1.377e-05	1.000e+00
-7.6 5.00000e-02	1.0000e+04	1.000e+07	5.528e+05	1.093e-12	1.724e-05	1.000e+00
-7.5 5.00000e-02	1.0000e+04	1.000e+07	6.176e+05	1.367e-12	2.157e-05	1.000e+00
-7.4 5.00000e-02	1.0000e+04	1.000e+07	6.897e+05	1.709e-12	2.697e-05	1.000e+00
-7.3 5.00000e-02	1.0000e+04	1.000e+07	7.701e+05	2.135e-12	3.370e-05	1.000e+00
-7.2 5.00000e-02	1.0000e+04	1.000e+07	8.595e+05	2.665e-12	4.206e-05	1.000e+00
-7.1 5.00000e-02	1.0000e+04	1.000e+07	9.589e+05	3.324e-12	5.245e-05	1.000e+00
-7.0 5.00000e-02	1.0000e+04	1.000e+07	1.069e+06	4.140e-12	6.533e-05	1.000e+00
-6.9 5.00000e-02	1.0000e+04	1.000e+07	1.191e+06	5.151e-12	8.125e-05	1.000e+00
-6.8 5.00000e-02	1.0000e+04	1.000e+07	1.327e+06	6.399e-12	1.009e-04	1.000e+00
-6.7 5.00000e-02	1.0000e+04	1.000e+07	1.476e+06	7.937e-12	1.251e-04	1.000e+00
-6.6 5.00000e-02	1.0000e+04	1.000e+07	1.641e+06	9.827e-12	1.549e-04	1.000e+00
-6.5 5.00000e-02	1.0000e+04	1.000e+07	1.823e+06	1.214e-11	1.913e-04	1.000e+00
-6.4 5.00000e-02	1.0000e+04	1.000e+07	2.022e+06	1.497e-11	2.358e-04	1.000e+00
-6.3 5.00000e-02	1.0000e+04	1.000e+07	2.240e+06	1.841e-11	2.899e-04	1.000e+00
-6.2 5.00000e-02	1.0000e+04	1.000e+07	2.478e+06	2.258e-11	3.553e-04	1.000e+00
-6.1 5.00000e-02	1.0000e+04	1.000e+07	2.737e+06	2.760e-11	4.342e-04	1.000e+00
-6.0 5.00000e-02	1.0000e+04	1.000e+07	3.017e+06	3.362e-11	5.287e-04	1.000e+00
-5.9 5.00000e-02	1.0000e+04	1.000e+07	3.320e+06	4.080e-11	6.413e-04	1.000e+00
-5.8 5.00000e-02	1.0000e+04	1.000e+07	3.644e+06	4.929e-11	7.745e-04	1.000e+00
-5.7 5.00000e-02	1.0000e+04	1.000e+07	3.991e+06	5.928e-11	9.310e-04	1.000e+00
-5.6 5.00000e-02	1.0000e+04	1.000e+07	4.358e+06	7.092e-11	1.113e-03	1.000e+00
-5.5 5.00000e-02	1.0000e+04	1.000e+07	4.745e+06	8.436e-11	1.324e-03	1.000e+00
-5.4 5.00000e-02	1.0000e+04	1.000e+07	5.149e+06	9.972e-11	1.564e-03	1.000e+00
-5.3 5.00000e-02	1.0000e+04	1.000e+07	5.567e+06	1.171e-10	1.835e-03	1.000e+00
-5.2 5.00000e-02	1.0000e+04	1.000e+07	5.995e+06	1.365e-10	2.138e-03	1.000e+00
-5.1 5.00000e-02	1.0000e+04	1.000e+07	6.430e+06	1.579e-10	2.473e-03	1.000e+00
-5.0 5.00000e-02	1.0000e+04	1.000e+07	6.866e+06	1.812e-10	2.837e-03	1.000e+00
-4.9 5.00000e-02	1.0000e+04	1.000e+07	7.297e+06	2.062e-10	3.229e-03	1.000e+00
-4.8 5.00000e-02	1.0000e+04	1.000e+07	7.718e+06	2.327e-10	3.644e-03	1.000e+00
-4.7 5.00000e-02	1.0000e+04	1.000e+07	8.122e+06	2.605e-10	4.079e-03	1.000e+00
-4.6 5.00000e-02	1.0000e+04	1.000e+07	8.506e+06	2.891e-10	4.531e-03	1.000e+00
-4.5 5.00000e-02	1.0000e+04	1.000e+07	8.865e+06	3.185e-10	4.996e-03	1.000e+00
-4.4 5.00000e-02	1.0000e+04	1.000e+07	9.195e+06	3.485e-10	5.473e-03	1.000e+00
-4.3 5.00000e-02	1.0000e+04	1.000e+07	9.496e+06	3.791e-10	5.962e-03	1.000e+00
-4.2 5.00000e-02	1.0000e+04	1.000e+07	9.766e+06	4.103e-10	6.467e-03	1.000e+00
-4.1 5.00000e-02	1.0000e+04	1.000e+07	1.001e+07	4.425e-10	6.993e-03	1.000e+00
-4.0 5.00000e-02	1.0000e+04	1.000e+07	1.022e+07	4.760e-10	7.546e-03	1.000e+00
-3.9 5.00000e-02	1.0000e+04	1.000e+07	1.040e+07	5.111e-10	8.124e-03	1.000e+00
-3.8 5.00000e-02	1.0000e+04	1.000e+07	1.057e+07	5.489e-10	8.760e-03	1.000e+00
-3.7 5.00000e-02	1.0000e+04	1.000e+07	1.072e+07	5.896e-10	9.449e-03	1.000e+00
-3.6 5.00000e-02	1.0000e+04	1.000e+07	1.086e+07	6.337e-10	1.020e-02	1.000e+00
-3.5 5.00000e-02	1.0000e+04	1.000e+07	1.098e+07	6.814e-10	1.101e-02	1.000e+00
-3.4 5.00000e-02	1.0000e+04	1.000e+07	1.110e+07	7.330e-10	1.189e-02	1.000e+00
-3.3 5.00000e-02	1.0000e+04	1.000e+07	1.120e+07	7.881e-10	1.283e-02	1.000e+00
-3.2 5.00000e-02	1.0000e+04	1.000e+07	1.130e+07	8.466e-10	1.382e-02	1.000e+00
-3.1 5.00000e-02	1.0000e+04	1.000e+07	1.139e+07	9.080e-10	1.485e-02	1.000e+00
-3.0 5.00000e-02	1.0000e+04	1.000e+07	1.147e+07	9.718e-10	1.591e-02	1.000e+00
-2.9 5.00000e-02	1.0000e+04	1.000e+07	1.155e+07	1.037e-09	1.699e-02	1.000e+00
-2.8 5.00000e-02	1.0000e+04	1.000e+07	1.162e+07	1.104e-09	1.807e-02	1.000e+00
-2.7 5.00000e-02	1.0000e+04	1.000e+07	1.168e+07	1.173e-09	1.915e-02	1.000e+00
-2.6 5.00000e-02	1.0000e+04	1.000e+07	1.173e+07	1.242e-09	2.023e-02	1.000e+00
-2.5 5.00000e-02	1.0000e+04	1.000e+07	1.178e+07	1.313e-09	2.132e-02	1.000e+00
-2.4 5.00000e-02	1.0000e+04	1.000e+07	1.182e+07	1.386e-09	2.241e-02	1.000e+00
-2.3 5.00000e-02	1.0000e+04	1.000e+07	1.186e+07	1.461e-09	2.353e-02	1.000e+00
-2.2 5.00000e-02	1.0000e+04	1.000e+07	1.189e+07	1.540e-09	2.469e-02	1.000e+00
-2.1 5.00000e-02	1.0000e+04	1.000e+07	1.191e+07	1.622e-09	2.589e-02	1.000e+00
-2.0 5.00000e-02	1.0000e+04	1.000e+07	1.193e+07	1.708e-09	2.715e-02	1.000e+00
-1.9 5.00000e-02	1.0000e+04	1.000e+07	1.195e+07	1.798e-09	2.849e-02	1.000e+00
-1.8 5.00000e-02	1.0000e+04	1.000e+07	1.197e+07	1.891e-09	2.989e-02	1.000e+00
-1.7 5.00000e-02	1.0000e+04	1.000e+07	1.198e+07	1.988e-09	3.138e-02	1.000e+00
-1.6 5.00000e-02	1.0000e+04	1.000e+07	1.199e+07	2.089e-09	3.294e-02	1.000e+00
-1.5 5.00000e-02	1.0000e+04	1.000e+07	1.200e+07	2.195e-09	3.459e-02	1.000e+00
-1.4 5.00000e-02	1.0000e+04	1.000e+07	1.201e+07	2.309e-09	3.636e-02	1.000e+00
-1.3 5.00000e-02	1.0000e+04	1.000e+07	1.202e+07	2.434e-09	3.828e-02	1.000e+00
-1.2 5.00000e-02	1.0000e+04	1.000e+07	1.202e+07	2.575e-09	4.038e-02	1.000e+00
-1.1 5.00000e-02	1.0000e+04	1.000e+07	1.203e+07	2.734e-09	4.272e-02	1.000e+00
-1.0 5.00000e-02	1.0000e+04	1.000e+07	1.203e+07	2.916e-09	4.532e-02	1.000e+00
-0.9 5.00000e-02	1.0000e+04	1.000e+07	1.202e+07	3.119e-09	4.814e-02	1.000e+00
-0.8 5.00000e-02	1.0000e+04	1.000e+07	1.203e+07	3.353e-09	5.138e-02	1.000e+00
-0.7 5.00000e-02	1.0000e+04	1.000e+07	1.203e+07	3.615e-09	5.499e-02	1.000e+00
-0.6 5.00000e-02	1.0000e+04	1.000e+07	1.203e+07	3.911e-09	5.903e-02	1.000e+00
-0.5 5.00000e-02	1.0000e+04	1.000e+07	1.204e+07	4.249e-09	6.362e-02	1.000e+00
-0.4 5.00000e-02	1.0000e+04	1.000e+07	1.204e+07	4.638e-09	6.888e-02	1.000e+00
-0.3 5.00000e-02	1.0000e+04	1.000e+07	1.204e+07	5.090e-09	7.498e-02	1.000e+00
-0.2 5.00000e-02	1.0000e+04	1.000e+07	1.204e+07	5.613e-09	8.201e-02	1.000e+00
-0.1 5.00000e-02	1.0000e+04	1.000e+07	1.204e+07	6.221e-09	9.022e-02	1.000e+00
0.0 5.00000e-02	1.0000e+04	1.000e+07	1.205e+07	6.917e-09	9.959e-02	1.000e+00
0.1 5.00000e-02	1.0000e+04	1.000e+07	1.205e+07	7.687e-09	1.100e-01	1.000e+00
0.2 5.00000e-02	1.0000e+04	1.000e+07	1.205e+07	8.454e-09	1.205e-01	1.000e+00
0.3 5.00000e-02	1.0000e+04	1.000e+07	1.205e+07	8.973e-09	1.286e-01	1.000e+00
0.4 5.00000e-02	1.0000e+04	1.000e+07	1.205e+07	8.852e-09	1.308e-01	1.000e+00
0.5 5.00000e-02	1.0000e+04	1.000e+07	1.206e+07	8.213e-09	1.285e-01	1.000e+00
0.6 5.00000e-02	1.0000e+04	1.000e+07	1.206e+07	7.742e-09	1.284e-01	1.000e+00
0.7 5.00000e-02	1.0000e+04	1.000e+07	1.206e+07	7.669e-09	1.326e-01	1.000e+00
0.8 5.00000e-02	1.0000e+04	1.000e+07	1.206e+07	7.858e-09	1.399e-01	1.000e+00
0.9 5.00000e-02	1.0000e+04	1.000e+07	1.206e+07	8.189e-09	1.491e-01	1.000e+00
1.0 5.00000e-02	1.0000e+04	1.000e+07	1.206e+07	8.602e-09	1.598e-01	1.000e+00
1.1 5.00000e-02	1.0000e+04	1.000e+07	1.206e+07	9.081e-09	1.722e-01	1.000e+00
1.2 5.00000e-02	1.0000e+04	1.000e+07	1.207e+07	9.627e-09	1.866e-01	1.000e+00
1.3 5.00000e-02	1.0000e+04	1.000e+07	1.207e+07	1.025e-08	2.035e-01	1.000e+00
1.4 5.00000e-02	1.0000e+04	1.000e+07	1.207e+07	1.097e-08	2.235e-01	1.000e+00
1.5 5.00000e-02	1.0000e+04	1.000e+07	1.207e+07	1.182e-08	2.475e-01	1.000e+00
1.6 5.00000e-02	1.0000e+04	1.000e+07	1.207e+07	1.282e-08	2.763e-01	1.000e+00
1.7 5.00000e-02	1.0000e+04	1.000e+07	1.207e+07	1.398e-08	3.106e-01	1.000e+00
1.8 5.00000e-02	1.0000e+04	1.000e+07	1.207e+07	1.534e-08	3.509e-01	1.000e+00
1.9 5.00000e-02	1.0000e+04	1.000e+07	1.207e+07	1.687e-08	3.973e-01	1.000e+00
2.0 5.00000e-02	1.0000e+04	1.000e+07	1.207e+07	1.850e-08	4.491e-01	1.000e+00
2.1 5.00000e-02	1.0000e+04	1.000e+07	1.207e+07	2.007e-08	5.043e-01	1.000e+00
2.2 5.00000e-02	1.0000e+04	1.000e+07	1.207e+07	2.130e-08	5.594e-01	1.000e+00
2.3 5.00000e-02	1.0000e+04	1.000e+07	1.207e+07	2.194e-08	6.128e-01	1.000e+00
2.4 5.00000e-02	1.0000e+04	1.000e+07	1.207e+07	2.204e-08	6.682e-01	1.000e+00
2.5 5.00000e-02	1.0000e+04	1.000e+07	1.207e+07	2.200e-08	7.342e-01	1.000e+00
2.6 5.00000e-02	1.0000e+04	1.000e+07	1.207e+07	2.219e-08	8.198e-01	1.000e+00
2.7 5.00000e-02	1.0000e+04	1.000e+07	1.207e+07	2.285e-08	9.315e-01	1.000e+00
2.8 5.00000e-02	1.0000e+04	1.000e+07	1.207e+07	2.402e-08	1.075e+00	1.000e+00
2.9 5.00000e-02	1.0000e+04	1.000e+07	1.207e+07	2.575e-08	1.256e+00	1.000e+00
3.0 5.00000e-02	1.0000e+04	1.000e+07	1.207e+07	2.806e-08	1.484e+00	1.000e+00
3.1 5.00000e-02	1.0000e+04	1.000e+07	1.207e+07	3.102e-08	1.771e+00	1.000e+00
3.2 5.00000e-02	1.0000e+04	1.000e+07	1.207e+07	3.474e-08	2.130e+00	1.000e+00
3.3 5.00000e-02	1.0000e+04	1.000e+07	1.207e+07	3.937e-08	2.582e+00	1.000e+00
3.4 5.00000e-02	1.0000e+04	1.000e+07	1.207e+07	4.509e-08	3.150e+00	1.000e+00
3.5 5.00000e-02	1.0000e+04	1.000e+07	1.207e+07	5.216e-08	3.865e+00	1.000e+00
3.6 5.00000e-02	1.0000e+04	1.000e+07	1.207e+07	6.090e-08	4.765e+00	1.000e+00
3.7 5.00000e-02	1.0000e+04	1.000e+07	1.207e+07	7.175e-08	5.898e+00	1.000e+00
3.8 5.00000e-02	1.0000e+04	1.000e+07	1.207e+07	8.525e-08	7.323e+00	1.000e+00
3.9 5.00000e-02	1.0000e+04	1.000e+07	1.207e+07	1.021e-07	9.117e+00	1.000e+00
4.0 5.00000e-02	1.0000e+04	1.000e+07	1.207e+07	1.232e-07	1.137e+01	1.000e+00
4.1 5.00000e-02	1.0000e+04	1.000e+07	1.207e+07	1.496e-07	1.422e+01	1.000e+00
4.2 5.00000e-02	1.0000e+04	1.000e+07	1.207e+07	1.827e-07	1.779e+01	1.000e+00
4.3 5.00000e-02	1.0000e+04	1.000e+07	1.207e+07	2.244e-07	2.229e+01	1.000e+00
4.4 5.00000e-02	1.0000e+04	1.000e+07	1.207e+07	2.768e-07	2.796e+01	1.000e+00
4.5 5.00000e-02	1.0000e+04	1.000e+07	1.207e+07	3.427e-07	3.509e+01	1.000e+00
4.6 5.00000e-02	1.0000e+04	1.000e+07	1.207e+07	4.256e-07	4.407e+01	1.000e+00
4.7 5.00000e-02	1.0000e+04	1.000e+07	1.207e+07	5.300e-07	5.537e+01	1.000e+00
4.8 5.00000e-02	1.0000e+04	1.000e+07	1.207e+07	6.614e-07	6.959e+01	1.000e+00
4.9 5.00000e-02	1.0000e+04	1.000e+07	1.207e+07	8.268e-07	8.750e+01	1.000e+00
5.0 5.00000e-02	1.0000e+04	1.000e+07	1.207e+07	1.035e-06	1.100e+02	1.000e+00
5.1 5.00000e-02	1.0000e+04	1.000e+07	1.207e+07	1.297e-06	1.384e+02	1.000e+00
5.2 5.00000e-02	1.0000e+04	1.000e+07	1.207e+07	1.628e-06	1.742e+02	1.000e+00
5.3 5.00000e-02	1.0000e+04	1.000e+07	1.207e+07	2.044e-06	2.191e+02	1.000e+00
5.4 5.00000e-02	1.0000e+04	1.000e+07	1.207e+07	2.568e-06	2.758e+02	1.000e+00
5.5 5.00000e-02	1.0000e+04	1.000e+07	1.207e+07	3.228e-06	3.471e+02	1.000e+00
5.6 5.00000e-02	1.0000e+04	1.000e+07	1.207e+07	4.061e-06	4.368e+02	1.000e+00
5.7 5.00000e-02	1.0000e+04	1.000e+07	1.207e+07	5.111e-06	5.498e+02	1.000e+00
5.8 5.00000e-02	1.0000e+04	1.000e+07	1.207e+07	6.435e-06	6.921e+02	1.000e+00
5.9 5.00000e-02	1.0000e+04	1.000e+07	1.207e+07	8.105e-06	8.711e+02	1.000e+00
6.0 5.00000e-02	1.0000e+04	1.000e+07	1.207e+07	1.021e-05	1.097e+03	1.000e+00
6.1 5.00000e-02	1.0000e+04	1.000e+07	1.207e+07	1.288e-05	1.380e+03	1.000e+00
6.2 5.00000e-02	1.0000e+04	1.000e+07	1.207e+07	1.625e-05	1.738e+03	1.000e+00
6.3 5.00000e-02	1.0000e+04	1.000e+07	1.207e+07	2.052e-05	2.188e+03	1.000e+00
6.4 5.00000e-02	1.0000e+04	1.000e+07	1.207e+07	2.594e-05	2.754e+03	1.000e+00
6.5 5.00000e-02	1.0000e+04	1.000e+07	1.207e+07	3.281e-05	3.467e+03	1.000e+00
6.6 5.00000e-02	1.0000e+04	1.000e+07	1.207e+07	4.157e-05	4.364e+03	1.000e+00
6.7 5.00000e-02	1.0000e+04	1.000e+07	1.207e+07	5.276e-05	5.494e+03	1.000e+00
6.8 5.00000e-02	1.0000e+04	1.000e+07	1.207e+07	6.709e-05	6.917e+03	1.000e+00
6.9 5.00000e-02	1.0000e+04	1.000e+07	1.207e+07	8.552e-05	8.707e+03	1.000e+00
7.0 5.00000e-02	1.0000e+04	1.000e+07	1.207e+07	1.094e-04	1.096e+04	1.000e+00
