 Output format date:         27-JAN-1992         
 Completion of Model:        29-May-2002 02:49:09
 ND:                            52
 ALUM/He abundance:           7.56205E-07
    7.8647974E+00   7.9584764E+00   1.0111315E+01   1.3772658E+01   1.9610206E+01   2.8786148E+01   4.3113430E+01   6.5345875E+01
    9.9824687E+01   1.5308249E+02   2.3546853E+02   3.6250995E+02   5.5881637E+02   8.6175729E+02   1.3290632E+03   2.0501760E+03
    3.1632645E+03   4.8811819E+03   7.5297278E+03   1.1623778E+04   1.7929569E+04   2.7695580E+04   4.2765711E+04   6.6032946E+04
    1.0199233E+05   1.5909327E+05   2.5903323E+05   4.2363070E+05   6.9800496E+05   1.1231854E+06   1.7538512E+06   2.6679130E+06
    3.9561068E+06   5.7662414E+06   8.3244779E+06   1.1941543E+07   1.7015471E+07   2.4142752E+07   3.4204499E+07   4.8460055E+07
    6.8539573E+07   9.6747704E+07   1.3635408E+08   1.9187898E+08   2.6945526E+08   3.7729881E+08   5.2587770E+08   7.2702948E+08
    9.9214438E+08   1.3256557E+09   1.6824376E+09   1.6995819E+09
