 Output format date:         27-JAN-1992         
 Completion of Model:        29-May-2002 02:49:09
 ND:                            52
 MAG/He abundance:            9.59199E-06
    9.9759967E+01   1.0094823E+02   1.2825562E+02   1.7469743E+02   2.4874302E+02   3.6513403E+02   5.4686652E+02   8.2887098E+02
    1.2662128E+03   1.9417543E+03   2.9867689E+03   4.5982088E+03   7.0882312E+03   1.0930845E+04   1.6858324E+04   2.6005182E+04
    4.0124004E+04   6.1914697E+04   9.5509821E+04   1.4744025E+05   2.2742522E+05   3.5130087E+05   5.4245592E+05   8.3758604E+05
    1.2937081E+06   2.0179972E+06   3.2856722E+06   5.3734868E+06   8.8537502E+06   1.4246895E+07   2.2246490E+07   3.3840784E+07
    5.0180705E+07   7.3141115E+07   1.0559072E+08   1.5147090E+08   2.1583046E+08   3.0623550E+08   4.3386237E+08   6.1468506E+08
    8.6938102E+08   1.2271833E+09   1.7295650E+09   2.4338631E+09   3.4178691E+09   4.7857961E+09   6.6704251E+09   9.2219079E+09
    1.2584722E+10   1.6815102E+10   2.1340654E+10   2.1558119E+10
