 Output format date:         27-JAN-1992         
 Completion of Model:        29-May-2002 02:49:09
 ND:                            52
 POT/He abundance:            3.33646E-08
    3.4700306E-01   3.5113627E-01   4.4612177E-01   6.0766403E-01   8.6522271E-01   1.2700748E+00   1.9022095E+00   2.8831281E+00
    4.4043692E+00   6.7541590E+00   1.0389117E+01   1.5994317E+01   2.4655561E+01   3.8021629E+01   5.8639653E+01   9.0455900E+01
    1.3956653E+02   2.1536283E+02   3.3221943E+02   5.1285320E+02   7.9107129E+02   1.2219579E+03   1.8868677E+03   2.9134424E+03
    4.5000080E+03   7.0193608E+03   1.1428816E+04   1.8691028E+04   3.0796706E+04   4.9556112E+04   7.7381743E+04   1.1771110E+05
    1.7454755E+05   2.5441258E+05   3.6728464E+05   5.2687333E+05   7.5074031E+05   1.0652034E+06   1.5091381E+06   2.1381081E+06
    3.0240374E+06   4.2686095E+06   6.0160839E+06   8.4659004E+06   1.1888647E+07   1.6646817E+07   2.3202272E+07   3.2077298E+07
    4.3774444E+07   5.8489312E+07   7.4230900E+07   7.4987326E+07
