 Output format date:         27-JAN-1992         
 Completion of Model:        29-May-2002 02:49:09
 ND:                            52
 SOD/He abundance:            5.42059E-07
    5.6375981E+00   5.7047486E+00   7.2479340E+00   9.8724364E+00   1.4056873E+01   2.0634319E+01   3.0904317E+01   4.6840848E+01
    7.1555749E+01   1.0973170E+02   1.6878717E+02   2.5985227E+02   4.0056749E+02   6.1771982E+02   9.5269131E+02   1.4695952E+03
    2.2674728E+03   3.4989003E+03   5.3974155E+03   8.3320886E+03   1.2852169E+04   1.9852584E+04   3.0655067E+04   4.7333351E+04
    7.3109549E+04   1.1404031E+05   1.8567868E+05   3.0366448E+05   5.0033984E+05   8.0511522E+05   1.2571854E+06   1.9123978E+06
    2.8357934E+06   4.1333235E+06   5.9671036E+06   8.5598673E+06   1.2196931E+07   1.7305867E+07   2.4518269E+07   3.4736853E+07
    4.9130137E+07   6.9350124E+07   9.7740532E+07   1.3754157E+08   1.9314935E+08   2.7045313E+08   3.7695658E+08   5.2114503E+08
    7.1118314E+08   9.5024880E+08   1.2059951E+09   1.2182844E+09
