 Output format date:         27-JAN-1992         
 Completion of Model:        29-May-2002 02:49:09
 ND:                            52
 SIL/He abundance:            9.13076E-06
    9.4963100E+01   9.6094222E+01   1.2208857E+02   1.6629727E+02   2.3678244E+02   3.4757690E+02   5.2057094E+02   7.8901548E+02
    1.2053282E+03   1.8483868E+03   2.8431529E+03   4.3771081E+03   6.7474001E+03   1.0405245E+04   1.6047707E+04   2.4754747E+04
    3.8194678E+04   5.8937585E+04   9.0917319E+04   1.4035072E+05   2.1648968E+05   3.3440889E+05   5.1637242E+05   7.9731149E+05
    1.2315013E+06   1.9209637E+06   3.1276837E+06   5.1151076E+06   8.4280257E+06   1.3561846E+07   2.1176788E+07   3.2213581E+07
    4.7767812E+07   6.9624192E+07   1.0051349E+08   1.4418756E+08   2.0545245E+08   2.9151045E+08   4.1300050E+08   5.8512849E+08
    8.2757763E+08   1.1681753E+09   1.6464004E+09   2.3168330E+09   3.2535240E+09   4.5556755E+09   6.3496838E+09   8.7784809E+09
    1.1979597E+10   1.6006563E+10   2.0314508E+10   2.0521516E+10
 Number of SkIII levels:        34
 SkIII Oscillator date:      12-NOV-1996
    1.6141818E-06   1.3013614E-07   3.8576361E-07   6.2746610E-07   1.5585051E-11   9.1852574E-13   5.0630039E-13   1.5001419E-12
    2.4407871E-12   2.2293375E-12   1.5920727E-12   9.5502940E-13   7.8818385E-13   2.9159195E-16   8.6269474E-15   2.7964419E-16
    1.3964443E-14   4.1764502E-14   6.9135126E-14   8.0914011E-14   2.6717899E-13   3.7047005E-13   4.7025677E-13   1.1607117E-14
    1.9344205E-14   2.7078862E-14   4.8163124E-16   2.7008380E-16   7.6100113E-17   4.4907841E-14   1.5843342E-16   3.6025591E-16
    5.0304884E-16   6.4435139E-16   1.6330931E-06   1.3164502E-07   3.9023742E-07   6.3474639E-07   1.5952376E-11   9.3981771E-13
    5.1814667E-13   1.5352459E-12   2.4979158E-12   2.2814992E-12   1.6293239E-12   9.7737510E-13   8.0679377E-13   2.9866679E-16
    8.8269544E-15   2.8719499E-16   1.4293878E-14   4.2749795E-14   7.0766242E-14   8.2787483E-14   2.7352547E-13   3.7927086E-13
    4.8142944E-13   1.1881508E-14   1.9801499E-14   2.7719003E-14   4.9322027E-16   2.7655000E-16   7.7965965E-17   4.5964576E-14
    1.6222347E-16   3.6892945E-16   5.1516056E-16   6.5986574E-16   2.0794442E-06   1.6731887E-07   4.9600888E-07   8.0686625E-07
    2.5696173E-11   1.5012378E-12   8.3225382E-13   2.4660498E-12   4.0127487E-12   3.6644926E-12   2.6169852E-12   1.5698404E-12
    1.2946493E-12   4.8872112E-16   1.4102947E-14   4.9776028E-16   2.3040904E-14   6.8911014E-14   1.1407544E-13   1.3218143E-13
    4.4065064E-13   6.1102954E-13   7.7565181E-13   1.9164359E-14   3.1938970E-14   4.4709585E-14   8.0012377E-16   4.4747563E-16
    1.2759159E-16   7.4025082E-14   2.6237504E-16   5.9875023E-16   8.3608288E-16   1.0709485E-15   2.8452197E-06   2.2834285E-07
    6.7695091E-07   1.1013380E-06   4.7582055E-11   2.7458203E-12   1.5348789E-12   4.5482713E-12   7.4017979E-12   6.7576203E-12
    4.8259367E-12   2.8949184E-12   2.3838571E-12   9.3028849E-16   2.5806156E-14   1.0322371E-15   4.2717845E-14   1.2776296E-13
    2.1150606E-13   2.4159254E-13   8.1581512E-13   1.1313053E-12   1.4361885E-12   3.5556273E-14   5.9257448E-14   8.2951244E-14
    1.4986693E-15   8.3469658E-16   2.4193633E-16   1.3707442E-13   4.8909096E-16   1.1224314E-15   1.5673606E-15   2.0076875E-15
    4.0816242E-06   3.2646224E-07   9.6790194E-07   1.5749005E-06   9.6338072E-11   5.4687627E-12   3.0914469E-12   9.1614408E-12
    1.4911188E-11   1.3607794E-11   9.7179804E-12   5.8294994E-12   4.7899486E-12   1.9691813E-15   5.1439475E-14   2.4451354E-15
    8.6653596E-14   2.5917290E-13   4.2906564E-13   4.8067901E-13   1.6504890E-12   2.2888837E-12   2.9059357E-12   7.2169949E-14
    1.2027718E-13   1.6836952E-13   3.0871902E-15   1.7088862E-15   5.0629021E-16   2.7765288E-13   1.0003882E-15   2.3155449E-15
    3.2334678E-15   4.1419488E-15   6.0600850E-06   4.8260164E-07   1.4309314E-06   2.3286540E-06   2.0753460E-10   1.1535774E-11
    6.6164167E-12   1.9609101E-11   3.1920503E-11   2.9111529E-11   2.0789968E-11   1.2471241E-11   1.0218015E-11   4.5424434E-15
    1.0866517E-13   6.4594112E-15   1.8717501E-13   5.5983366E-13   9.2685362E-13   1.0124694E-12   3.5490111E-12   4.9220258E-12
    6.2494241E-12   1.5592270E-13   2.5985814E-13   3.6376159E-13   6.8216790E-15   3.7420554E-15   1.1408573E-15   5.9879603E-13
    2.1880101E-15   5.1287498E-15   7.1619903E-15   9.1744458E-15   9.2274057E-06   7.3064932E-07   2.1665749E-06   3.5263911E-06
    4.6619784E-10   2.5248855E-11   1.4742589E-11   4.3696295E-11   7.1142059E-11   6.4816882E-11   4.6288971E-11   2.7767322E-11
    2.2667400E-11   1.1279838E-14   2.3844396E-13   1.8630438E-14   4.2192704E-13   1.2619944E-12   2.0894371E-12   2.2115089E-12
    7.9427442E-12   1.1016281E-11   1.3988406E-11   3.5125106E-13   5.8538928E-13   8.1945595E-13   1.5894024E-14   8.6049367E-15
    2.7215891E-15   1.3477951E-12   5.0245535E-15   1.1992656E-14   1.6747313E-14   2.1453696E-14   1.4313832E-05   1.1251390E-06
    3.3366353E-06   5.4317844E-06   1.0751756E-09   5.6464666E-11   3.3668481E-11   9.9800721E-11   1.6251430E-10   1.4783525E-10
    1.0557668E-10   6.3332289E-11   5.1489855E-11   2.9887001E-14   5.3551356E-13   5.7399548E-14   9.7731347E-13   2.9232347E-12
    4.8401308E-12   4.9314768E-12   1.8196543E-11   2.5239672E-11   3.2052170E-11   8.1184377E-13   1.3530061E-12   1.8940042E-12
    3.8587217E-14   2.0504374E-14   6.7895584E-15   3.1185620E-12   1.1957117E-14   2.9263871E-14   4.0866716E-14   5.2352645E-14
    2.2577879E-05   1.7580092E-06   5.2139260E-06   8.4895058E-06   2.5280477E-09   1.2824032E-10   7.8236531E-11   2.3193296E-10
    3.7774881E-10   3.4280178E-10   2.4481258E-10   1.4685600E-10   1.1888524E-10   8.4246188E-14   1.2247648E-12   1.8605510E-13
    2.3092870E-12   6.9074588E-12   1.1437606E-11   1.1155172E-11   4.2312044E-11   5.8693754E-11   7.4543481E-11   1.9095447E-12
    3.1824185E-12   4.4549094E-12   9.7365410E-14   5.0416258E-14   1.7649785E-14   7.3668724E-12   2.9372709E-14   7.4328310E-14
    1.0380091E-13   1.3297897E-13   3.6150089E-05   2.7815774E-06   8.2504851E-06   1.3436552E-05   6.0187148E-09   2.9460847E-10
    1.8372368E-10   5.4470874E-10   8.8734946E-10   8.0234055E-10   5.7299410E-10   3.4372328E-10   2.7708342E-10   2.5051144E-13
    2.8451596E-12   6.2361294E-13   5.5257172E-12   1.6528769E-11   2.7370500E-11   2.5484459E-11   9.8984210E-11   1.3731869E-10
    1.7441956E-10   4.5327518E-12   7.5542193E-12   1.0574786E-11   2.5473352E-13   1.2742991E-13   4.7622732E-14   1.7643789E-11
    7.4224384E-14   1.9591360E-13   2.7360320E-13   3.5052337E-13   5.8833477E-05   4.4606826E-06   1.3232405E-05   2.1554955E-05
    1.4496530E-08   6.8786779E-10   4.3553834E-10   1.2914471E-09   2.1042906E-09   1.8928144E-09   1.3517620E-09   8.1088631E-10
    6.5110693E-10   7.8049347E-13   6.7580006E-12   2.1419671E-12   1.3361075E-11   3.9967402E-11   6.6187516E-11   5.9055466E-11
    2.3213376E-10   3.2206352E-10   4.0912840E-10   1.0825165E-11   1.8041073E-11   2.5254852E-11   6.9364748E-13   3.3210455E-13
    1.3378764E-13   4.2752169E-11   1.9353190E-13   5.3690363E-13   7.4983136E-13   9.6067134E-13   9.7122665E-05   7.2344567E-06
    2.1463398E-05   3.4971882E-05   3.5129273E-08   1.6385473E-09   1.0365255E-09   3.0738838E-09   5.0098807E-09   4.4759305E-09
    3.1965128E-09   1.9175080E-09   1.5333622E-09   2.5056596E-12   1.6507570E-11   7.4353239E-12   3.2404220E-11   9.6934921E-11
    1.6053945E-10   1.3931610E-10   5.4108377E-10   7.5077883E-10   9.5386978E-10   2.5814131E-11   4.3021506E-11   6.0223859E-11
    1.9625723E-12   8.9195508E-13   3.9112632E-13   1.0391673E-10   5.1992696E-13   1.5215891E-12   2.1250866E-12   2.7227337E-12
    1.6226869E-04   1.1837308E-05   3.5124385E-05   5.7247679E-05   8.5377528E-08   4.0152459E-09   2.4671801E-09   7.3176884E-09
    1.1930013E-08   1.0579803E-08   7.5556478E-09   4.5324565E-09   3.6035859E-09   8.1649554E-12   4.1874189E-11   2.5873372E-11
    7.8374153E-11   2.3445949E-10   3.8833389E-10   3.3744547E-10   1.2454749E-09   1.7283564E-09   2.1962309E-09   6.1212464E-11
    1.0201599E-10   1.4280775E-10   5.7759364E-12   2.4795019E-12   1.1956320E-12   2.5113986E-10   1.4426579E-12   4.4376062E-12
    6.1978595E-12   7.9412725E-12   2.7274930E-04   1.9422032E-05   5.7639987E-05   9.3977196E-05   2.0647243E-07   1.0134924E-08
    5.8222966E-09   1.7272040E-08   2.8168147E-08   2.4846959E-08   1.7744697E-08   1.0644662E-08   8.3746074E-09   2.6467975E-11
    1.1046276E-10   8.9123051E-11   1.8721376E-10   5.6008201E-10   9.2774981E-10   8.4096131E-10   2.8008655E-09   3.8873135E-09
    4.9405221E-09   1.4360777E-10   2.3933523E-10   3.3503554E-10   1.7598159E-11   7.1384089E-12   3.8169249E-12   5.9393523E-10
    4.1272306E-12   1.3157783E-11   1.8377721E-11   2.3548490E-11   4.5870543E-04   3.1792428E-05   9.4371239E-05   1.5392702E-04
    4.9365339E-07   2.6185965E-08   1.3533690E-08   4.0156477E-08   6.5515594E-08   5.7829626E-08   4.1299723E-08   2.4774909E-08
    1.9101487E-08   8.4238543E-11   3.0077300E-10   3.0105086E-10   4.3940166E-10   1.3146128E-09   2.1778426E-09   2.1445750E-09
    6.1066375E-09   8.4767460E-09   1.0775695E-08   3.3381497E-10   5.5633305E-10   7.7878920E-10   5.5193663E-11   2.1291542E-11
    1.2636329E-11   1.3559617E-09   1.2140719E-11   3.9240625E-11   5.4810488E-11   7.0236415E-11   7.7010170E-04   5.1832221E-05
    1.5389366E-04   2.5113634E-04   1.1645538E-06   6.8412063E-08   3.0952037E-08   9.1862363E-08   1.4994698E-07   1.3347524E-07
    9.5323323E-08   5.7182887E-08   4.2587682E-08   2.6398733E-10   8.3291530E-10   9.9437030E-10   1.0152314E-09   3.0375836E-09
    5.0328799E-09   5.5280779E-09   1.2886310E-08   1.7891220E-08   2.2749320E-08   7.7299060E-10   1.2882606E-09   1.8033904E-09
    1.7725760E-10   6.5747835E-11   4.2742097E-11   2.9741504E-09   3.6377446E-11   1.1694954E-10   1.6336126E-10   2.0935373E-10
    1.2937762E-03   8.4407107E-05   2.5068497E-04   4.0933456E-04   2.7213488E-06   1.7860823E-07   6.9897570E-08   2.0751225E-07
    3.3892373E-07   3.0528455E-07   2.1802455E-07   1.3079005E-07   9.3278648E-08   8.3508630E-10   2.3095682E-09   3.2253956E-09
    2.3346828E-09   6.9859280E-09   1.1576718E-08   1.4222075E-08   2.6459704E-08   3.6745109E-08   4.6737488E-08   1.7941170E-09
    2.9900662E-09   4.1856994E-09   5.8075908E-10   2.1009351E-10   1.4519162E-10   6.3440515E-09   1.0922824E-10   3.4712142E-10
    4.8490855E-10   6.2148659E-10   2.1827210E-03   1.3793284E-04   4.0979658E-04   6.6961710E-04   6.3156626E-06   4.5911572E-07
    1.5587500E-07   4.6292999E-07   7.5662013E-07   6.8890476E-07   4.9199674E-07   2.9514428E-07   2.0397439E-07   2.7167222E-09
    6.3111828E-09   1.0273237E-08   5.4417266E-09   1.6284405E-08   2.6991025E-08   3.5902771E-08   5.3334727E-08   7.4087727E-08
    9.4270125E-08   4.1914401E-09   6.9854432E-09   9.7787336E-09   1.9014732E-09   6.8638926E-10   4.8621995E-10   1.3612410E-08
    3.2431245E-10   1.0204291E-09   1.4255884E-09   1.8273157E-09   3.6840298E-03   2.2563208E-04   6.7060301E-04   1.0966234E-03
    1.4393161E-05   1.1409101E-06   3.4197708E-07   1.0160291E-06   1.6618754E-06   1.5226259E-06   1.0874240E-06   6.5234019E-07
    4.4814684E-07   8.6545480E-09   1.6766297E-08   3.1513383E-08   1.2914901E-08   3.8651687E-08   6.4078044E-08   8.7169819E-08
    1.0580661E-07   1.4702148E-07   1.8714753E-07   9.7452888E-09   1.6241499E-08   2.2736117E-08   5.9341603E-09   2.2055819E-09
    1.5742166E-09   3.0327708E-08   9.3554010E-10   2.9292206E-09   4.0925974E-09   5.2465032E-09   6.1979542E-03   3.6874353E-04
    1.0963694E-03   1.7942811E-03   3.1942303E-05   2.7144061E-06   7.4649410E-07   2.2187571E-06   3.6319473E-06   3.2712246E-06
    2.3362474E-06   1.4015132E-06   9.7855797E-07   2.5459354E-08   4.3052386E-08   9.1982306E-08   3.0480855E-08   9.1232106E-08
    1.5128086E-07   2.0116387E-07   2.0703611E-07   2.8777228E-07   3.6646448E-07   2.2180450E-08   3.6966001E-08   5.1748077E-08
    1.6976861E-08   6.7358156E-09   4.8796120E-09   6.8129736E-08   2.5700408E-09   8.1030652E-09   1.1322250E-08   1.4516313E-08
    1.0460860E-02   6.0604674E-04   1.8026478E-03   2.9525358E-03   6.9418043E-05   6.1241644E-06   1.6221158E-06   4.8232985E-06
    7.9016961E-06   6.8360957E-06   4.8822431E-06   2.9288761E-06   2.0851691E-06   7.1120010E-08   1.0578989E-07   2.5669690E-07
    7.0448819E-08   2.1088156E-07   3.4976223E-07   4.3348305E-07   4.0260473E-07   5.5978363E-07   7.1316084E-07   4.9462185E-08
    8.2433957E-08   1.1539832E-07   4.4535025E-08   1.9353154E-08   1.4260589E-08   1.4943418E-07   6.7209552E-09   2.1610929E-08
    3.0199118E-08   3.8723264E-08   1.8151105E-02   1.0252621E-03   3.0507693E-03   5.0007951E-03   1.5186779E-04   1.3740145E-05
    3.5257387E-06   1.0487902E-05   1.7195152E-05   1.4516360E-05   1.0367446E-05   6.2195154E-06   4.3718088E-06   2.0263443E-07
    2.6225284E-07   7.0714545E-07   1.6556618E-07   4.9565581E-07   8.2226356E-07   9.1543418E-07   8.0024114E-07   1.1130087E-06
    1.4185592E-06   1.1197625E-07   1.8662056E-07   2.6124888E-07   1.1135774E-07   5.5141001E-08   4.0799794E-08   3.3940104E-07
    1.7838681E-08   5.7917755E-08   8.0941153E-08   1.0380072E-07   3.2641672E-02   1.8053761E-03   5.3738670E-03   8.8147753E-03
    3.3889217E-04   3.2403460E-05   7.7444901E-06   2.3045261E-05   3.7808557E-05   3.2357953E-05   2.3109867E-05   1.3863885E-05
    9.1658452E-06   5.7921085E-07   6.9149715E-07   1.9603733E-06   4.0095136E-07   1.2004319E-06   1.9918229E-06   2.0452436E-06
    1.6504174E-06   2.2960843E-06   2.9274645E-06   2.6204343E-07   4.3672442E-07   6.1136950E-07   2.7214247E-07   1.6259944E-07
    1.1977672E-07   8.0413296E-07   5.0166048E-08   1.5999257E-07   2.2360882E-07   2.8679090E-07   6.0176515E-02   3.3015971E-03
    9.8300246E-03   1.6132641E-02   7.6833216E-04   8.0732187E-05   1.7309162E-05   5.1520539E-05   8.4569283E-05   7.4962643E-05
    5.3538120E-05   3.2118311E-05   1.9564361E-05   1.6083987E-06   1.8964633E-06   5.4729635E-06   9.8954399E-07   2.9628493E-06
    4.9168401E-06   4.9410137E-06   3.5226454E-06   4.9017641E-06   6.2513718E-06   6.3347074E-07   1.0557504E-06   1.4779460E-06
    6.7683737E-07   4.9478791E-07   3.6439121E-07   1.9111445E-06   1.4488674E-07   4.5114319E-07   6.3056185E-07   8.0879613E-07
    1.1184298E-01   6.2074556E-03   1.8485625E-02   3.0350663E-02   1.7395265E-03   2.0410770E-04   3.9129042E-05   1.1649225E-04
    1.9129791E-04   1.7515633E-04   1.2509661E-04   7.5047597E-05   4.3048720E-05   4.3436393E-06   5.1344412E-06   1.5063194E-05
    2.4601642E-06   7.3665087E-06   1.2226142E-05   1.2326037E-05   7.6854279E-06   1.0696061E-05   1.3644043E-05   1.5626471E-06
    2.6043298E-06   3.6458110E-06   1.7766545E-06   1.4964431E-06   1.1106997E-06   4.4825765E-06   4.1058656E-07   1.2645524E-06
    1.7675416E-06   2.2673015E-06   2.1300702E-01   1.2183039E-02   3.6287362E-02   5.9600609E-02   3.9793695E-03   5.1928789E-04
    9.1230332E-05   2.7165602E-04   4.4626398E-04   4.1694489E-04   2.9778282E-04   1.7864563E-04   1.0043307E-04   1.1868965E-05
    1.3735063E-05   4.1239263E-05   6.2932753E-06   1.8844939E-05   3.1280057E-05   3.1098516E-05   1.7419584E-05   2.4246958E-05
    3.0935794E-05   3.9925174E-06   6.6539911E-06   9.3149627E-06   5.0402227E-06   4.4914788E-06   3.3722419E-06   1.0691293E-05
    1.1514744E-06   3.5725837E-06   4.9938150E-06   6.4061476E-06   4.5741254E-01   2.7338896E-02   8.1441503E-02   1.3380535E-01
    1.0093273E-02   1.4491186E-03   2.4104180E-04   7.1786039E-04   1.1796231E-03   1.1106758E-03   7.9324871E-04   4.7588645E-04
    2.7185839E-04   3.6286496E-05   3.9897086E-05   1.2340934E-04   1.8202622E-05   5.4509061E-05   9.0485401E-05   8.6034508E-05
    4.4977182E-05   6.2612925E-05   7.9898314E-05   1.1571594E-05   1.9285409E-05   2.6997799E-05   1.6507185E-05   1.4643571E-05
    1.1100656E-05   2.8718770E-05   3.5218997E-06   1.1168687E-05   1.5612279E-05   2.0028629E-05   1.0612790E+00   6.6444226E-02
    1.9795365E-01   3.2529365E-01   2.6795302E-02   4.1413251E-03   6.7194987E-04   2.0013707E-03   3.2893811E-03   3.0928042E-03
    2.2088954E-03   1.3251648E-03   7.8140143E-04   1.1342764E-04   1.1758668E-04   3.7592216E-04   5.4742506E-05   1.6393439E-04
    2.7214696E-04   2.4360378E-04   1.2341277E-04   1.7181662E-04   2.1927199E-04   3.4991545E-05   5.8317509E-05   8.1639224E-05
    5.5001043E-05   4.7689800E-05   3.6289900E-05   8.0938822E-05   1.0888683E-05   3.5460686E-05   4.9570158E-05   6.3594307E-05
    2.5143484E+00   1.6513720E-01   4.9202051E-01   8.0864983E-01   7.1742956E-02   1.1790382E-02   1.8888840E-03   5.6263822E-03
    9.2486913E-03   8.6581224E-03   6.1836795E-03   3.7097301E-03   2.2530456E-03   3.4995798E-04   3.4459536E-04   1.1418644E-03
    1.6457984E-04   4.9286761E-04   8.1824226E-04   6.8651039E-04   3.4440218E-04   4.7950894E-04   6.1199656E-04   1.0639535E-04
    1.7732038E-04   2.4823262E-04   1.7844690E-04   1.5291751E-04   1.1628837E-04   2.2937721E-04   3.3334679E-05   1.1151327E-04
    1.5588585E-04   1.9999295E-04   5.4243343E+00   3.7461988E-01   1.1162628E+00   1.8349308E+00   1.7448079E-01   3.0322210E-02
    4.8075952E-03   1.4321568E-02   2.3545974E-02   2.1958855E-02   1.5683159E-02   9.4086994E-03   5.8293322E-03   9.6394717E-04
    9.1287563E-04   3.1369448E-03   4.4613924E-04   1.3360837E-03   2.2182298E-03   1.7479929E-03   8.8080946E-04   1.2264300E-03
    1.5654348E-03   2.9387909E-04   4.8978427E-04   6.8565458E-04   5.1079191E-04   4.4037300E-04   3.3403560E-04   5.8873044E-04
    9.1970975E-05   3.1559773E-04   4.4118639E-04   5.6603308E-04   1.0309334E+01   7.5261297E-01   2.2428383E+00   3.6876890E+00
    3.7529456E-01   6.8995248E-02   1.0819967E-02   3.2236004E-02   5.3011381E-02   4.9303285E-02   3.5212799E-02   2.1125040E-02
    1.3243763E-02   2.3305696E-03   2.1420406E-03   7.6345409E-03   1.0693985E-03   3.2026970E-03   5.3176228E-03   3.9452536E-03
    2.0201003E-03   2.8130304E-03   3.5910449E-03   7.2363452E-04   1.2060232E-03   1.6883274E-03   1.2759941E-03   1.1220212E-03
    8.4835435E-04   1.3399919E-03   2.2486420E-04   7.9133912E-04   1.1062719E-03   1.4193761E-03   1.7142963E+01   1.3344607E+00
    3.9773870E+00   6.5416625E+00   7.1251308E-01   1.3925532E-01   2.1577694E-02   6.4296693E-02   1.0576668E-01   9.8197919E-02
    7.0133909E-02   4.2075208E-02   2.6527295E-02   4.9737758E-03   4.4641477E-03   1.6511449E-02   2.2790683E-03   6.8257528E-03
    1.1334169E-02   7.9288343E-03   4.1721716E-03   5.8105408E-03   7.4187953E-03   1.5991177E-03   2.6651220E-03   3.7309439E-03
    2.8186172E-03   2.5484553E-03   1.9204707E-03   2.7190662E-03   4.9031840E-04   1.7714174E-03   2.4764778E-03   3.1775377E-03
    2.4647201E+01   2.0642611E+00   6.1536995E+00   1.0124848E+01   1.1802099E+00   2.4748990E-01   3.7848959E-02   1.1280288E-01
    1.8562669E-01   1.7221956E-01   1.2300125E-01   7.3791996E-02   4.6624791E-02   9.3203909E-03   8.2030422E-03   3.1406710E-02
    4.2991613E-03   1.2876488E-02   2.1383650E-02   1.4136096E-02   7.7132567E-03   1.0743756E-02   1.3720127E-02   3.1598358E-03
    5.2662503E-03   7.3723149E-03   5.5009784E-03   5.1444872E-03   3.8650872E-03   4.8991176E-03   9.4987328E-04   3.5281841E-03
    4.9326699E-03   6.3294111E-03   3.0648648E+01   2.7840505E+00   8.3012109E+00   1.3664141E+01   1.7054038E+00   3.8856132E-01
    5.8589537E-02   1.7465561E-01   2.8753396E-01   2.6679343E-01   1.9054770E-01   1.1431551E-01   7.2294723E-02   1.5415123E-02
    1.3348483E-02   5.2566826E-02   7.2174870E-03   2.1618401E-02   3.5905476E-02   2.2530190E-02   1.2836431E-02   1.7882866E-02
    2.2842219E-02   5.6180736E-03   9.3632110E-03   1.3107747E-02   9.5721650E-03   9.2966465E-03   6.9674085E-03   7.8968053E-03
    1.6468633E-03   6.2914686E-03   8.7963598E-03   1.1287905E-02   3.2769272E+01   3.2501450E+00   9.6933373E+00   1.5963588E+01
    2.1368606E+00   5.3663341E-01   7.9741254E-02   2.3776935E-01   3.9163014E-01   3.6361057E-01   2.5969693E-01   1.5580101E-01
    9.8745609E-02   2.2467389E-02   1.9207170E-02   7.7005023E-02   1.0754589E-02   3.2215042E-02   5.3512627E-02   3.2116578E-02
    1.9204038E-02   2.6759055E-02   3.4188942E-02   8.9621854E-03   1.4936600E-02   2.0910095E-02   1.4862148E-02   1.5024929E-02
    1.1238964E-02   1.1397081E-02   2.5555538E-03   1.0025031E-02   1.4017151E-02   1.7988852E-02   2.9778151E+01   3.2397528E+00
    9.6650016E+00   1.5925836E+01   2.2946677E+00   6.4354636E-01   9.4290986E-02   2.8123348E-01   4.6347623E-01   4.3075083E-01
    3.0765103E-01   1.8457125E-01   1.1770171E-01   2.8586289E-02   2.4224321E-02   9.7615593E-02   1.4039501E-02   4.2057872E-02
    6.9873555E-02   4.0566882E-02   2.5547593E-02   3.5606084E-02   4.5505820E-02   1.2632000E-02   2.1052829E-02   2.9472421E-02
    2.0379805E-02   2.1465680E-02   1.6031228E-02   1.4605829E-02   3.5130670E-03   1.4111071E-02   1.9731494E-02   2.5324517E-02
    2.2936543E+01   2.7454287E+00   8.1927528E+00   1.3508092E+01   2.1069270E+00   6.6518073E-01   9.6363020E-02   2.8750264E-01
    4.7409232E-01   4.4103840E-01   3.1500016E-01   1.8898133E-01   1.2211229E-01   3.1634928E-02   2.6701030E-02   1.0687495E-01
    1.5908899E-02   4.7661654E-02   7.9196939E-02   4.5107963E-02   2.9970690E-02   4.1780645E-02   5.3414183E-02   1.5514126E-02
    2.5856290E-02   3.6197016E-02   2.4483910E-02   2.6854537E-02   2.0021132E-02   1.6523685E-02   4.2427005E-03   1.7409298E-02
    2.4344978E-02   3.1248652E-02   1.5154269E+01   2.0046257E+00   5.9839709E+00   9.8725981E+00   1.6790540E+00   5.9817544E-01
    8.6243731E-02   2.5739536E-01   4.2471367E-01   3.9508357E-01   2.8217957E-01   1.6929193E-01   1.1195198E-01   3.0837218E-02
    2.6058605E-02   1.0285368E-01   1.5781967E-02   4.7285202E-02   7.8585460E-02   4.4530159E-02   3.1216946E-02   4.3528981E-02
    5.5668052E-02   1.6673972E-02   2.7789360E-02   3.8903294E-02   2.5971267E-02   2.9635608E-02   2.2040319E-02   1.6643630E-02
    4.5329280E-03   1.8987074E-02   2.6553136E-02   3.4086356E-02   8.8259996E+00   1.3007486E+00   3.8840920E+00   6.4123375E+00
    1.1961482E+00   4.7953683E-01   6.9648414E-02   2.0793602E-01   3.4332598E-01   3.1866183E-01   2.2759826E-01   1.3654702E-01
    9.3397633E-02   2.7142686E-02   2.3073871E-02   8.9761760E-02   1.4055253E-02   4.2115194E-02   7.0006019E-02   3.9910195E-02
    2.9468063E-02   4.1100979E-02   5.2581076E-02   1.6029444E-02   2.6715207E-02   3.7399663E-02   2.4861696E-02   2.9494996E-02
    2.1837920E-02   1.5262470E-02   4.3741471E-03   1.8718686E-02   2.6179632E-02   3.3610289E-02   4.7556616E+00   7.8875997E-01
    2.3560258E+00   3.8921529E+00   7.9783935E-01   3.5683234E-01   5.3060661E-02   1.5846579E-01   2.6181349E-01   2.4241303E-01
    1.7313989E-01   1.0387548E-01   7.3787035E-02   2.2400875E-02   1.9193267E-02   7.4222173E-02   1.1722387E-02   3.5127883E-02
    5.8401992E-02   3.3665251E-02   2.6142757E-02   3.6472345E-02   4.6675586E-02   1.4353733E-02   2.3922444E-02   3.3490065E-02
    2.2289881E-02   2.7546230E-02   2.0184335E-02   1.3241995E-02   3.9532132E-03   1.7330193E-02   2.4239395E-02   3.1122475E-02
    2.5302901E+00   4.7515482E-01   1.4197233E+00   2.3468486E+00   5.2724348E-01   2.5919201E-01   3.9948399E-02   1.1934404E-01
    1.9729926E-01   1.8357062E-01   1.3111323E-01   7.8661986E-02   5.7621755E-02   1.8130616E-02   1.5611336E-02   6.0996565E-02
    9.6259511E-03   2.8847879E-02   4.7969530E-02   2.7883632E-02   2.2808501E-02   3.1828506E-02   4.0746011E-02   1.2586064E-02
    2.0976411E-02   2.9365869E-02   1.9581483E-02   2.5294747E-02   1.8192319E-02   1.1390732E-02   3.5002344E-03   1.5766738E-02
    2.2054093E-02   2.8319359E-02   1.3971692E+00   2.9688944E-01   8.8733825E-01   1.4676645E+00   3.5918520E-01   1.9184912E-01
    3.0596830E-02   9.1434169E-02   1.5124685E-01   1.4340106E-01   1.0242306E-01   6.1449523E-02   4.5936704E-02   1.4866215E-02
    1.2826671E-02   5.1310023E-02   8.0701404E-03   2.4187096E-02   4.0226007E-02   2.3472590E-02   2.0240448E-02   2.8251454E-02
    3.6177984E-02   1.1216528E-02   1.8693914E-02   2.6170565E-02   1.7463011E-02   2.3393070E-02   1.6586586E-02   1.0049078E-02
    3.1463858E-03   1.4542056E-02   2.0342321E-02   2.6123674E-02   8.2216951E-01   1.9645033E-01   5.8730712E-01   9.7194823E-01
    2.5689583E-01   1.4842777E-01   2.4230396E-02   7.2429449E-02   1.1987548E-01   1.1710565E-01   8.3642147E-02   5.0182021E-02
    3.8090089E-02   1.2549145E-02   1.0860911E-02   4.4616208E-02   7.0267433E-03   2.1061393E-02   3.5033011E-02   2.0464363E-02
    1.8559846E-02   2.5911342E-02   3.3190959E-02   1.0338174E-02   1.7230034E-02   2.4121265E-02   1.6104432E-02   2.2008383E-02
    1.5571289E-02   9.2331677E-03   2.9245411E-03   1.3783148E-02   1.9281852E-02   2.4763930E-02   5.2175243E-01   1.3891661E-01
    4.1541006E-01   6.8782730E-01   1.9445346E-01   1.2117935E-01   2.0105064E-02   6.0113867E-02   9.9543211E-02   1.0035109E-01
    7.1675578E-02   4.3002751E-02   3.3161885E-02   1.1011822E-02   9.5906641E-03   4.0279527E-02   6.3980918E-03   1.9178377E-02
    3.1905458E-02   1.8642636E-02   1.7708539E-02   2.4727883E-02   3.1683625E-02   9.9214159E-03   1.6535465E-02   2.3148956E-02
    1.5482854E-02   2.1341757E-02   1.5132857E-02   8.8818457E-03   2.8326329E-03   1.3512447E-02   1.8904200E-02   2.4280842E-02
    3.5704036E-01   1.0496734E-01   3.1396408E-01   5.2010601E-01   1.5597474E-01   1.0443726E-01   1.7564217E-02   5.2529694E-02
    8.7025959E-02   9.0197076E-02   6.4423345E-02   3.8651846E-02   3.0332337E-02   1.0095333E-02   8.8679758E-03   3.7865843E-02
    6.0948080E-03   1.8270394E-02   3.0399021E-02   1.7776664E-02   1.7610449E-02   2.4595596E-02   3.1522122E-02   9.9220172E-03
    1.6536484E-02   2.3150434E-02   1.5534745E-02   2.1485571E-02   1.5259813E-02   8.9332117E-03   2.8614894E-03   1.3742574E-02
    1.9227143E-02   2.4697472E-02   2.6097798E-01   8.4083355E-02   2.5155443E-01   4.1690746E-01   1.3183097E-01   9.4440030E-02
    1.6084374E-02   4.8114960E-02   7.9747573E-02   8.4651430E-02   6.0462581E-02   3.6275671E-02   2.8979044E-02   9.6483822E-03
    8.5532646E-03   3.7003354E-02   6.0449786E-03   1.8122053E-02   3.0156006E-02   1.7658627E-02   1.8183663E-02   2.5400695E-02
    3.2561667E-02   1.0296890E-02   1.7161281E-02   2.4025174E-02   1.6187385E-02   2.2421198E-02   1.5937968E-02   9.3358417E-03
    3.0002527E-03   1.4468366E-02   2.0243566E-02   2.6004887E-02   2.0070011E-01   7.0432175E-02   2.1075761E-01   3.4944157E-01
    1.1601859E-01   8.8559222E-02   1.5263984E-02   4.5670686E-02   7.5727962E-02   8.2122935E-02   5.8656793E-02   3.5192391E-02
    2.8598529E-02   9.5211538E-03   8.5162180E-03   3.7264165E-02   6.1783655E-03   1.8522920E-02   3.0826711E-02   1.8080248E-02
    1.9303436E-02   2.6969403E-02   3.4580312E-02   1.0980839E-02   1.8301199E-02   2.5621068E-02   1.7335489E-02   2.4032832E-02
    1.7093328E-02   1.0027454E-02   3.2315803E-03   1.5631674E-02   2.1872208E-02   2.8098873E-02   1.5936404E-01   6.0597347E-02
    1.8136381E-01   3.0082553E-01   1.0452886E-01   8.4700208E-02   1.4764790E-02   4.4186034E-02   7.3295009E-02   8.1070225E-02
    5.7905073E-02   3.4741508E-02   2.8689004E-02   9.5510904E-03   8.6158509E-03   3.8093570E-02   6.4062022E-03   1.9206947E-02
    3.1968655E-02   1.8780987E-02   2.0745508E-02   2.8988718E-02   3.7177262E-02   1.1850525E-02   1.9750675E-02   2.7650336E-02
    1.8785237E-02   2.6061591E-02   1.8544692E-02   1.0896528E-02   3.5207615E-03   1.7075507E-02   2.3893467E-02   3.0697435E-02
    1.2734641E-01   5.2238946E-02   1.5637660E-01   2.5947726E-01   9.4117252E-02   8.0699982E-02   1.4219333E-02   4.2561838E-02
    7.0627082E-02   7.9583025E-02   5.6843000E-02   3.4104411E-02   2.8591364E-02   9.5190464E-03   8.6564596E-03   3.8646771E-02
    6.5877639E-03   1.9752241E-02   3.2879720E-02   1.9347588E-02   2.2071184E-02   3.0845734E-02   3.9566667E-02   1.2657010E-02
    2.1094821E-02   2.9532151E-02   2.0142386E-02   2.7963358E-02   1.9905468E-02   1.1714817E-02   3.7944112E-03   1.8447343E-02
    2.5814091E-02   3.3166907E-02   9.8233161E-02   4.3333091E-02   1.2974003E-01   2.1535658E-01   8.1389266E-02   7.3671790E-02
    1.3115514E-02   3.9265071E-02   6.5179647E-02   7.4758662E-02   5.3397304E-02   3.2037184E-02   2.7248169E-02   9.0725553E-03
    8.3145157E-03   3.7465602E-02   6.4700076E-03   1.9400055E-02   3.2296723E-02   1.9034494E-02   2.2395284E-02   3.1303140E-02
    4.0161008E-02   1.2890546E-02   2.1484060E-02   3.0077124E-02   2.0591341E-02   2.8605657E-02   2.0369190E-02   1.2006421E-02
    3.8979707E-03   1.8994424E-02   2.6580666E-02   3.4153731E-02   6.9786781E-02   3.2907274E-02   9.8540972E-02   1.6362316E-01
    6.4211317E-02   6.1086177E-02   1.0978459E-02   3.2872732E-02   5.4586269E-02   6.3634389E-02   4.5451774E-02   2.7270127E-02
    2.3501909E-02   7.8258121E-03   7.2231217E-03   3.2824905E-02   5.7367907E-03   1.7202253E-02   2.8640529E-02   1.6904163E-02
    2.0461151E-02   2.8603431E-02   3.6703749E-02   1.1817234E-02   1.9695236E-02   2.7572859E-02   1.8942107E-02   2.6331061E-02
    1.8754436E-02   1.1070593E-02   3.6018759E-03   1.7588515E-02   2.4614115E-02   3.1628508E-02   6.8365129E-02   3.2339133E-02
    9.6840431E-02   1.6080205E-01   6.3216920E-02   6.0283767E-02   1.0838871E-02   3.2455029E-02   5.3893510E-02   6.2875843E-02
    4.4909977E-02   2.6945064E-02   2.3235940E-02   7.7373247E-03   7.1438779E-03   3.2477956E-02   5.6793809E-03   1.7030140E-02
    2.8354098E-02   1.6736413E-02   2.0285632E-02   2.8358245E-02   3.6389432E-02   1.1717624E-02   1.9529220E-02   2.7340442E-02
    1.8785741E-02   2.6114369E-02   1.8600410E-02   1.0980274E-02   3.5728696E-03   1.7448576E-02   2.4418321E-02   3.1376994E-02
    1.5321619E-01   1.5503596E-01   1.9723980E-01   2.6936446E-01   3.8515752E-01   5.6895161E-01   8.5979203E-01   1.3194071E+00
    2.0498613E+00   3.2149716E+00   5.0912149E+00   8.1228944E+00   1.3044784E+01   2.1008972E+01   3.3823930E+01   5.4342773E+01
    8.7139130E+01   1.3964760E+02   2.2321459E+02   3.5483025E+02   5.6200389E+02   9.0397069E+02   1.4908316E+03   2.5112265E+03
    4.2756247E+03   7.4275143E+03   1.3966756E+04   2.7032523E+04   5.2109152E+04   9.3703458E+04   1.5580493E+05   2.4073316E+05
    3.4447584E+05   4.5723559E+05   5.6098468E+05   6.3032324E+05   6.4470812E+05   6.0323094E+05   5.2418475E+05   4.3487073E+05
    3.5674937E+05   2.9664498E+05   2.5274503E+05   2.2190236E+05   2.0134517E+05   1.8859864E+05   1.8127699E+05   1.7696296E+05
    1.7276893E+05   1.6442274E+05   1.4712622E+05   1.4594205E+05
 Number of SkIV levels:         33
 SkIV Oscillator date:       12-NOV-1996
    1.5321619E-01   5.3657886E-07   1.0280751E-06   1.7530655E-10   2.6293070E-10   8.7447068E-11   6.5704018E-10   1.2944378E-09
    2.6574202E-11   3.9860857E-11   9.9952129E-14   1.3324532E-13   2.9124772E-12   4.9326620E-11   9.7963687E-11   5.4440021E-12
    8.1659272E-12   6.4162955E-14   8.5550607E-14   1.6312745E-13   4.2181352E-13   1.2350749E-11   2.4607024E-11   1.7767666E-12
    2.6651499E-12   4.7624914E-14   6.3499886E-14   3.4883409E-13   1.4594453E-13   2.0273063E-11   4.8382213E-13   1.0864970E-13
    5.0112779E-13   1.5503596E-01   5.4936358E-07   1.0525802E-06   1.7949288E-10   2.6920950E-10   8.9523369E-11   6.7260088E-10
    1.3250984E-09   2.7206706E-11   4.0809604E-11   1.0235245E-13   1.3644518E-13   2.9820038E-12   5.0498525E-11   1.0029127E-10
    5.5742365E-12   8.3612770E-12   6.5714341E-14   8.7619121E-14   1.6701189E-13   4.3186171E-13   1.2642458E-11   2.5188233E-11
    1.8209818E-12   2.7314727E-12   4.8762208E-14   6.5016277E-14   3.5713923E-13   1.4961045E-13   2.0779707E-11   4.9543469E-13
    1.1124225E-13   5.1305825E-13   1.9723980E-01   8.8388890E-07   1.6938106E-06   2.8963481E-10   4.3440429E-10   1.4402304E-10
    1.0806558E-09   2.1291354E-09   4.3800598E-11   6.5700166E-11   1.6552903E-13   2.2066548E-13   4.8080416E-12   8.1219893E-11
    1.6130900E-10   9.0004232E-12   1.3500510E-11   1.0656533E-13   1.4208710E-13   2.6889840E-13   6.9622050E-13   2.0296439E-11
    4.0438258E-11   2.9925101E-12   4.4887651E-12   7.8619103E-14   1.0482547E-13   5.7497267E-13   2.4703940E-13   3.4212729E-11
    8.0085120E-13   1.7928456E-13   8.2598652E-13   2.6936446E-01   1.6337552E-06   3.1314440E-06   5.3789400E-10   8.0675244E-10
    2.6613059E-10   1.9924835E-09   3.9259285E-09   8.1042220E-11   1.2156198E-10   3.0826621E-13   4.1094769E-13   8.9188839E-12
    1.5006418E-10   2.9804923E-10   1.6715947E-11   2.5073690E-11   1.9916954E-13   2.6555939E-13   4.9733859E-13   1.2907552E-12
    3.7378677E-11   7.4473985E-11   5.6960462E-12   8.5440694E-12   1.4572164E-13   1.9429552E-13   1.0633441E-12   4.7362704E-13
    6.5276199E-11   1.4907356E-12   3.3210646E-13   1.5275505E-12   3.8515752E-01   3.2973320E-06   6.3215423E-06   1.0943936E-09
    1.6414112E-09   5.3726332E-10   4.0084284E-09   7.8987402E-09   1.6404003E-10   2.4605733E-10   6.2909693E-13   8.3864587E-13
    1.8125923E-11   3.0318205E-10   6.0218681E-10   3.3966945E-11   5.0949951E-11   4.0814836E-13   5.4419781E-13   1.0049303E-12
    2.6188613E-12   7.5091430E-11   1.4961675E-10   1.1938674E-11   1.7908011E-11   2.9537787E-13   3.9383716E-13   2.1484304E-12
    1.0027015E-12   1.3716808E-10   3.0417280E-12   6.7257115E-13   3.0862226E-12   5.6895161E-01   7.0671030E-06   1.3552369E-05
    2.3770818E-09   3.5652359E-09   1.1533302E-09   8.5581688E-09   1.6865699E-08   3.5384248E-10   5.3075791E-10   1.3701114E-12
    1.8264905E-12   3.9340563E-11   6.5245843E-10   1.2959825E-09   7.3484698E-11   1.1022604E-10   8.9265776E-13   1.1902104E-12
    2.1583244E-12   5.6636306E-12   1.6007540E-10   3.1895143E-10   2.6785408E-11   4.0178111E-11   6.3736561E-13   8.4982081E-13
    4.6139573E-12   2.2801786E-12   3.0845842E-10   6.6294013E-12   1.4492012E-12   6.6273225E-12   8.5979203E-01   1.5749847E-05
    3.0211657E-05   5.4140708E-09   8.1202312E-09   2.5818769E-09   1.8998705E-08   3.7444769E-08   7.9830127E-10   1.1974389E-09
    3.1246872E-12   4.1655141E-12   8.9573675E-11   1.4679152E-09   2.9158661E-09   1.6587846E-10   2.4881544E-10   2.0426957E-12
    2.7235942E-12   4.8274648E-12   1.2812939E-11   3.5475653E-10   7.0687313E-10   6.2933348E-11   9.4400022E-11   1.4355687E-12
    1.9140915E-12   1.0319492E-11   5.4539033E-12   7.2575807E-10   1.5155463E-11   3.2566572E-12   1.4820205E-11   1.3194071E+00
    3.5896065E-05   6.8878032E-05   1.2762642E-08   1.9141916E-08   5.9382744E-09   4.3142527E-08   8.5039431E-08   1.8587397E-09
    2.7880794E-09   7.3606019E-12   9.8124162E-12   2.1131843E-10   3.4070143E-09   6.7680374E-09   3.8470200E-10   5.7704781E-10
    4.8169475E-12   6.4225967E-12   1.1067948E-11   2.9923430E-11   8.0477485E-10   1.6036057E-09   1.5201915E-10   2.2802873E-10
    3.3258667E-12   4.4344889E-12   2.3658668E-11   1.3487856E-11   1.7525276E-09   3.5875408E-11   7.5182147E-12   3.3971086E-11
    2.0498613E+00   8.2959697E-05   1.5923870E-04   3.1054969E-08   4.6577513E-08   1.3968629E-08   9.9564503E-08   1.9627776E-07
    4.4479461E-09   6.6718478E-09   1.7837699E-11   2.3779465E-11   5.1489627E-10   8.1246153E-09   1.6140453E-08   9.1051228E-10
    1.3657562E-09   1.1631654E-11   1.5508872E-11   2.5819713E-11   7.1882224E-11   1.8566385E-09   3.6996763E-09   3.7344295E-10
    5.6016442E-10   7.8808933E-12   1.0507858E-11   5.5186920E-11   3.4187204E-11   4.2914477E-09   8.7616874E-11   1.7720439E-11
    7.9230784E-11   3.2149716E+00   1.9282871E-04   3.7026539E-04   7.7830831E-08   1.1673398E-07   3.3493060E-08   2.3219027E-07
    4.5779044E-07   1.0899128E-08   1.6348518E-08   4.4379963E-11   5.9163092E-11   1.2916762E-09   1.9834082E-08   3.9404985E-08
    2.1861473E-09   3.2791921E-09   2.8606750E-11   3.8142334E-11   6.0848026E-11   1.7725850E-10   4.3333980E-09   8.6353356E-09
    9.2191822E-10   1.3828773E-09   1.9011178E-11   2.5348238E-11   1.3002945E-10   8.8037097E-11   1.0514569E-08   2.2002853E-10
    4.2411896E-11   1.8666072E-10   5.0912149E+00   4.4996658E-04   8.6436634E-04   2.0177695E-07   3.0263393E-07   8.2200952E-08
    5.4811348E-07   1.0808240E-06   2.7388749E-08   4.1082693E-08   1.1418180E-10   1.5221645E-10   3.3411009E-09   4.9626292E-08
    9.8600626E-08   5.3320988E-09   7.9980782E-09   7.1856848E-11   9.5809130E-11   1.4471020E-10   4.5130908E-10   1.0258179E-08
    2.0442625E-08   2.2731504E-09   3.4097256E-09   4.6822279E-11   6.2429705E-11   3.0911882E-10   2.3003736E-10   2.5562055E-08
    5.6950119E-10   1.0323457E-10   4.4369895E-10   8.1228944E+00   1.0496053E-03   2.0171641E-03   5.4072467E-07   8.1100355E-07
    2.0668549E-07   1.3091892E-06   2.5820002E-06   7.0194958E-08   1.0529134E-07   3.0593366E-10   4.0784278E-10   8.8575437E-09
    1.2640936E-07   2.5117673E-07   1.3201507E-08   1.9802089E-08   1.8476332E-10   2.4635110E-10   3.4567413E-10   1.1891576E-09
    2.4646623E-08   4.9118086E-08   5.5460185E-09   8.3190277E-09   1.1781646E-10   1.5708861E-10   7.3791654E-10   6.0788951E-10
    6.0884915E-08   1.5142193E-09   2.5524757E-10   1.0590370E-09   1.3044784E+01   2.4515793E-03   4.7139806E-03   1.5003287E-06
    2.2502645E-06   5.3440964E-07   3.1777185E-06   6.2682862E-06   1.8244320E-07   2.7366199E-07   8.6634441E-10   1.1549337E-09
    2.3941515E-08   3.2507757E-07   6.4598762E-07   3.3340224E-08   5.0009909E-08   4.9176696E-10   6.5568928E-10   8.2867656E-10
    3.2578013E-09   6.0402686E-08   1.2038171E-07   1.3371983E-08   2.0057974E-08   3.0484139E-10   4.0645519E-10   1.7669878E-09
    1.6315239E-09   1.4113159E-07   4.1342573E-09   6.4358313E-10   2.5353444E-09   2.1008972E+01   5.7415088E-03   1.1046665E-02
    4.2935616E-06   6.4396985E-06   1.4173384E-06   7.8449803E-06   1.5478100E-05   4.7498329E-07   7.1246776E-07   2.6222278E-09
    3.4957310E-09   6.5332665E-08   8.2982638E-07   1.6491777E-06   8.6042398E-08   1.2906251E-07   1.3719243E-09   1.8292324E-09
    1.9853950E-09   9.2372689E-09   1.5070878E-07   3.0037676E-07   3.2116409E-08   4.8174614E-08   8.1489634E-10   1.0865285E-09
    4.2243905E-09   4.4698160E-09   3.1876745E-07   1.1545675E-08   1.6578488E-09   6.0581905E-09   3.3823930E+01   1.3553892E-02
    2.6096379E-02   1.2619182E-05   1.8926916E-05   3.8326633E-06   1.9647749E-05   3.8774640E-05   1.2271435E-06   1.8406971E-06
    8.5420079E-09   1.1387513E-08   1.7909843E-07   2.0701443E-06   4.1146385E-06   2.2711974E-07   3.4067680E-07   4.0702146E-09
    5.4269528E-09   4.7468793E-09   2.6811100E-08   3.7948608E-07   7.5639977E-07   7.9277020E-08   1.1891553E-07   2.2728827E-09
    3.0305103E-09   1.0054942E-08   1.2608511E-08   7.2280577E-07   3.3232305E-08   4.3928021E-09   1.4402716E-08   5.4342773E+01
    3.2361127E-02   6.2361454E-02   3.7853986E-05   5.6775534E-05   1.0463079E-05   4.9351247E-05   9.7423823E-05   3.1172743E-06
    4.6758662E-06   2.9800184E-08   3.9727336E-08   4.9028973E-07   4.9631750E-06   9.8662511E-06   6.0747040E-07   9.1119825E-07
    1.2844709E-08   1.7126278E-08   1.1366490E-08   7.8079445E-08   9.4656691E-07   1.8868634E-06   2.0707798E-07   3.1061697E-07
    6.6950865E-09   8.9267820E-09   2.3841127E-08   3.6431061E-08   1.7130388E-06   9.9891231E-08   1.2117872E-08   3.4058498E-08
    8.7139130E+01   7.7444475E-02   1.4939751E-01   1.1441337E-04   1.7160407E-04   2.8539276E-05   1.2213230E-04   2.4118990E-04
    7.6492929E-06   1.1473832E-05   1.0901530E-07   1.4533154E-07   1.3180056E-06   1.1113876E-05   2.2097002E-05   1.5997372E-06
    2.3995870E-06   4.1829885E-08   5.5773180E-08   2.7561125E-08   2.2242947E-07   2.2751983E-06   4.5357542E-06   5.6119135E-07
    8.4178702E-07   2.0733738E-08   2.7644984E-08   5.6579911E-08   1.0458058E-07   4.2207314E-06   3.1047228E-07   3.5003254E-08
    8.0366775E-08   1.3964760E+02   1.8212931E-01   3.5178356E-01   3.4084814E-04   5.1122623E-04   7.6292379E-05   2.8796019E-04
    5.6892039E-04   1.7868215E-05   2.6802079E-05   4.0434911E-07   5.3905270E-07   3.4592922E-06   2.2667441E-05   4.5077416E-05
    4.0247197E-06   6.0370339E-06   1.3458230E-07   1.7944307E-07   6.8910583E-08   6.1775219E-07   5.1737437E-06   1.0315342E-05
    1.5084075E-06   2.2626113E-06   6.5353943E-08   8.7138591E-08   1.3535842E-07   2.9039634E-07   1.0447465E-05   9.6583561E-07
    1.0436329E-07   1.9014453E-07   2.2321459E+02   4.1706320E-01   8.0665094E-01   9.8488655E-04   1.4772021E-03   1.9520960E-04
    6.0956992E-04   1.2048943E-03   4.0564579E-05   6.0846339E-05   1.4809594E-06   1.9743329E-06   9.1702888E-06   4.4160939E-05
    8.7839717E-05   9.8272970E-06   1.4740838E-05   4.2501546E-07   5.6668728E-07   1.8150434E-07   1.7275618E-06   1.1584885E-05
    2.3100583E-05   3.9536382E-06   5.9304573E-06   2.0496007E-07   2.7328010E-07   3.2893786E-07   7.9766041E-07   2.5669428E-05
    2.9479994E-06   3.1654122E-07   4.5247413E-07   3.5483025E+02   9.3976688E-01   1.8201438E+00   2.7821743E-03   4.1729157E-03
    4.8866578E-04   1.1545697E-03   2.2832674E-03   9.2781054E-05   1.3917042E-04   5.3385965E-06   7.1171622E-06   2.4761692E-05
    9.0067294E-05   1.7919179E-04   2.4136452E-05   3.6204427E-05   1.3396543E-06   1.7862057E-06   5.1770520E-07   4.8812282E-06
    2.6778949E-05   5.3404576E-05   9.5442117E-06   1.4316318E-05   6.3742740E-07   8.4990319E-07   8.2568919E-07   2.2012386E-06
    5.3701763E-05   8.3890434E-06   9.7994533E-07   1.0930997E-06   5.6200389E+02   2.0537849E+00   3.9834403E+00   7.5180910E-03
    1.1276243E-02   1.2245320E-03   2.1293453E-03   4.2130780E-03   2.1459872E-04   3.2189551E-04   1.8335904E-05   2.4444700E-05
    6.4633217E-05   1.8847478E-04   3.7506383E-04   5.9633729E-05   8.9449998E-05   4.1522022E-06   5.5362696E-06   1.5943500E-06
    1.3106288E-05   5.9792139E-05   1.1925709E-04   2.0617600E-05   3.0926401E-05   1.9300809E-06   2.5734412E-06   2.1612472E-06
    6.1445688E-06   8.1627261E-05   2.1178997E-05   3.0237631E-06   2.7001498E-06   9.0397069E+02   4.2873187E+00   8.3271746E+00
    1.9013210E-02   2.8517660E-02   3.0345459E-03   4.1537687E-03   8.2226017E-03   5.0364863E-04   7.5546718E-04   5.8182581E-05
    7.7567168E-05   1.6267212E-04   3.8605693E-04   7.6842725E-04   1.4616217E-04   2.1924186E-04   1.2456911E-05   1.6609214E-05
    5.1105900E-06   3.3134848E-05   1.2563900E-04   2.5062184E-04   4.4034889E-05   6.6052334E-05   5.7334184E-06   7.6445579E-06
    5.9210187E-06   1.7588146E-05   1.0296898E-04   5.0591078E-05   9.0145781E-06   6.9132917E-06   1.4908316E+03   8.6516785E+00
    1.6824081E+01   4.5880997E-02   6.8816507E-02   7.2731990E-03   8.4401848E-03   1.6714795E-02   1.1759470E-03   1.7639076E-03
    1.7121383E-04   2.2825800E-04   4.0413908E-04   7.6120156E-04   1.5154301E-03   3.4052991E-04   5.1079175E-04   3.5999758E-05
    4.7999678E-05   1.6350912E-05   8.0809449E-05   2.5712737E-04   5.1296662E-04   1.0033853E-04   1.5050780E-04   1.6678283E-05
    2.2237711E-05   1.6765430E-05   4.8669523E-05   1.4388828E-04   1.2053137E-04   2.5727700E-05   1.8347471E-05   2.5112265E+03
    1.7381764E+01   3.3831707E+01   1.0994109E-01   1.6490007E-01   1.6844366E-02   1.7010745E-02   3.3698649E-02   2.6965574E-03
    4.0448074E-03   4.7804375E-04   6.3731843E-04   9.8508400E-04   1.4779680E-03   2.9428389E-03   7.5327861E-04   1.1299113E-03
    1.0145923E-04   1.3527897E-04   5.1379603E-05   1.9367224E-04   5.1158430E-04   1.0206895E-03   2.3974760E-04   3.5962140E-04
    4.7411422E-05   6.3215229E-05   4.8639825E-05   1.2386543E-04   2.5107414E-04   2.8975013E-04   7.2383171E-05   5.0311787E-05
    4.2756247E+03   3.5372452E+01   6.8899796E+01   2.6558281E-01   3.9834704E-01   3.7975975E-02   3.3078436E-02   6.5546175E-02
    6.0276448E-03   9.0414051E-03   1.2720707E-03   1.6959047E-03   2.3026586E-03   2.8417395E-03   5.6589841E-03   1.6362351E-03
    2.4543386E-03   2.7904485E-04   3.7205980E-04   1.5608277E-04   4.5877789E-04   9.5964988E-04   1.9147763E-03   5.7444008E-04
    8.6166012E-04   1.3193871E-04   1.7591827E-04   1.4231551E-04   2.9055316E-04   5.2259481E-04   7.0337562E-04   2.0388633E-04
    1.4104419E-04   7.4275143E+03   7.4159456E+01   1.4454512E+02   6.5897768E-01   9.8840078E-01   8.5985697E-02   6.3700819E-02
    1.2625457E-01   1.3422560E-02   2.0133705E-02   3.3052053E-03   4.4064602E-03   5.2309060E-03   5.4783362E-03   1.0910617E-02
    3.6391688E-03   5.4587227E-03   7.6291746E-04   1.0172233E-03   4.6479393E-04   1.0992570E-03   1.7287534E-03   3.4495596E-03
    1.3781601E-03   2.0672402E-03   3.6754970E-04   4.9006626E-04   4.2213203E-04   6.5767276E-04   1.1948867E-03   1.7401549E-03
    5.8178012E-04   4.0804954E-04   1.3966756E+04   1.6993684E+02   3.3140394E+02   1.7988242E+00   2.6980605E+00   2.1267165E-01
    1.3109059E-01   2.5986959E-01   3.1987692E-02   4.7981223E-02   9.1467218E-03   1.2194328E-02   1.2429108E-02   1.1342446E-02
    2.2591522E-02   8.8927954E-03   1.3339120E-02   2.2309785E-03   2.9746380E-03   1.4696395E-03   2.8568656E-03   3.2924585E-03
    6.5700964E-03   3.5367374E-03   5.3051061E-03   1.1008435E-03   1.4677914E-03   1.3551875E-03   1.5734951E-03   3.0102031E-03
    4.6214976E-03   1.7853750E-03   1.2996870E-03   2.7032523E+04   3.9791146E+02   7.7625647E+02   5.0141011E+00   7.5206685E+00
    5.4969166E-01   2.8103281E-01   5.5717694E-01   7.7563212E-02   1.1634406E-01   2.5999994E-02   3.4663009E-02   2.9721947E-02
    2.4052066E-02   4.7908818E-02   2.2154592E-02   3.3231709E-02   6.5279357E-03   8.7039143E-03   4.6601715E-03   7.4554476E-03
    6.7142050E-03   1.3398596E-02   9.0631123E-03   1.3594668E-02   3.2749337E-03   4.3665782E-03   4.3502700E-03   3.8194326E-03
    7.6078964E-03   1.2041348E-02   5.3873176E-03   4.1746221E-03   5.2109152E+04   9.3270296E+02   1.8200236E+03   1.4320262E+01
    2.1479027E+01   1.4890545E+00   6.3730872E-01   1.2636485E+00   1.9466381E-01   2.9199384E-01   7.9077901E-02   1.0542622E-01
    7.2933009E-02   5.2775121E-02   1.0512623E-01   5.5882015E-02   8.3822575E-02   1.9700434E-02   2.6267245E-02   1.5580294E-02
    1.9431991E-02   1.4920931E-02   2.9776310E-02   2.3172901E-02   3.4759351E-02   9.8966775E-03   1.3195570E-02   1.4524200E-02
    9.4667025E-03   1.9318055E-02   3.0667819E-02   1.6313016E-02   1.3937839E-02   9.3703458E+04   2.0119951E+03   3.9273029E+03
    3.8273155E+01   5.7406130E+01   3.8889323E+00   1.4550885E+00   2.8854449E+00   4.7825664E-01   7.1738042E-01   2.3800870E-01
    3.1731230E-01   1.7215627E-01   1.1488357E-01   2.2885564E-01   1.3306681E-01   1.9959916E-01   5.7024746E-02   7.6032995E-02
    5.1223514E-02   4.7172321E-02   3.3643419E-02   6.7140879E-02   5.5155730E-02   8.2733596E-02   2.8260661E-02   3.7680881E-02
    4.7177824E-02   2.2290983E-02   4.6596504E-02   7.1903846E-02   4.6149689E-02   4.5203393E-02   1.5580493E+05   3.9035495E+03
    7.6226991E+03   9.2224511E+01   1.3832823E+02   9.4194100E+00   3.2538978E+00   6.4534360E+00   1.1278825E+00   1.6918132E+00
    6.8485664E-01   9.1304989E-01   3.8317864E-01   2.4608098E-01   4.9024305E-01   2.9491024E-01   4.4236307E-01   1.5377959E-01
    2.0503946E-01   1.6103407E-01   1.0551784E-01   7.3994956E-02   1.4767441E-01   1.2078426E-01   1.8117639E-01   7.4368084E-02
    9.9157445E-02   1.4546145E-01   4.8892520E-02   1.0553562E-01   1.5542073E-01   1.1925291E-01   1.3902108E-01   2.4073316E+05
    6.8588337E+03   1.3400942E+04   1.9890803E+02   2.9834406E+02   2.0917301E+01   6.9986029E+00   1.3882935E+01   2.5479558E+00
    3.8219104E+00   1.8589953E+00   2.4784155E+00   8.0816314E-01   5.1544154E-01   1.0269549E+00   6.1528030E-01   9.2291577E-01
    3.8592258E-01   5.1456344E-01   4.8055184E-01   2.2081555E-01   1.5689105E-01   3.1312834E-01   2.4748969E-01   3.7123453E-01
    1.8089826E-01   2.4119768E-01   4.2465581E-01   1.0096867E-01   2.2579952E-01   3.1717304E-01   2.8271587E-01   4.0490881E-01
    3.4447584E+05   1.0989375E+04   2.1485399E+04   3.8281945E+02   5.7419553E+02   4.2080772E+01   1.4142482E+01   2.8060518E+01
    5.4549433E+00   8.1823666E+00   4.6598045E+00   6.2124762E+00   1.6146696E+00   1.0384408E+00   2.0691898E+00   1.2142853E+00
    1.8214190E+00   8.9894736E-01   1.1985965E+00   1.3407326E+00   4.3612440E-01   3.1726720E-01   6.3324949E-01   4.7986753E-01
    7.1980130E-01   4.0772980E-01   5.4363974E-01   1.1635921E+00   1.9785608E-01   4.5697889E-01   6.1881615E-01   6.1846037E-01
    1.1093020E+00   4.5723559E+05   1.6317278E+04   3.1926440E+04   6.6688364E+02   1.0002688E+03   7.7404364E+01   2.6742409E+01
    5.3074659E+01   1.1085894E+01   1.6628745E+01   1.0744066E+01   1.4324092E+01   3.0918949E+00   2.0123863E+00   4.0103684E+00
    2.3035514E+00   3.4553106E+00   1.9723701E+00   2.6298268E+00   3.5026662E+00   8.2816965E-01   6.1731752E-01   1.2322191E+00
    8.9974196E-01   1.3496129E+00   8.6826521E-01   1.1576869E+00   3.0143637E+00   3.7488539E-01   8.8898285E-01   1.1756009E+00
    1.2776616E+00   2.8850319E+00   5.6098468E+05   2.2641117E+04   4.4338566E+04   1.0650783E+03   1.5975306E+03   1.3145418E+02
    4.7262034E+01   9.3828074E+01   2.1339130E+01   3.2008520E+01   2.2665588E+01   3.0218092E+01   5.7104667E+00   3.7576987E+00
    7.4895743E+00   4.2430540E+00   6.3645520E+00   4.1181432E+00   5.4908576E+00   8.5401172E+00   1.5296422E+00   1.1654831E+00
    2.3265872E+00   1.6554595E+00   2.4831893E+00   1.7748520E+00   2.3664693E+00   7.3985240E+00   6.9520836E-01   1.6843920E+00
    2.2011856E+00   2.5459109E+00   7.1478146E+00   6.3032324E+05   2.9254763E+04   5.7346741E+04   1.5706544E+03   2.3558596E+03
    2.0683307E+02   7.7721057E+01   1.5435099E+02   3.8486243E+01   5.7729062E+01   4.3540031E+01   5.8048446E+01   1.0121312E+01
    6.7281123E+00   1.3412151E+01   7.5750480E+00   1.1362523E+01   8.1621373E+00   1.0882850E+01   1.9227518E+01   2.7459392E+00
    2.1341090E+00   4.2605750E+00   2.9940472E+00   4.4910707E+00   3.4962191E+00   4.6616255E+00   1.7054768E+01   1.2619905E+00
    3.1161999E+00   4.0705873E+00   4.9413615E+00   1.6712482E+01   6.4470812E+05   3.4937448E+04   6.8559580E+04   2.1528813E+03
    3.2291635E+03   3.0221959E+02   1.1868317E+02   2.3578870E+02   6.4382198E+01   9.6572820E+01   7.6155270E+01   1.0153220E+02
    1.7051587E+01   1.1462602E+01   2.2854114E+01   1.3001608E+01   1.9502332E+01   1.5224917E+01   2.0299890E+01   3.9464404E+01
    4.7569573E+00   3.7648803E+00   7.5169954E+00   5.2871747E+00   7.9307621E+00   6.6017406E+00   8.8023208E+00   3.6380716E+01
    2.2285516E+00   5.6025640E+00   7.3942417E+00   9.3260942E+00   3.6271061E+01   6.0323094E+05   3.8604254E+04   7.5840570E+04
    2.7780535E+03   4.1668880E+03   4.1430839E+02   1.7003481E+02   3.3794298E+02   1.0049744E+02   1.5074545E+02   1.2291299E+02
    1.6387159E+02   2.7339511E+01   1.8631590E+01   3.7154471E+01   2.1467012E+01   3.2200393E+01   2.6773008E+01   3.5697344E+01
    7.4025015E+01   7.9602445E+00   6.4015854E+00   1.2782752E+01   9.1026423E+00   1.3653964E+01   1.1956615E+01   1.5942153E+01
    7.1665034E+01   3.8363210E+00   9.8120863E+00   1.3175565E+01   1.7106917E+01   7.2888095E+01   5.2418475E+05   3.9895418E+04
    7.8467772E+04   3.4227570E+03   5.1339140E+03   5.4028206E+02   2.3234289E+02   4.6196715E+02   1.4874507E+02   2.2311663E+02
    1.8680273E+02   2.4905270E+02   4.2063965E+01   2.9136335E+01   5.8113644E+01   3.4322349E+01   5.1483337E+01   4.4782845E+01
    5.9710461E+01   1.2874433E+02   1.2937275E+01   1.0545582E+01   2.1059699E+01   1.5314820E+01   2.2972230E+01   2.0847779E+01
    2.7797038E+01   1.3149679E+02   6.4751135E+00   1.6825460E+01   2.3031247E+01   3.0516635E+01   1.3696994E+02   4.3487073E+05
    3.9414173E+04   7.7610286E+04   4.0898434E+03   6.1345186E+03   6.8279288E+02   3.0862227E+02   6.1388063E+02   2.1313472E+02
    3.1970079E+02   2.7367577E+02   3.6487699E+02   6.2917831E+01   4.4345974E+01   8.8466503E+01   5.3701193E+01   8.0551518E+01
    7.2275129E+01   9.6366839E+01   2.1230072E+02   2.0586316E+01   1.6980121E+01   3.3913056E+01   2.5288347E+01   3.7932520E+01
    3.5269516E+01   4.7026022E+01   2.2876060E+02   1.0774516E+01   2.8387650E+01   3.9571448E+01   5.3142651E+01   2.4492971E+02
    3.5674937E+05   3.8277760E+04   7.5455641E+04   4.8151638E+03   7.2224760E+03   8.5321679E+02   4.0530112E+02   8.0649620E+02
    3.0097579E+02   4.5146198E+02   3.9352138E+02   5.2466307E+02   9.2615034E+01   6.6424761E+01   1.3253569E+02   8.2976541E+01
    1.2446442E+02   1.1402180E+02   1.5202907E+02   3.3852448E+02   3.2326965E+01   2.6955681E+01   5.3841750E+01   4.1164408E+01
    6.1746612E+01   5.8357714E+01   7.7810285E+01   3.8392007E+02   1.7723775E+01   4.7263038E+01   6.6940864E+01   9.0673796E+01
    4.2300489E+02   2.9664498E+05   3.7326333E+04   7.3656642E+04   5.6620318E+03   8.4927533E+03   1.0698863E+03   5.3314396E+02
    1.0612737E+03   4.2425640E+02   6.3638238E+02   5.6233499E+02   7.4973739E+02   1.3551389E+02   9.8953163E+01   1.9747235E+02
    1.2766107E+02   1.9149104E+02   1.7788446E+02   2.3717928E+02   5.3056138E+02   5.0522476E+01   4.2576382E+01   8.5050703E+01
    6.6524056E+01   9.9786083E+01   9.5339836E+01   1.2711978E+02   6.3142524E+02   2.8950883E+01   7.8017678E+01   1.1202373E+02
    1.5256740E+02   7.1544430E+02   2.5274503E+05   3.6925176E+04   7.2936091E+04   6.7046995E+03   1.0056726E+04   1.3536543E+03
    7.0656223E+02   1.4069605E+03   6.0032472E+02   9.0048417E+02   8.0418152E+02   1.0721855E+03   1.9816789E+02   1.4749428E+02
    2.9438858E+02   1.9642405E+02   2.9463528E+02   2.7632050E+02   3.6842733E+02   8.2564984E+02   7.8939779E+01   6.7250252E+01
    1.3435099E+02   1.0723343E+02   1.6085015E+02   1.5476088E+02   2.0634784E+02   1.0279310E+03   4.7122606E+01   1.2815443E+02
    1.8622054E+02   2.5452001E+02   1.1962154E+03   2.2190236E+05   3.7281230E+04   7.3706484E+04   8.0364485E+03   1.2054314E+04
    1.7313679E+03   9.4529628E+02   1.8829476E+03   8.5441793E+02   1.2816230E+03   1.1549205E+03   1.5398187E+03   2.9060329E+02
    2.2057218E+02   4.4031266E+02   3.0276525E+02   4.5414674E+02   4.2883549E+02   5.7178065E+02   1.2823531E+03   1.2350005E+02
    1.0638673E+02   2.1255421E+02   1.7272474E+02   2.5908711E+02   2.5040601E+02   3.3387468E+02   1.6651634E+03   7.6575479E+01
    2.0992162E+02   3.0828172E+02   4.2240101E+02   1.9872460E+03   2.0134517E+05   3.8550648E+04   7.6280979E+04   9.7743993E+03
    1.4661194E+04   2.2400458E+03   1.2769933E+03   2.5444178E+03   1.2233357E+03   1.8349985E+03   1.6669982E+03   2.2225637E+03
    4.2787401E+02   3.3109733E+02   6.6103804E+02   4.6747232E+02   7.0120686E+02   6.6557758E+02   8.8743677E+02   1.9910903E+03
    1.9344006E+02   1.6845298E+02   3.3658435E+02   2.7793395E+02   4.1690093E+02   4.0421132E+02   5.3894843E+02   2.6892569E+03
    1.2426564E+02   3.4304225E+02   5.0861113E+02   6.9821330E+02   3.2863587E+03   1.8859864E+05   4.0812525E+04   8.0820763E+04
    1.2054921E+04   1.8081919E+04   2.9279984E+03   1.7390949E+03   3.4661244E+03   1.7594011E+03   2.6390949E+03   2.4151676E+03
    3.2200886E+03   6.3179858E+02   4.9809091E+02   9.9457092E+02   7.2186857E+02   1.0828005E+03   1.0321648E+03   1.3762198E+03
    3.0885555E+03   3.0284473E+02   2.6644814E+02   5.3242533E+02   4.4608508E+02   6.6912762E+02   6.5040265E+02   8.6720353E+02
    4.3282355E+03   2.0108235E+02   5.5858784E+02   8.3548601E+02   1.1487460E+03   5.4081330E+03   1.8127699E+05   4.4008737E+04
    8.7215139E+04   1.5006328E+04   2.2508960E+04   3.8491018E+03   2.3767487E+03   4.7382464E+03   2.5308795E+03   3.7963103E+03
    3.4977838E+03   4.6635312E+03   9.3172355E+02   7.4769617E+02   1.4931559E+03   1.1102925E+03   1.6654354E+03   1.5934768E+03
    2.1246357E+03   4.7691457E+03   4.7193436E+02   4.1923492E+02   8.3778456E+02   7.1140381E+02   1.0671057E+03   1.0395430E+03
    1.3860573E+03   6.9189606E+03   3.2318471E+02   9.0298967E+02   1.3616940E+03   1.8748632E+03   8.8277514E+03   1.7696296E+05
    4.7873916E+04   9.4941536E+04   1.8688523E+04   2.8032173E+04   5.0454064E+03   3.2320339E+03   6.4449132E+03   3.6116306E+03
    5.4174339E+03   5.0230089E+03   6.6971057E+03   1.3611555E+03   1.1107966E+03   2.2185249E+03   1.6875197E+03   2.5312749E+03
    2.4301860E+03   3.2402481E+03   7.2746608E+03   7.2623152E+02   6.5100064E+02   1.3010185E+03   1.1186962E+03   1.6780443E+03
    1.6380226E+03   2.1840301E+03   1.0903751E+04   5.1195644E+02   1.4382188E+03   2.1855074E+03   3.0130138E+03   1.4188169E+04
    1.7276893E+05   5.1784517E+04   1.0276501E+05   2.2978298E+04   3.4466753E+04   6.5108838E+03   4.3188514E+03   8.6141118E+03
    5.0514789E+03   7.5772031E+03   7.0674544E+03   9.4229619E+03   1.9465446E+03   1.6140008E+03   3.2238927E+03   2.5054283E+03
    3.7581361E+03   3.6196366E+03   4.8261822E+03   1.0837074E+04   1.0909726E+03   9.8637239E+02   1.9713725E+03   1.7153039E+03
    2.5729559E+03   2.5163728E+03   3.3551637E+03   1.6752639E+04   7.9045344E+02   2.2320461E+03   3.4164854E+03   4.7157868E+03
    2.2208512E+04   1.6442274E+05   5.4369324E+04   1.0796307E+05   2.7276839E+04   4.0914503E+04   8.0950877E+03   5.5524057E+03
    1.1076952E+04   6.7846158E+03   1.0176905E+04   9.5464134E+03   1.2728166E+04   2.6705519E+03   2.2483806E+03   4.4915036E+03
    3.5630260E+03   5.3445307E+03   5.1633645E+03   6.8844860E+03   1.5461477E+04   1.5690806E+03   1.4303392E+03   2.8588507E+03
    2.5158813E+03   3.7738220E+03   3.6975383E+03   4.9300511E+03   2.4618989E+04   1.1671127E+03   3.3119377E+03   5.1047490E+03
    7.0542612E+03   3.3224187E+04   1.4712622E+05   5.3239481E+04   1.0578116E+05   2.9895528E+04   4.4842531E+04   9.2573365E+03
    6.5476505E+03   1.3065121E+04   8.3284068E+03   1.2492589E+04   1.1779880E+04   1.5706070E+04   3.3427493E+03   2.8540366E+03
    5.7019427E+03   4.6093805E+03   6.9140609E+03   6.6984848E+03   8.9313130E+03   2.0061354E+04   2.0509787E+03   1.8837776E+03
    3.7653441E+03   3.3483008E+03   5.0224512E+03   4.9291243E+03   6.5721657E+03   3.2822547E+04   1.5627796E+03   4.4548607E+03
    6.9102424E+03   9.5594093E+03   4.5026462E+04   1.4594205E+05   5.3038697E+04   1.0538519E+05   2.9943043E+04   4.4913806E+04
    9.2907289E+03   6.5809159E+03   1.3131628E+04   8.3867892E+03   1.2580162E+04   1.1865349E+04   1.5820028E+04   3.3692469E+03
    2.8785999E+03   5.7510429E+03   4.6532757E+03   6.9799036E+03   6.7631748E+03   9.0175664E+03   2.0255233E+04   2.0715205E+03
    1.9033356E+03   3.8044466E+03   3.3847628E+03   5.0771442E+03   4.9831967E+03   6.6442623E+03   3.3182775E+04   1.5802585E+03
    4.5056694E+03   6.9911957E+03   9.6718888E+03   4.5556439E+04
    9.4809879E+01   9.5939182E+01   1.2189132E+02   1.6602789E+02   2.3639727E+02   3.4700791E+02   5.1971109E+02   7.8769594E+02
    1.2032780E+03   1.8451712E+03   2.8380603E+03   4.3689820E+03   6.7343479E+03   1.0384219E+04   1.6013842E+04   2.4700308E+04
    3.8107309E+04   5.8797398E+04   9.0692870E+04   1.3999311E+05   2.1592160E+05   3.3349221E+05   5.1485591E+05   7.9474859E+05
    1.2271204E+06   1.9133151E+06   3.1132095E+06   5.0868847E+06   8.3731192E+06   1.3462087E+07   2.1009181E+07   3.1951999E+07
    4.7389731E+07   6.9116737E+07   9.9882336E+07   1.4346585E+08   2.0469751E+08   2.9078379E+08   4.1234640E+08   5.8456205E+08
    8.2708888E+08   1.1677445E+09   1.6460079E+09   2.3164606E+09   3.2531542E+09   4.5552913E+09   6.3492678E+09   8.7780155E+09
    1.1979067E+10   1.6005963E+10   2.0313863E+10   2.0520870E+10
