                 r                   i01                i02                    i03                    i04 i05 i06 i07 i08
------------------ --------------------- ------------------ ---------------------- ---------------------- --- --- --- ---
1285502400000000.0     5952.210122178093 470875225.98052466     17545.711048773424 1.5084459369032702e-10 0.0 0.0 0.0 0.0
1385467200000000.0     3999.053001997529  278769739.3863234      7803.495163880884  4.846523849100424e-11 0.0 0.0 0.0 0.0
1485432000000000.0     2635.397535698591 171180025.04472977      3372.475185114359 1.2406221553663753e-11 0.0 0.0 0.0 0.0
1585396800000000.0    1403.3713692171448  108506474.4951332     2659.7577899895664 1.4137117228267704e-11 0.0 0.0 0.0 0.0
1685361600000000.0      902.906387560844  70724907.42050092      1329.259080402656    4.4916292725802e-12 0.0 0.0 0.0 0.0
1785326400000000.0      550.068543147085  47249999.69210304      816.0999543139307 2.3102887147739925e-12 0.0 0.0 0.0 0.0
1885291200000000.0     344.4886891229814 32268396.710943103      494.0774250499531 1.0840805144729316e-12 0.0 0.0 0.0 0.0
1985256000000000.0    235.02747226838193 22475667.588123094      258.4353113072315  3.344204268653225e-13 0.0 0.0 0.0 0.0
2085220800000000.0    149.22822058523073 15935459.954135494     174.19976815161604 1.9461030676678575e-13 0.0 0.0 0.0 0.0
2185185600000000.0    101.74965461320942 11481845.255420497      103.3362901202609   7.82220250782688e-14 0.0 0.0 0.0 0.0
2285150400000000.0     65.31352436310826  8395120.718763988      75.56383974819343  5.290838528882169e-14 0.0 0.0 0.0 0.0
2385115200000000.0      42.3090069318682  6221072.835899108      57.23687855553446 3.8478365873688224e-14 0.0 0.0 0.0 0.0
2485080000000000.0     28.11275035483386  4667115.229365921       42.9586202909025  2.685916207733869e-14 0.0 0.0 0.0 0.0
2585044800000000.0    18.640676085276294 3541235.3028155277      33.97683054841661 2.1098706201884657e-14 0.0 0.0 0.0 0.0
2685009600000000.0    13.084666020262262  2715256.587478898     24.305593555243412 1.2529993219170408e-14 0.0 0.0 0.0 0.0
2784974400000000.0     9.871357124741111 2102248.8662930345     15.189970539718951   5.17478904322571e-15 0.0 0.0 0.0 0.0
2884939200000000.0      7.03316826437407 1642389.8550165745      11.30249549221174 3.2994759986382258e-15 0.0 0.0 0.0 0.0
2984904000000000.0     5.185997488196652 1293959.6466359734       8.06545335373863 1.8748922728290997e-15 0.0 0.0 0.0 0.0
3084868800000000.0    3.8687659268259704 1027488.0604496404      5.796121455020915  1.074270972505996e-15 0.0 0.0 0.0 0.0
3184833600000000.0      3.00586849775025  821914.9642796232     3.8899947318954036  5.103957522532811e-16 0.0 0.0 0.0 0.0
3284798400000000.0     2.252552274256862  662023.3517766987      2.936393288488196 3.2495958363461996e-16 0.0 0.0 0.0 0.0
3384763200000000.0    1.7660799498012631  536706.2303834832     2.0465854170690387  1.671927033283927e-16 0.0 0.0 0.0 0.0
3484728000000000.0     1.363453415472561  437776.7520318169     1.5261597637281126 1.0180185722713795e-16 0.0 0.0 0.0 0.0
3584692800000000.0    1.0801654549437183 359146.40607045556     1.0917732298844232  5.509375602640054e-17 0.0 0.0 0.0 0.0
3684657600000000.0    0.8420446297127274   296247.943567573      0.831668262165122  3.477929796385424e-17 0.0 0.0 0.0 0.0
3784622400000000.0    0.6951894615214388 245627.86870326384     0.5647875858439608   1.62588592553109e-17 0.0 0.0 0.0 0.0
3884587200000000.0    0.5362468135978392  204654.6001097396     0.4635252374601478 1.2311676880665268e-17 0.0 0.0 0.0 0.0
3984552000000000.0    0.4557254382413534  171308.6663151636     0.3054562097681336  5.254859009192363e-18 0.0 0.0 0.0 0.0
4084516800000000.0    0.3718910889386946  144029.3972983837     0.2270210431194018 3.0424285587642722e-18 0.0 0.0 0.0 0.0
4184481600000000.0   0.30643802710344037 121603.03762620705     0.1681075089426331 1.7373755330594366e-18 0.0 0.0 0.0 0.0
4284446400000000.0    0.2530700215555606 103079.70372532007    0.12583017582197356  1.013382015438957e-18 0.0 0.0 0.0 0.0
4384411200000000.0   0.21413235538928335  87711.65375873989    0.09027204056322537  5.273765866528664e-19 0.0 0.0 0.0 0.0
4484376000000000.0   0.18178776439024774  74906.96242337395     0.0653293818877546 2.7949816255086126e-19 0.0 0.0 0.0 0.0
4584340800000000.0   0.15170400346856824  64194.54448342462    0.05010029903268977  1.712208305304492e-19 0.0 0.0 0.0 0.0
4684305600000000.0   0.12657439749466914 55197.563915428356   0.039015713837199664  1.086389547426978e-19 0.0 0.0 0.0 0.0
4784270400000000.0   0.10687208619060701  47613.10309316995    0.02993292247812424   6.60571820708719e-20 0.0 0.0 0.0 0.0
4884235200000000.0   0.08877068822720241  41196.52463800997   0.024252249024618377  4.605320640633897e-20 0.0 0.0 0.0 0.0
4984200000000000.0   0.07558281795231928  35749.36931905021    0.01872477940805678  2.824283157889421e-20 0.0 0.0 0.0 0.0
5084164800000000.0   0.06505622490776325 31109.949959828875   0.014250528648829124 1.6625649656021916e-20 0.0 0.0 0.0 0.0
5184129600000000.0   0.05587792796903703 27145.993126848625   0.011047006715014462 1.0234841322868168e-20 0.0 0.0 0.0 0.0
5284094400000000.0  0.047660185692020254 23748.859038184124   0.008817181943738095                    0.0 0.0 0.0 0.0 0.0
5384059200000000.0   0.04196880270782738  20828.97786399824   0.006578474029716402                    0.0 0.0 0.0 0.0 0.0
5484024000000000.0    0.0355819807169204 18312.235118701967    0.00544922791777541                    0.0 0.0 0.0 0.0 0.0
5583988800000000.0  0.031488299538506556 16137.082839572578   0.004104629868490713                    0.0 0.0 0.0 0.0 0.0
5683953600000000.0  0.027359300338067216  14252.24091706904  0.0032683829170826097                    0.0 0.0 0.0 0.0 0.0
5783918400000000.0  0.023197149353439816 12614.840406135674    0.00279206758925112                    0.0 0.0 0.0 0.0 0.0
5883883200000000.0  0.020682136737052267 11188.930330616166  0.0021243001516603223                    0.0 0.0 0.0 0.0 0.0
5983848000000000.0  0.018202146333770642  9944.272469339645  0.0016868584498806309                    0.0 0.0 0.0 0.0 0.0
6083812800000000.0  0.016245116362680487  8855.355474861726  0.0013058924265671426                    0.0 0.0 0.0 0.0 0.0
6183777600000000.0  0.014247866100731296  7900.596501525613  0.0010638404729910761                    0.0 0.0 0.0 0.0 0.0
6283742400000000.0  0.012822923290401035   7061.68443275356  0.0008207732472579308                    0.0 0.0 0.0 0.0 0.0
6383707200000000.0  0.011439233766219695  6323.044114556487  0.0006522319802282257                    0.0 0.0 0.0 0.0 0.0
6483672000000000.0  0.010014643127153307  5671.392345290135  0.0005473429625046965                    0.0 0.0 0.0 0.0 0.0
6583636800000000.0  0.009271836992161697  5095.371841942481 0.00040291975732525384                    0.0 0.0 0.0 0.0 0.0
6683601600000000.0  0.008354069639218338  4585.250367757187 0.00031963608807267983                    0.0 0.0 0.0 0.0 0.0
6783566400000000.0  0.007541857176404476  4132.666636474857  0.0002541755271307948                    0.0 0.0 0.0 0.0 0.0
6883531200000000.0  0.006827328140877958  3730.421806915105  0.0002021669652105645                    0.0 0.0 0.0 0.0 0.0
6983496000000000.0  0.006197385580631442  3372.303988595079 0.00016081176208331831                    0.0 0.0 0.0 0.0 0.0
7083460800000000.0  0.005602004926593766 3052.9414594858217 0.00013006260546629056                    0.0 0.0 0.0 0.0 0.0
7183425600000000.0  0.005132495967005637  2767.679189585245 0.00010247561673906632                    0.0 0.0 0.0 0.0 0.0
7283390400000000.0 0.0045324935658466485 2512.4754777309345  8.896234595746869e-05                    0.0 0.0 0.0 0.0 0.0
7383355200000000.0  0.004279224344156315 2283.8132877817084  6.587238123726322e-05                    0.0 0.0 0.0 0.0 0.0
7483320000000000.0   0.00395920739142461 2078.6276518746563  5.158297319583448e-05                    0.0 0.0 0.0 0.0 0.0
7583284800000000.0 0.0036625334933874294 1894.2414672973714  4.064421119372138e-05                    0.0 0.0 0.0 0.0 0.0
7683249600000000.0  0.003391679381570438 1728.3126220117742  3.212317855845384e-05                    0.0 0.0 0.0 0.0 0.0
7783214400000000.0  0.003145047291094893 1578.7883998336833 2.5445516351904137e-05                    0.0 0.0 0.0 0.0 0.0
7883179200000000.0  0.002923095639843099 1443.8666243515283  2.014994779607214e-05                    0.0 0.0 0.0 0.0 0.0
7983144000000000.0  0.002723130304895189 1321.9624345546408 1.5949163569015994e-05                    0.0 0.0 0.0 0.0 0.0
8083108800000000.0  0.002542741972820199 1211.6798022821927 1.2616958018142485e-05                    0.0 0.0 0.0 0.0 0.0
8183073600000000.0 0.0023797980444057393  1111.787076359542  9.974387494195156e-06                    0.0 0.0 0.0 0.0 0.0
8283038400000000.0 0.0022324183971839193 1021.1959415394426  7.879542545713005e-06                    0.0 0.0 0.0 0.0 0.0
8383003200000000.0 0.0020992592718416594  938.9432813555964  6.220192015881506e-06                    0.0 0.0 0.0 0.0 0.0
8482968000000000.0 0.0019786316223282074  864.1755170671219  4.906258838695541e-06                    0.0 0.0 0.0 0.0 0.0
8582932800000000.0 0.0018691286492691066  796.1350582838675  3.866388912230263e-06                    0.0 0.0 0.0 0.0 0.0
8682897600000000.0 0.0017718497226827776  734.1485597685232 3.0348505778545827e-06                    0.0 0.0 0.0 0.0 0.0
8782862400000000.0 0.0016812600709303221  677.6167389030335 2.3868898058594955e-06                    0.0 0.0 0.0 0.0 0.0
8882827200000000.0 0.0015987080697570499  626.0055008757288 1.8755880740552658e-06                    0.0 0.0 0.0 0.0 0.0
8982792000000000.0    0.0015252449203704  578.8382286745425 1.4682333818516595e-06                    0.0 0.0 0.0 0.0 0.0
9082756800000000.0 0.0014543620232355702  535.6890590546393  1.155520635729207e-06                    0.0 0.0 0.0 0.0 0.0
9182721600000000.0 0.0013926128649945524 496.17698154856606  9.038826225493063e-07                    0.0 0.0 0.0 0.0 0.0
9282686400000000.0 0.0013361786981772325 459.96071700767266  7.063786025478021e-07                    0.0 0.0 0.0 0.0 0.0
9382651200000000.0  0.001284654164861202  426.7341959333236  5.514346396125612e-07                    0.0 0.0 0.0 0.0 0.0
9482616000000000.0 0.0012376500246858789  396.2226063347744 4.2997533388392605e-07                    0.0 0.0 0.0 0.0 0.0
9582580800000000.0 0.0011948073540895357 368.17891798303725  3.348560580862451e-07                    0.0 0.0 0.0 0.0 0.0
9682545600000000.0  0.001155800386755025  342.3808240609041  2.604446201959827e-07                    0.0 0.0 0.0 0.0 0.0
9782510400000000.0 0.0011203356728070376  318.6280464434427 2.0229999391912372e-07                    0.0 0.0 0.0 0.0 0.0
9882475200000000.0 0.0010881499988953849  296.7399582314801 1.5692141705388245e-07                    0.0 0.0 0.0 0.0 0.0
9982440000000000.0 0.0010590079621640958  276.5534834693447  1.215509627694174e-07                    0.0 0.0 0.0 0.0 0.0
    1.00824048e+16  0.001032699550795107 257.92123937568783  9.401763061103417e-08                    0.0 0.0 0.0 0.0 0.0
    1.01823696e+16 0.0010090378726678676 240.70989104200487  7.261401824449039e-08                    0.0 0.0 0.0 0.0 0.0
    1.02823344e+16 0.0009878570844937208 224.79869252421696 5.5998699212810904e-08                    0.0 0.0 0.0 0.0 0.0
    1.03822992e+16 0.0009690105344297089 210.07819166642633  4.311894107479467e-08                    0.0 0.0 0.0 0.0 0.0
     1.0482264e+16 0.0009524984289400654  196.4490788059896  3.313876010512585e-08                    0.0 0.0 0.0 0.0 0.0
    1.05822288e+16  0.000938106262857507  183.8211627916521 2.5425854726677733e-08                    0.0 0.0 0.0 0.0 0.0
    1.06821936e+16 0.0009255373831136536 172.11245833329704 1.9484762300852943e-08                    0.0 0.0 0.0 0.0 0.0
    1.07821584e+16  0.000914879210271205 161.24837173835186 1.4907128805970342e-08                    0.0 0.0 0.0 0.0 0.0
    1.08821232e+16 0.0009060599171139641 151.16097491182214 1.1385686041345059e-08                    0.0 0.0 0.0 0.0 0.0
     1.0982088e+16 0.0008990196559326998 141.78835585125216  8.681157615580174e-09                    0.0 0.0 0.0 0.0 0.0
    1.10820528e+16 0.0008937098778739465 133.07403771260596 6.6074848895520305e-09                    0.0 0.0 0.0 0.0 0.0
    1.11820176e+16 0.0008900927722540967 124.96645853789109  5.020206575711181e-09                    0.0 0.0 0.0 0.0 0.0
