-8.0 5.00000e-02	1.0000e+04	4.7607e-13	2.7122e-11	0.0000e+00	ISclinH H  0.0	0.4958096	Fe 2 0.0	0.2140377	Mg 2 0.0	0.1403136	O  1 0.0	0.0721792	S  2 0.0	0.0197129	C  1 0.0	0.0177044	Si 2 0.0	0.0093083	N  1 0.0	0.0082614	Mg 1 0.0	0.0051639	Al 2 0.0	0.0036563	C  2 0.0	0.0028930	IScionH H  0.0	0.0017151	ISrcolH H  0.0	0.0016629	O  2 0.0	0.0014910	Ne 2 0.0	0.0012624	FF c 0.0	0.0012173	N  2 0.0	0.0010660	H-fb 0.0	0.0008896	Ar 2 0.0	0.0004743	H2+  0.0	0.0003908	ISclinHeHe 1.0	0.0001712	Fe 3 0.0	0.0001528	S  1 0.0	0.0001217 
-7.9 5.00000e-02	1.0000e+04	5.9393e-13	3.0378e-11	0.0000e+00	ISclinH H  0.0	0.4973888	Fe 2 0.0	0.2125830	Mg 2 0.0	0.1412067	O  1 0.0	0.0709036	S  2 0.0	0.0198104	C  1 0.0	0.0167761	Si 2 0.0	0.0093682	N  1 0.0	0.0082012	Mg 1 0.0	0.0051547	Al 2 0.0	0.0036787	C  2 0.0	0.0032761	ISrcolH H  0.0	0.0018880	IScionH H  0.0	0.0017205	O  2 0.0	0.0016624	FF c 0.0	0.0013155	Ne 2 0.0	0.0013046	N  2 0.0	0.0011181	H-fb 0.0	0.0008929	Ar 2 0.0	0.0004967	H2+  0.0	0.0003915	ISclinHeHe 1.0	0.0002043	Fe 3 0.0	0.0001726	S  1 0.0	0.0001093 
-7.8 5.00000e-02	1.0000e+04	7.4099e-13	3.3977e-11	0.0000e+00	ISclinH H  0.0	0.4988995	Fe 2 0.0	0.2110870	Mg 2 0.0	0.1421374	O  1 0.0	0.0695288	S  2 0.0	0.0198746	C  1 0.0	0.0159310	Si 2 0.0	0.0094329	N  1 0.0	0.0081364	Mg 1 0.0	0.0051493	Al 2 0.0	0.0037029	C  2 0.0	0.0037005	ISrcolH H  0.0	0.0021417	O  2 0.0	0.0018531	IScionH H  0.0	0.0017258	FF c 0.0	0.0014261	Ne 2 0.0	0.0013453	N  2 0.0	0.0011722	H-fb 0.0	0.0008961	Ar 2 0.0	0.0005175	H2+  0.0	0.0003921	ISclinHeHe 1.0	0.0002429	Fe 3 0.0	0.0001950	ISrcolHeHe 1.0	0.0001191 
-7.7 5.00000e-02	1.0000e+04	9.2434e-13	3.7948e-11	0.0000e+00	ISclinH H  0.0	0.5003278	Fe 2 0.0	0.2095622	Mg 2 0.0	0.1431066	O  1 0.0	0.0680527	S  2 0.0	0.0199081	C  1 0.0	0.0151575	Si 2 0.0	0.0095024	N  1 0.0	0.0080657	Mg 1 0.0	0.0051471	C  2 0.0	0.0041701	Al 2 0.0	0.0037287	ISrcolH H  0.0	0.0024277	O  2 0.0	0.0020649	IScionH H  0.0	0.0017307	FF c 0.0	0.0015507	Ne 2 0.0	0.0013840	N  2 0.0	0.0012290	H-fb 0.0	0.0008991	Ar 2 0.0	0.0005364	H2+  0.0	0.0003927	ISclinHeHe 1.0	0.0002880	Fe 3 0.0	0.0002201	ISrcolHeHe 1.0	0.0001417 
-7.6 5.00000e-02	1.0000e+04	1.1528e-12	4.2331e-11	0.0000e+00	ISclinH H  0.0	0.5016852	Fe 2 0.0	0.2080092	Mg 2 0.0	0.1441104	O  1 0.0	0.0664691	S  2 0.0	0.0199101	C  1 0.0	0.0144437	Si 2 0.0	0.0095766	N  1 0.0	0.0079875	Mg 1 0.0	0.0051479	C  2 0.0	0.0046882	Al 2 0.0	0.0037563	ISrcolH H  0.0	0.0027503	O  2 0.0	0.0022999	IScionH H  0.0	0.0017354	FF c 0.0	0.0016913	Ne 2 0.0	0.0014200	N  2 0.0	0.0012889	H-fb 0.0	0.0009019	Ar 2 0.0	0.0005530	H2+  0.0	0.0003931	ISclinHeHe 1.0	0.0003404	Fe 3 0.0	0.0002484	ISrcolHeHe 1.0	0.0001679 
-7.5 5.00000e-02	1.0000e+04	1.4372e-12	4.7155e-11	0.0000e+00	ISclinH H  0.0	0.5029110	Fe 2 0.0	0.2064590	Mg 2 0.0	0.1451586	O  1 0.0	0.0647843	S  2 0.0	0.0198848	C  1 0.0	0.0137817	Si 2 0.0	0.0096565	N  1 0.0	0.0079012	C  2 0.0	0.0052593	Mg 1 0.0	0.0051520	Al 2 0.0	0.0037859	ISrcolH H  0.0	0.0031141	O  2 0.0	0.0025606	FF c 0.0	0.0018497	IScionH H  0.0	0.0017396	Ne 2 0.0	0.0014530	N  2 0.0	0.0013527	H-fb 0.0	0.0009044	Ar 2 0.0	0.0005670	ISclinHeHe 1.0	0.0004011	H2+  0.0	0.0003934	Fe 3 0.0	0.0002803	ISrcolHeHe 1.0	0.0001984 
-7.4 5.00000e-02	1.0000e+04	1.7910e-12	5.2458e-11	0.0000e+00	ISclinH H  0.0	0.5039965	Fe 2 0.0	0.2049190	Mg 2 0.0	0.1462466	O  1 0.0	0.0629984	S  2 0.0	0.0198327	C  1 0.0	0.0131624	Si 2 0.0	0.0097419	N  1 0.0	0.0078051	C  2 0.0	0.0058873	Mg 1 0.0	0.0051589	Al 2 0.0	0.0038175	ISrcolH H  0.0	0.0035243	O  2 0.0	0.0028490	FF c 0.0	0.0020283	IScionH H  0.0	0.0017434	Ne 2 0.0	0.0014826	N  2 0.0	0.0014210	H-fb 0.0	0.0009067	Ar 2 0.0	0.0005784	ISclinHeHe 1.0	0.0004713	H2+  0.0	0.0003936	Fe 3 0.0	0.0003162	ISrcolHeHe 1.0	0.0002335 
-7.3 5.00000e-02	1.0000e+04	2.2305e-12	5.8276e-11	0.0000e+00	ISclinH H  0.0	0.5049083	Fe 2 0.0	0.2034059	Mg 2 0.0	0.1473754	O  1 0.0	0.0611155	S  2 0.0	0.0197549	C  1 0.0	0.0125784	Si 2 0.0	0.0098333	N  1 0.0	0.0076981	C  2 0.0	0.0065764	Mg 1 0.0	0.0051683	ISrcolH H  0.0	0.0039871	Al 2 0.0	0.0038511	O  2 0.0	0.0031678	FF c 0.0	0.0022297	IScionH H  0.0	0.0017465	Ne 2 0.0	0.0015082	N  2 0.0	0.0014946	H-fb 0.0	0.0009086	Ar 2 0.0	0.0005869	ISclinHeHe 1.0	0.0005523	H2+  0.0	0.0003936	Fe 3 0.0	0.0003566	ISrcolHeHe 1.0	0.0002741 
-7.2 5.00000e-02	1.0000e+04	2.7760e-12	6.4647e-11	0.0000e+00	ISclinH H  0.0	0.5056223	Fe 2 0.0	0.2019312	Mg 2 0.0	0.1485405	O  1 0.0	0.0591407	S  2 0.0	0.0196526	C  1 0.0	0.0120225	Si 2 0.0	0.0099307	N  1 0.0	0.0075788	C  2 0.0	0.0073303	Mg 1 0.0	0.0051797	ISrcolH H  0.0	0.0045091	Al 2 0.0	0.0038869	O  2 0.0	0.0035193	FF c 0.0	0.0024569	IScionH H  0.0	0.0017490	N  2 0.0	0.0015743	Ne 2 0.0	0.0015294	H-fb 0.0	0.0009100	ISclinHeHe 1.0	0.0006454	Ar 2 0.0	0.0005923	Fe 3 0.0	0.0004023	H2+  0.0	0.0003936	ISrcolHeHe 1.0	0.0003207	Ar 3 0.0	0.0001242	Ne 3 0.0	0.0001081	S  3 0.0	0.0001023 
-7.1 5.00000e-02	1.0000e+04	3.4521e-12	7.1610e-11	0.0000e+00	ISclinH H  0.0	0.5060672	Fe 2 0.0	0.2005242	Mg 2 0.0	0.1497513	O  1 0.0	0.0570850	S  2 0.0	0.0195277	C  1 0.0	0.0114897	Si 2 0.0	0.0100353	C  2 0.0	0.0081533	N  1 0.0	0.0074464	Mg 1 0.0	0.0051940	ISrcolH H  0.0	0.0050977	Al 2 0.0	0.0039251	O  2 0.0	0.0039065	FF c 0.0	0.0027130	IScionH H  0.0	0.0017505	N  2 0.0	0.0016611	Ne 2 0.0	0.0015459	H-fb 0.0	0.0009110	ISclinHeHe 1.0	0.0007524	Ar 2 0.0	0.0005947	Fe 3 0.0	0.0004538	H2+  0.0	0.0003933	ISrcolHeHe 1.0	0.0003742	Ar 3 0.0	0.0001537	Ne 3 0.0	0.0001329	S  3 0.0	0.0001106 
-7.0 5.00000e-02	1.0000e+04	4.2888e-12	7.9200e-11	0.0000e+00	ISclinH H  0.0	0.5062100	Fe 2 0.0	0.1991965	Mg 2 0.0	0.1510030	O  1 0.0	0.0549569	S  2 0.0	0.0193812	C  1 0.0	0.0109745	Si 2 0.0	0.0101472	C  2 0.0	0.0090489	N  1 0.0	0.0072996	ISrcolH H  0.0	0.0057615	Mg 1 0.0	0.0052105	O  2 0.0	0.0043319	Al 2 0.0	0.0039658	FF c 0.0	0.0030018	N  2 0.0	0.0017558	IScionH H  0.0	0.0017510	Ne 2 0.0	0.0015574	H-fb 0.0	0.0009115	ISclinHeHe 1.0	0.0008749	Ar 2 0.0	0.0005940	Fe 3 0.0	0.0005121	ISrcolHeHe 1.0	0.0004355	H2+  0.0	0.0003928	Ar 3 0.0	0.0001890	Ne 3 0.0	0.0001629	S  3 0.0	0.0001196 
-6.9 5.00000e-02	1.0000e+04	5.3225e-12	8.7456e-11	0.0000e+00	ISclinH H  0.0	0.5060089	Fe 2 0.0	0.1979617	Mg 2 0.0	0.1522925	O  1 0.0	0.0527668	S  2 0.0	0.0192139	C  1 0.0	0.0104726	Si 2 0.0	0.0102669	C  2 0.0	0.0100199	N  1 0.0	0.0071374	ISrcolH H  0.0	0.0065099	Mg 1 0.0	0.0052291	O  2 0.0	0.0047982	Al 2 0.0	0.0040092	FF c 0.0	0.0033273	N  2 0.0	0.0018595	IScionH H  0.0	0.0017503	Ne 2 0.0	0.0015635	ISclinHeHe 1.0	0.0010151	H-fb 0.0	0.0009113	Ar 2 0.0	0.0005901	Fe 3 0.0	0.0005780	ISrcolHeHe 1.0	0.0005056	H2+  0.0	0.0003921	Ar 3 0.0	0.0002307	Ne 3 0.0	0.0001991	S  3 0.0	0.0001293 
-6.8 5.00000e-02	1.0000e+04	6.5970e-12	9.6403e-11	0.0000e+00	ISclinH H  0.0	0.5053929	Fe 2 0.0	0.1968431	Mg 2 0.0	0.1536227	O  1 0.0	0.0505293	S  2 0.0	0.0190283	C  2 0.0	0.0110699	Si 2 0.0	0.0103955	C  1 0.0	0.0099805	ISrcolH H  0.0	0.0073535	N  1 0.0	0.0069589	O  2 0.0	0.0053086	Mg 1 0.0	0.0052496	Al 2 0.0	0.0040555	FF c 0.0	0.0036942	N  2 0.0	0.0019735	IScionH H  0.0	0.0017481	Ne 2 0.0	0.0015644	ISclinHeHe 1.0	0.0011753	H-fb 0.0	0.0009103	Fe 3 0.0	0.0006528	ISrcolHeHe 1.0	0.0005855	Ar 2 0.0	0.0005832	H2+  0.0	0.0003910	Ar 3 0.0	0.0002797	Ne 3 0.0	0.0002426	S  3 0.0	0.0001400 
-6.7 5.00000e-02	1.0000e+04	8.1650e-12	1.0607e-10	0.0000e+00	ISclinH H  0.0	0.5043085	Fe 2 0.0	0.1958550	Mg 2 0.0	0.1549910	O  1 0.0	0.0482574	S  2 0.0	0.0188255	C  2 0.0	0.0122011	Si 2 0.0	0.0105335	C  1 0.0	0.0094954	ISrcolH H  0.0	0.0083043	N  1 0.0	0.0067635	O  2 0.0	0.0058659	Mg 1 0.0	0.0052719	FF c 0.0	0.0041077	Al 2 0.0	0.0041049	N  2 0.0	0.0020988	IScionH H  0.0	0.0017443	Ne 2 0.0	0.0015599	ISclinHeHe 1.0	0.0013580	H-fb 0.0	0.0009085	Fe 3 0.0	0.0007376	ISrcolHeHe 1.0	0.0006766	Ar 2 0.0	0.0005735	H2+  0.0	0.0003897	Ar 3 0.0	0.0003367	Ne 3 0.0	0.0002949	S  3 0.0	0.0001516 
-6.6 5.00000e-02	1.0000e+04	1.0089e-11	1.1647e-10	0.0000e+00	ISclinH H  0.0	0.5026911	Fe 2 0.0	0.1950144	Mg 2 0.0	0.1563962	O  1 0.0	0.0459657	S  2 0.0	0.0186074	C  2 0.0	0.0134151	Si 2 0.0	0.0106821	ISrcolH H  0.0	0.0093754	C  1 0.0	0.0090152	N  1 0.0	0.0065508	O  2 0.0	0.0064730	Mg 1 0.0	0.0052960	FF c 0.0	0.0045735	Al 2 0.0	0.0041577	N  2 0.0	0.0022366	IScionH H  0.0	0.0017387	ISclinHeHe 1.0	0.0015661	Ne 2 0.0	0.0015502	H-fb 0.0	0.0009057	Fe 3 0.0	0.0008341	ISrcolHeHe 1.0	0.0007802	Ar 2 0.0	0.0005610	Ar 3 0.0	0.0004024	H2+  0.0	0.0003879	Ne 3 0.0	0.0003573	S  3 0.0	0.0001645 
-6.5 5.00000e-02	1.0000e+04	1.2444e-11	1.2762e-10	0.0000e+00	ISclinH H  0.0	0.5004721	Fe 2 0.0	0.1943379	Mg 2 0.0	0.1578369	O  1 0.0	0.0436684	S  2 0.0	0.0183759	C  2 0.0	0.0147134	Si 2 0.0	0.0108424	ISrcolH H  0.0	0.0105818	C  1 0.0	0.0085386	O  2 0.0	0.0071330	N  1 0.0	0.0063206	Mg 1 0.0	0.0053216	FF c 0.0	0.0050981	Al 2 0.0	0.0042142	N  2 0.0	0.0023884	ISclinHeHe 1.0	0.0018031	IScionH H  0.0	0.0017310	Ne 2 0.0	0.0015354	Fe 3 0.0	0.0009440	H-fb 0.0	0.0009018	ISrcolHeHe 1.0	0.0008979	Ar 2 0.0	0.0005460	Ar 3 0.0	0.0004777	Ne 3 0.0	0.0004318	H2+  0.0	0.0003857	S  3 0.0	0.0001789 
-6.4 5.00000e-02	1.0000e+04	1.5316e-11	1.3950e-10	0.0000e+00	ISclinH H  0.0	0.4975789	Fe 2 0.0	0.1938422	Mg 2 0.0	0.1593106	O  1 0.0	0.0413800	S  2 0.0	0.0181330	C  2 0.0	0.0160968	ISrcolH H  0.0	0.0119398	Si 2 0.0	0.0110157	C  1 0.0	0.0080649	O  2 0.0	0.0078490	N  1 0.0	0.0060731	FF c 0.0	0.0056888	Mg 1 0.0	0.0053488	Al 2 0.0	0.0042748	N  2 0.0	0.0025554	ISclinHeHe 1.0	0.0020725	IScionH H  0.0	0.0017209	Ne 2 0.0	0.0015158	Fe 3 0.0	0.0010696	ISrcolHeHe 1.0	0.0010314	H-fb 0.0	0.0008966	Ar 3 0.0	0.0005630	Ar 2 0.0	0.0005288	Ne 3 0.0	0.0005204	H2+  0.0	0.0003831	S  3 0.0	0.0001949 
-6.3 5.00000e-02	1.0000e+04	1.8806e-11	1.5210e-10	0.0000e+00	ISclinH H  0.0	0.4939366	Fe 2 0.0	0.1935431	Mg 2 0.0	0.1608136	O  1 0.0	0.0391141	S  2 0.0	0.0178810	C  2 0.0	0.0175655	ISrcolH H  0.0	0.0134678	Si 2 0.0	0.0112036	O  2 0.0	0.0086243	C  1 0.0	0.0075940	FF c 0.0	0.0063536	N  1 0.0	0.0058089	Mg 1 0.0	0.0053773	Al 2 0.0	0.0043400	N  2 0.0	0.0027389	ISclinHeHe 1.0	0.0023784	IScionH H  0.0	0.0017082	Ne 2 0.0	0.0014918	Fe 3 0.0	0.0012134	ISrcolHeHe 1.0	0.0011828	H-fb 0.0	0.0008901	Ar 3 0.0	0.0006590	Ne 3 0.0	0.0006255	Ar 2 0.0	0.0005097	H2+  0.0	0.0003798	S  3 0.0	0.0002130 
-6.2 5.00000e-02	1.0000e+04	2.3029e-11	1.6537e-10	0.0000e+00	ISclinH H  0.0	0.4894620	Fe 2 0.0	0.1934582	Mg 2 0.0	0.1623421	O  1 0.0	0.0368833	C  2 0.0	0.0191196	S  2 0.0	0.0176225	ISrcolH H  0.0	0.0151863	Si 2 0.0	0.0114080	O  2 0.0	0.0094627	C  1 0.0	0.0071265	FF c 0.0	0.0071014	N  1 0.0	0.0055288	Mg 1 0.0	0.0054070	Al 2 0.0	0.0044101	N  2 0.0	0.0029403	ISclinHeHe 1.0	0.0027257	IScionH H  0.0	0.0016927	Ne 2 0.0	0.0014640	Fe 3 0.0	0.0013786	ISrcolHeHe 1.0	0.0013542	H-fb 0.0	0.0008821	Ar 3 0.0	0.0007663	Ne 3 0.0	0.0007499	Ar 2 0.0	0.0004890	H2+  0.0	0.0003760	S  3 0.0	0.0002334 
-6.1 5.00000e-02	1.0000e+04	2.8116e-11	1.7923e-10	0.0000e+00	ISclinH H  0.0	0.4840721	Fe 2 0.0	0.1936042	Mg 2 0.0	0.1638890	O  1 0.0	0.0346991	C  2 0.0	0.0207588	S  2 0.0	0.0173604	ISrcolH H  0.0	0.0171170	Si 2 0.0	0.0116310	O  2 0.0	0.0103677	FF c 0.0	0.0079420	C  1 0.0	0.0066634	Mg 1 0.0	0.0054378	N  1 0.0	0.0052344	Al 2 0.0	0.0044857	N  2 0.0	0.0031610	ISclinHeHe 1.0	0.0031194	IScionH H  0.0	0.0016739	Fe 3 0.0	0.0015690	ISrcolHeHe 1.0	0.0015481	Ne 2 0.0	0.0014329	Ne 3 0.0	0.0008971	Ar 3 0.0	0.0008851	H-fb 0.0	0.0008725	Ar 2 0.0	0.0004670	H2+  0.0	0.0003715	S  3 0.0	0.0002567	C  3 0.0	0.0001163 
-6.0 5.00000e-02	1.0000e+04	3.4212e-11	1.9358e-10	0.0000e+00	ISclinH H  0.0	0.4776861	Fe 2 0.0	0.1939947	Mg 2 0.0	0.1654424	O  1 0.0	0.0325702	C  2 0.0	0.0224824	ISrcolH H  0.0	0.0192853	S  2 0.0	0.0170973	Si 2 0.0	0.0118747	O  2 0.0	0.0113437	FF c 0.0	0.0088865	C  1 0.0	0.0062061	Mg 1 0.0	0.0054691	N  1 0.0	0.0049274	Al 2 0.0	0.0045674	ISclinHeHe 1.0	0.0035653	N  2 0.0	0.0034020	Fe 3 0.0	0.0017893	ISrcolHeHe 1.0	0.0017671	IScionH H  0.0	0.0016517	Ne 2 0.0	0.0013989	Ne 3 0.0	0.0010708	Ar 3 0.0	0.0010159	H-fb 0.0	0.0008610	Ar 2 0.0	0.0004441	H2+  0.0	0.0003662	S  3 0.0	0.0002835	C  3 0.0	0.0001492 
-5.9 5.00000e-02	1.0000e+04	4.1474e-11	2.0830e-10	0.0000e+00	ISclinH H  0.0	0.4702159	Fe 2 0.0	0.1946457	Mg 2 0.0	0.1669877	O  1 0.0	0.0305044	C  2 0.0	0.0242899	ISrcolH H  0.0	0.0217179	S  2 0.0	0.0168368	O  2 0.0	0.0123955	Si 2 0.0	0.0121420	FF c 0.0	0.0099468	C  1 0.0	0.0057563	Mg 1 0.0	0.0055006	Al 2 0.0	0.0046556	N  1 0.0	0.0046102	ISclinHeHe 1.0	0.0040698	N  2 0.0	0.0036644	Fe 3 0.0	0.0020455	ISrcolHeHe 1.0	0.0020141	IScionH H  0.0	0.0016257	Ne 2 0.0	0.0013628	Ne 3 0.0	0.0012757	Ar 3 0.0	0.0011591	H-fb 0.0	0.0008476	Ar 2 0.0	0.0004205	H2+  0.0	0.0003601	S  3 0.0	0.0003143	C  3 0.0	0.0001909 
-5.8 5.00000e-02	1.0000e+04	5.0066e-11	2.2322e-10	0.0000e+00	ISclinH H  0.0	0.4615751	Fe 2 0.0	0.1955716	Mg 2 0.0	0.1685036	O  1 0.0	0.0285077	C  2 0.0	0.0261809	ISrcolH H  0.0	0.0244438	S  2 0.0	0.0165824	O  2 0.0	0.0135285	Si 2 0.0	0.0124358	FF c 0.0	0.0111359	Mg 1 0.0	0.0055315	C  1 0.0	0.0053158	Al 2 0.0	0.0047510	ISclinHeHe 1.0	0.0046398	N  1 0.0	0.0042855	N  2 0.0	0.0039492	Fe 3 0.0	0.0023448	ISrcolHeHe 1.0	0.0022925	IScionH H  0.0	0.0015956	Ne 3 0.0	0.0015172	Ne 2 0.0	0.0013250	Ar 3 0.0	0.0013148	H-fb 0.0	0.0008321	Ar 2 0.0	0.0003967	H2+  0.0	0.0003532	S  3 0.0	0.0003501	C  3 0.0	0.0002435	Si 3 0.0	0.0001040 
-5.7 5.00000e-02	1.0000e+04	6.0158e-11	2.3812e-10	0.0000e+00	ISclinH H  0.0	0.4516814	Fe 2 0.0	0.1967835	Mg 2 0.0	0.1699602	C  2 0.0	0.0281550	ISrcolH H  0.0	0.0274945	O  1 0.0	0.0265838	S  2 0.0	0.0163378	O  2 0.0	0.0147489	Si 2 0.0	0.0127593	FF c 0.0	0.0124680	Mg 1 0.0	0.0055610	ISclinHeHe 1.0	0.0052827	C  1 0.0	0.0048868	Al 2 0.0	0.0048542	N  2 0.0	0.0042568	N  1 0.0	0.0039565	Fe 3 0.0	0.0026962	ISrcolHeHe 1.0	0.0026055	Ne 3 0.0	0.0018019	IScionH H  0.0	0.0015611	Ar 3 0.0	0.0014836	Ne 2 0.0	0.0012861	H-fb 0.0	0.0008142	S  3 0.0	0.0003920	Ar 2 0.0	0.0003728	H2+  0.0	0.0003453	C  3 0.0	0.0003099	Si 3 0.0	0.0001226	ISrcolH He 1.0	0.0001034 
-5.6 5.00000e-02	1.0000e+04	7.1915e-11	2.5276e-10	0.0000e+00	ISclinH H  0.0	0.4404583	Fe 2 0.0	0.1982892	Mg 2 0.0	0.1713171	ISrcolH H  0.0	0.0309033	C  2 0.0	0.0302116	O  1 0.0	0.0247348	S  2 0.0	0.0161072	O  2 0.0	0.0160636	FF c 0.0	0.0139580	Si 2 0.0	0.0131159	ISclinHeHe 1.0	0.0060064	Mg 1 0.0	0.0055877	Al 2 0.0	0.0049654	N  2 0.0	0.0045878	C  1 0.0	0.0044710	N  1 0.0	0.0036266	Fe 3 0.0	0.0031111	ISrcolHeHe 1.0	0.0029568	Ne 3 0.0	0.0021375	Ar 3 0.0	0.0016656	IScionH H  0.0	0.0015219	Ne 2 0.0	0.0012465	H-fb 0.0	0.0007940	S  3 0.0	0.0004413	C  3 0.0	0.0003936	Ar 2 0.0	0.0003491	H2+  0.0	0.0003365	Si 3 0.0	0.0001453	ISrcolH He 1.0	0.0001352 
-5.5 5.00000e-02	1.0000e+04	8.5487e-11	2.6687e-10	0.0000e+00	ISclinH H  0.0	0.4278414	Fe 2 0.0	0.2000900	Mg 2 0.0	0.1725208	ISrcolH H  0.0	0.0347049	C  2 0.0	0.0323498	O  1 0.0	0.0229612	O  2 0.0	0.0174804	S  2 0.0	0.0158943	FF c 0.0	0.0156220	Si 2 0.0	0.0135095	ISclinHeHe 1.0	0.0068190	Mg 1 0.0	0.0056100	Al 2 0.0	0.0050851	N  2 0.0	0.0049421	C  1 0.0	0.0040705	Fe 3 0.0	0.0036039	ISrcolHeHe 1.0	0.0033501	N  1 0.0	0.0032997	Ne 3 0.0	0.0025332	Ar 3 0.0	0.0018615	IScionH H  0.0	0.0014779	Ne 2 0.0	0.0012066	H-fb 0.0	0.0007713	S  3 0.0	0.0004997	C  3 0.0	0.0004993	H2+  0.0	0.0003265	Ar 2 0.0	0.0003260	ISrcolH He 1.0	0.0001772	Si 3 0.0	0.0001730 
-5.4 5.00000e-02	1.0000e+04	1.0100e-10	2.8015e-10	0.0000e+00	ISclinH H  0.0	0.4137824	Fe 2 0.0	0.2021786	Mg 2 0.0	0.1735023	ISrcolH H  0.0	0.0389349	C  2 0.0	0.0345678	O  1 0.0	0.0212624	O  2 0.0	0.0190079	FF c 0.0	0.0174763	S  2 0.0	0.0157030	Si 2 0.0	0.0139439	ISclinHeHe 1.0	0.0077288	Mg 1 0.0	0.0056256	N  2 0.0	0.0053199	Al 2 0.0	0.0052132	Fe 3 0.0	0.0041928	ISrcolHeHe 1.0	0.0037891	C  1 0.0	0.0036867	Ne 3 0.0	0.0030002	N  1 0.0	0.0029796	Ar 3 0.0	0.0020718	IScionH H  0.0	0.0014289	Ne 2 0.0	0.0011666	H-fb 0.0	0.0007460	C  3 0.0	0.0006326	S  3 0.0	0.0005694	H2+  0.0	0.0003155	Ar 2 0.0	0.0003035	ISrcolH He 1.0	0.0002324	Si 3 0.0	0.0002072	IScionHeHe 1.0	0.0001088 
-5.3 5.00000e-02	1.0000e+04	1.1852e-10	2.9223e-10	0.0000e+00	ISclinH H  0.0	0.3982326	Fe 2 0.0	0.2045426	Mg 2 0.0	0.1741770	ISrcolH H  0.0	0.0436305	C  2 0.0	0.0368643	O  2 0.0	0.0206583	O  1 0.0	0.0196375	FF c 0.0	0.0195384	S  2 0.0	0.0155383	Si 2 0.0	0.0144234	ISclinHeHe 1.0	0.0087442	N  2 0.0	0.0057214	Mg 1 0.0	0.0056315	Al 2 0.0	0.0053494	Fe 3 0.0	0.0049014	ISrcolHeHe 1.0	0.0042776	Ne 3 0.0	0.0035517	C  1 0.0	0.0033211	N  1 0.0	0.0026701	Ar 3 0.0	0.0022977	IScionH H  0.0	0.0013746	Ne 2 0.0	0.0011269	C  3 0.0	0.0008013	H-fb 0.0	0.0007181	S  3 0.0	0.0006533	ISrcolH He 1.0	0.0003055	H2+  0.0	0.0003035	Ar 2 0.0	0.0002818	Si 3 0.0	0.0002496	IScionHeHe 1.0	0.0001231	hvFB 0.0	0.0001027 
-5.2 5.00000e-02	1.0000e+04	1.3811e-10	3.0289e-10	0.0000e+00	ISclinH H  0.0	0.3812542	Fe 2 0.0	0.2071238	Mg 2 0.0	0.1744324	ISrcolH H  0.0	0.0488229	C  2 0.0	0.0392288	O  2 0.0	0.0224355	FF c 0.0	0.0218232	O  1 0.0	0.0180821	S  2 0.0	0.0153994	Si 2 0.0	0.0149506	ISclinHeHe 1.0	0.0098706	N  2 0.0	0.0061452	Fe 3 0.0	0.0057571	Mg 1 0.0	0.0056251	Al 2 0.0	0.0054925	ISrcolHeHe 1.0	0.0048180	Ne 3 0.0	0.0042020	C  1 0.0	0.0029750	Ar 3 0.0	0.0025394	N  1 0.0	0.0023746	IScionH H  0.0	0.0013152	Ne 2 0.0	0.0010871	C  3 0.0	0.0010146	S  3 0.0	0.0007547	H-fb 0.0	0.0006874	ISrcolH He 1.0	0.0004022	Si 3 0.0	0.0003024	H2+  0.0	0.0002903	Ar 2 0.0	0.0002611	IScionHeHe 1.0	0.0001390	hvFB 0.0	0.0001143 
-5.1 5.00000e-02	1.0000e+04	1.5972e-10	3.1177e-10	0.0000e+00	ISclinH H  0.0	0.3628683	Fe 2 0.0	0.2098672	Mg 2 0.0	0.1741474	ISrcolH H  0.0	0.0545451	C  2 0.0	0.0416533	O  2 0.0	0.0243520	FF c 0.0	0.0243473	O  1 0.0	0.0165949	Si 2 0.0	0.0155294	S  2 0.0	0.0152897	ISclinHeHe 1.0	0.0111143	Fe 3 0.0	0.0067968	N  2 0.0	0.0065919	Al 2 0.0	0.0056409	Mg 1 0.0	0.0056020	ISrcolHeHe 1.0	0.0054130	Ne 3 0.0	0.0049687	Ar 3 0.0	0.0027983	C  1 0.0	0.0026492	N  1 0.0	0.0020962	C  3 0.0	0.0012848	IScionH H  0.0	0.0012509	Ne 2 0.0	0.0010474	S  3 0.0	0.0008781	H-fb 0.0	0.0006543	ISrcolH He 1.0	0.0005304	Si 3 0.0	0.0003689	H2+  0.0	0.0002760	Ar 2 0.0	0.0002413	IScionHeHe 1.0	0.0001564	hvFB 0.0	0.0001275 
-5.0 5.00000e-02	1.0000e+04	1.8325e-10	3.1862e-10	0.0000e+00	ISclinH H  0.0	0.3431737	Fe 2 0.0	0.2126739	Mg 2 0.0	0.1731807	ISrcolH H  0.0	0.0608247	C  2 0.0	0.0441211	FF c 0.0	0.0271252	O  2 0.0	0.0264168	Si 2 0.0	0.0161621	S  2 0.0	0.0152090	O  1 0.0	0.0151735	ISclinHeHe 1.0	0.0124784	Fe 3 0.0	0.0080658	N  2 0.0	0.0070615	ISrcolHeHe 1.0	0.0060639	Ne 3 0.0	0.0058711	Al 2 0.0	0.0057916	Mg 1 0.0	0.0055579	Ar 3 0.0	0.0030757	C  1 0.0	0.0023442	N  1 0.0	0.0018376	C  3 0.0	0.0016275	IScionH H  0.0	0.0011820	S  3 0.0	0.0010291	Ne 2 0.0	0.0010073	ISrcolH He 1.0	0.0007005	H-fb 0.0	0.0006188	Si 3 0.0	0.0004528	H2+  0.0	0.0002608	Ar 2 0.0	0.0002227	IScionHeHe 1.0	0.0001756	hvFB 0.0	0.0001426	Al 3 0.0	0.0001107 
-4.9 5.00000e-02	1.0000e+04	2.0852e-10	3.2323e-10	0.0000e+00	ISclinH H  0.0	0.3223227	Fe 2 0.0	0.2154022	Mg 2 0.0	0.1713811	ISrcolH H  0.0	0.0676837	C  2 0.0	0.0466076	FF c 0.0	0.0301695	O  2 0.0	0.0286380	Si 2 0.0	0.0168498	S  2 0.0	0.0151556	ISclinHeHe 1.0	0.0139631	O  1 0.0	0.0138161	Fe 3 0.0	0.0096199	N  2 0.0	0.0075544	Ne 3 0.0	0.0069301	ISrcolHeHe 1.0	0.0067708	Al 2 0.0	0.0059405	Mg 1 0.0	0.0054879	Ar 3 0.0	0.0033732	C  3 0.0	0.0020621	C  1 0.0	0.0020604	N  1 0.0	0.0016003	S  3 0.0	0.0012149	IScionH H  0.0	0.0011090	Ne 2 0.0	0.0009667	ISrcolH He 1.0	0.0009266	H-fb 0.0	0.0005812	Si 3 0.0	0.0005596	H2+  0.0	0.0002447	Ar 2 0.0	0.0002051	IScionHeHe 1.0	0.0001965	hvFB 0.0	0.0001600	Al 3 0.0	0.0001346	O  3 0.0	0.0001239 
-4.8 5.00000e-02	1.0000e+04	2.3533e-10	3.2549e-10	0.0000e+00	ISclinH H  0.0	0.3005301	Fe 2 0.0	0.2178565	Mg 2 0.0	0.1685998	ISrcolH H  0.0	0.0751361	C  2 0.0	0.0490768	FF c 0.0	0.0334905	O  2 0.0	0.0310199	Si 2 0.0	0.0175915	ISclinHeHe 1.0	0.0155644	S  2 0.0	0.0151242	O  1 0.0	0.0125213	Fe 3 0.0	0.0115263	Ne 3 0.0	0.0081670	N  2 0.0	0.0080711	ISrcolHeHe 1.0	0.0075315	Al 2 0.0	0.0060816	Mg 1 0.0	0.0053873	Ar 3 0.0	0.0036922	C  3 0.0	0.0026132	C  1 0.0	0.0017978	S  3 0.0	0.0014441	N  1 0.0	0.0013854	ISrcolH He 1.0	0.0012269	IScionH H  0.0	0.0010326	Ne 2 0.0	0.0009249	Si 3 0.0	0.0006960	H-fb 0.0	0.0005419	H2+  0.0	0.0002279	IScionHeHe 1.0	0.0002189	Ar 2 0.0	0.0001887	O  3 0.0	0.0001879	hvFB 0.0	0.0001800	Al 3 0.0	0.0001642 
-4.7 5.00000e-02	1.0000e+04	2.6340e-10	3.2536e-10	0.0000e+00	ISclinH H  0.0	0.2780589	Fe 2 0.0	0.2197822	Mg 2 0.0	0.1647041	ISrcolH H  0.0	0.0831884	C  2 0.0	0.0514800	FF c 0.0	0.0370961	O  2 0.0	0.0335638	Si 2 0.0	0.0183834	ISclinHeHe 1.0	0.0172734	S  2 0.0	0.0151073	Fe 3 0.0	0.0138650	O  1 0.0	0.0112890	Ne 3 0.0	0.0096025	N  2 0.0	0.0086121	ISrcolHeHe 1.0	0.0083418	Al 2 0.0	0.0062068	Mg 1 0.0	0.0052519	Ar 3 0.0	0.0040343	C  3 0.0	0.0033107	S  3 0.0	0.0017274	ISrcolH He 1.0	0.0016256	C  1 0.0	0.0015564	N  1 0.0	0.0011929	IScionH H  0.0	0.0009537	Ne 2 0.0	0.0008816	Si 3 0.0	0.0008710	H-fb 0.0	0.0005014	O  3 0.0	0.0002879	IScionHeHe 1.0	0.0002429	H2+  0.0	0.0002106	hvFB 0.0	0.0002031	Al 3 0.0	0.0002005	Ar 2 0.0	0.0001733 
-4.6 5.00000e-02	1.0000e+04	2.9251e-10	3.2291e-10	0.0000e+00	ISclinH H  0.0	0.2552199	Fe 2 0.0	0.2208584	Mg 2 0.0	0.1595973	ISrcolH H  0.0	0.0918375	C  2 0.0	0.0537529	FF c 0.0	0.0409915	O  2 0.0	0.0362644	Si 2 0.0	0.0192178	ISclinHeHe 1.0	0.0190755	Fe 3 0.0	0.0167270	S  2 0.0	0.0150934	Ne 3 0.0	0.0112542	O  1 0.0	0.0101193	ISrcolHeHe 1.0	0.0091949	N  2 0.0	0.0091774	Al 2 0.0	0.0063060	Mg 1 0.0	0.0050786	Ar 3 0.0	0.0044011	C  3 0.0	0.0041905	ISrcolH He 1.0	0.0021543	S  3 0.0	0.0020774	C  1 0.0	0.0013358	Si 3 0.0	0.0010961	N  1 0.0	0.0010224	IScionH H  0.0	0.0008735	Ne 2 0.0	0.0008363	H-fb 0.0	0.0004602	O  3 0.0	0.0004455	IScionHeHe 1.0	0.0002682	Al 3 0.0	0.0002451	hvFB 0.0	0.0002300	H2+  0.0	0.0001931	Ar 2 0.0	0.0001589 
-4.5 5.00000e-02	1.0000e+04	3.2245e-10	3.1831e-10	0.0000e+00	ISclinH H  0.0	0.2323528	Fe 2 0.0	0.2207012	Mg 2 0.0	0.1532387	ISrcolH H  0.0	0.1010705	C  2 0.0	0.0558149	FF c 0.0	0.0451794	O  2 0.0	0.0391064	ISclinHeHe 1.0	0.0209493	Fe 3 0.0	0.0202110	Si 2 0.0	0.0200819	S  2 0.0	0.0150668	Ne 3 0.0	0.0131346	ISrcolHeHe 1.0	0.0100806	N  2 0.0	0.0097656	O  1 0.0	0.0090131	Al 2 0.0	0.0063665	C  3 0.0	0.0052943	Mg 1 0.0	0.0048660	Ar 3 0.0	0.0047940	ISrcolH He 1.0	0.0028535	S  3 0.0	0.0025090	Si 3 0.0	0.0013862	C  1 0.0	0.0011358	N  1 0.0	0.0008726	IScionH H  0.0	0.0007931	Ne 2 0.0	0.0007887	O  3 0.0	0.0006956	H-fb 0.0	0.0004190	Al 3 0.0	0.0002991	IScionHeHe 1.0	0.0002945	hvFB 0.0	0.0002613	H2+  0.0	0.0001756	Ar 2 0.0	0.0001456	Na 3 0.0	0.0001063 
-4.4 5.00000e-02	1.0000e+04	3.5312e-10	3.1181e-10	0.0000e+00	Fe 2 0.0	0.2188759	ISclinH H  0.0	0.2098055	Mg 2 0.0	0.1456581	ISrcolH H  0.0	0.1108648	C  2 0.0	0.0575702	FF c 0.0	0.0496601	O  2 0.0	0.0420604	Fe 3 0.0	0.0244159	ISclinHeHe 1.0	0.0228660	Si 2 0.0	0.0209559	Ne 3 0.0	0.0152485	S  2 0.0	0.0150083	ISrcolHeHe 1.0	0.0109854	N  2 0.0	0.0103728	O  1 0.0	0.0079712	C  3 0.0	0.0066687	Al 2 0.0	0.0063740	Ar 3 0.0	0.0052139	Mg 1 0.0	0.0046151	ISrcolH He 1.0	0.0037748	S  3 0.0	0.0030381	Si 3 0.0	0.0017596	O  3 0.0	0.0010946	C  1 0.0	0.0009557	N  1 0.0	0.0007418	Ne 2 0.0	0.0007386	IScionH H  0.0	0.0007137	H-fb 0.0	0.0003783	Al 3 0.0	0.0003636	IScionHeHe 1.0	0.0003215	hvFB 0.0	0.0002981	H2+  0.0	0.0001583	Ar 2 0.0	0.0001331	Na 3 0.0	0.0001204 
-4.3 5.00000e-02	1.0000e+04	3.8455e-10	3.0374e-10	0.0000e+00	Fe 2 0.0	0.2149226	ISclinH H  0.0	0.1879106	Mg 2 0.0	0.1369642	ISrcolH H  0.0	0.1211874	C  2 0.0	0.0589105	FF c 0.0	0.0544322	O  2 0.0	0.0450748	Fe 3 0.0	0.0294268	ISclinHeHe 1.0	0.0247888	Si 2 0.0	0.0218116	Ne 3 0.0	0.0175907	S  2 0.0	0.0148952	ISrcolHeHe 1.0	0.0118920	N  2 0.0	0.0109910	C  3 0.0	0.0083627	O  1 0.0	0.0069938	Al 2 0.0	0.0063132	Ar 3 0.0	0.0056611	ISrcolH He 1.0	0.0049826	Mg 1 0.0	0.0043292	S  3 0.0	0.0036816	Si 3 0.0	0.0022391	O  3 0.0	0.0017325	C  1 0.0	0.0007952	Ne 2 0.0	0.0006861	IScionH H  0.0	0.0006364	N  1 0.0	0.0006282	Al 3 0.0	0.0004392	IScionHeHe 1.0	0.0003484	hvFB 0.0	0.0003414	H-fb 0.0	0.0003389	H2+  0.0	0.0001416	Na 3 0.0	0.0001359	Ar 2 0.0	0.0001213 
-4.2 5.00000e-02	1.0000e+04	4.1694e-10	2.9447e-10	0.0000e+00	Fe 2 0.0	0.2083957	ISclinH H  0.0	0.1669639	ISrcolH H  0.0	0.1319941	Mg 2 0.0	0.1273395	C  2 0.0	0.0597222	FF c 0.0	0.0594920	O  2 0.0	0.0480659	Fe 3 0.0	0.0352947	ISclinHeHe 1.0	0.0266722	Si 2 0.0	0.0226104	Ne 3 0.0	0.0201442	S  2 0.0	0.0147029	ISrcolHeHe 1.0	0.0127789	N  2 0.0	0.0116056	C  3 0.0	0.0104235	ISrcolH He 1.0	0.0065554	Al 2 0.0	0.0061691	Ar 3 0.0	0.0061350	O  1 0.0	0.0060806	S  3 0.0	0.0044552	Mg 1 0.0	0.0040140	Si 3 0.0	0.0028513	O  3 0.0	0.0027521	C  1 0.0	0.0006534	Ne 2 0.0	0.0006318	IScionH H  0.0	0.0005624	N  1 0.0	0.0005297	Al 3 0.0	0.0005256	hvFB 0.0	0.0003930	IScionHeHe 1.0	0.0003749	H-fb 0.0	0.0003011	Fe 4 0.0	0.0001548	Na 3 0.0	0.0001526	H2+  0.0	0.0001256	Ar 2 0.0	0.0001103 
-4.1 5.00000e-02	1.0000e+04	4.5060e-10	2.8437e-10	0.0000e+00	Fe 2 0.0	0.1989174	ISclinH H  0.0	0.1472078	ISrcolH H  0.0	0.1432274	Mg 2 0.0	0.1170242	FF c 0.0	0.0648327	C  2 0.0	0.0598956	O  2 0.0	0.0509019	Fe 3 0.0	0.0420055	ISclinHeHe 1.0	0.0284614	Si 2 0.0	0.0233016	Ne 3 0.0	0.0228796	S  2 0.0	0.0144072	ISrcolHeHe 1.0	0.0136203	C  3 0.0	0.0128910	N  2 0.0	0.0121920	ISrcolH He 1.0	0.0085863	Ar 3 0.0	0.0066333	Al 2 0.0	0.0059297	S  3 0.0	0.0053712	O  1 0.0	0.0052297	O  3 0.0	0.0043740	Mg 1 0.0	0.0036772	Si 3 0.0	0.0036259	Al 3 0.0	0.0006209	Ne 2 0.0	0.0005761	C  1 0.0	0.0005297	IScionH H  0.0	0.0004924	hvFB 0.0	0.0004550	N  1 0.0	0.0004441	IScionHeHe 1.0	0.0004000	Fe 4 0.0	0.0002748	H-fb 0.0	0.0002655	Na 3 0.0	0.0001704	H2+  0.0	0.0001105	N  3 0.0	0.0001101 
-4.0 5.00000e-02	1.0000e+04	4.8601e-10	2.7382e-10	0.0000e+00	Fe 2 0.0	0.1862390	ISrcolH H  0.0	0.1548125	ISclinH H  0.0	0.1288217	Mg 2 0.0	0.1062915	FF c 0.0	0.0704431	C  2 0.0	0.0593385	O  2 0.0	0.0533846	Fe 3 0.0	0.0494377	ISclinHeHe 1.0	0.0300928	Ne 3 0.0	0.0257544	Si 2 0.0	0.0238208	C  3 0.0	0.0157899	ISrcolHeHe 1.0	0.0143858	S  2 0.0	0.0139861	N  2 0.0	0.0127116	ISrcolH He 1.0	0.0111815	Ar 3 0.0	0.0071521	O  3 0.0	0.0069274	S  3 0.0	0.0064354	Al 2 0.0	0.0055884	Si 3 0.0	0.0045933	O  1 0.0	0.0044386	Mg 1 0.0	0.0033273	Al 3 0.0	0.0007215	hvFB 0.0	0.0005306	Ne 2 0.0	0.0005199	Fe 4 0.0	0.0004864	IScionH H  0.0	0.0004270	C  1 0.0	0.0004231	IScionHeHe 1.0	0.0004229	N  1 0.0	0.0003697	H-fb 0.0	0.0002323	Na 3 0.0	0.0001887	N  3 0.0	0.0001748 
-3.9 5.00000e-02	1.0000e+04	5.2339e-10	2.6295e-10	0.0000e+00	Fe 2 0.0	0.1702631	ISrcolH H  0.0	0.1666788	ISclinH H  0.0	0.1118458	Mg 2 0.0	0.0953656	FF c 0.0	0.0763175	C  2 0.0	0.0579758	Fe 3 0.0	0.0573504	O  2 0.0	0.0552651	ISclinHeHe 1.0	0.0314941	Ne 3 0.0	0.0287309	Si 2 0.0	0.0240894	C  3 0.0	0.0191324	ISrcolHeHe 1.0	0.0150420	ISrcolH He 1.0	0.0144675	S  2 0.0	0.0134291	N  2 0.0	0.0131121	O  3 0.0	0.0108915	Ar 3 0.0	0.0076902	S  3 0.0	0.0076525	Si 3 0.0	0.0057833	Al 2 0.0	0.0051446	O  1 0.0	0.0037036	Mg 1 0.0	0.0029690	Fe 4 0.0	0.0008550	Al 3 0.0	0.0008219	hvFB 0.0	0.0006243	Ne 2 0.0	0.0004643	IScionHeHe 1.0	0.0004425	IScionH H  0.0	0.0003666	C  1 0.0	0.0003325	N  1 0.0	0.0003044	N  3 0.0	0.0002759	Na 3 0.0	0.0002074	H-fb 0.0	0.0002017	Si 4 0.0	0.0001250 
-3.8 5.00000e-02	1.0000e+04	5.6394e-10	2.5254e-10	0.0000e+00	ISrcolH H  0.0	0.1786633	Fe 2 0.0	0.1512768	ISclinH H  0.0	0.0965061	Mg 2 0.0	0.0846193	FF c 0.0	0.0824035	Fe 3 0.0	0.0651526	O  2 0.0	0.0561021	C  2 0.0	0.0558167	ISclinHeHe 1.0	0.0325897	Ne 3 0.0	0.0317044	Si 2 0.0	0.0240257	C  3 0.0	0.0228672	ISrcolH He 1.0	0.0185374	O  3 0.0	0.0168332	ISrcolHeHe 1.0	0.0155515	N  2 0.0	0.0133069	S  2 0.0	0.0127173	S  3 0.0	0.0089879	Ar 3 0.0	0.0082268	Si 3 0.0	0.0072010	Al 2 0.0	0.0046150	O  1 0.0	0.0030247	Mg 1 0.0	0.0026192	Fe 4 0.0	0.0014793	Al 3 0.0	0.0009136	hvFB 0.0	0.0007414	IScionHeHe 1.0	0.0004579	N  3 0.0	0.0004292	Ne 2 0.0	0.0004100	IScionH H  0.0	0.0003117	C  1 0.0	0.0002571	N  1 0.0	0.0002470	Na 3 0.0	0.0002255	Si 4 0.0	0.0001930	H-fb 0.0	0.0001741	C  4 0.0	0.0001693	Fe 5 0.0	0.0001346	Mg 4 0.0	0.0001211 
-3.7 5.00000e-02	1.0000e+04	6.0781e-10	2.4258e-10	0.0000e+00	ISrcolH H  0.0	0.1906736	Fe 2 0.0	0.1297643	FF c 0.0	0.0886847	ISclinH H  0.0	0.0827281	Mg 2 0.0	0.0742165	Fe 3 0.0	0.0721032	O  2 0.0	0.0555117	C  2 0.0	0.0528882	Ne 3 0.0	0.0346132	ISclinHeHe 1.0	0.0333075	C  3 0.0	0.0269405	O  3 0.0	0.0254046	Si 2 0.0	0.0235454	ISrcolH He 1.0	0.0235075	ISrcolHeHe 1.0	0.0158807	N  2 0.0	0.0132097	S  2 0.0	0.0118617	S  3 0.0	0.0104163	Si 3 0.0	0.0088392	Ar 3 0.0	0.0087553	Al 2 0.0	0.0040202	Fe 4 0.0	0.0025037	O  1 0.0	0.0024022	Mg 1 0.0	0.0022805	Al 3 0.0	0.0009881	hvFB 0.0	0.0008893	N  3 0.0	0.0006541	IScionHeHe 1.0	0.0004679	Ne 2 0.0	0.0003578	C  4 0.0	0.0002971	Si 4 0.0	0.0002943	Fe 5 0.0	0.0002682	IScionH H  0.0	0.0002623	Na 3 0.0	0.0002424	Mg 4 0.0	0.0002018	N  1 0.0	0.0001963	C  1 0.0	0.0001955	H-fb 0.0	0.0001492 
-3.6 5.00000e-02	1.0000e+04	6.5531e-10	2.3321e-10	0.0000e+00	ISrcolH H  0.0	0.2026033	Fe 2 0.0	0.1066022	FF c 0.0	0.0951321	Fe 3 0.0	0.0771304	ISclinH H  0.0	0.0704924	Mg 2 0.0	0.0643342	O  2 0.0	0.0531209	C  2 0.0	0.0492859	Ne 3 0.0	0.0373661	O  3 0.0	0.0370867	ISclinHeHe 1.0	0.0335872	C  3 0.0	0.0312543	ISrcolH He 1.0	0.0294619	Si 2 0.0	0.0225824	ISrcolHeHe 1.0	0.0160011	N  2 0.0	0.0127322	S  3 0.0	0.0118875	S  2 0.0	0.0108786	Si 3 0.0	0.0106503	Ar 3 0.0	0.0092612	Fe 4 0.0	0.0041070	Al 2 0.0	0.0033914	Mg 1 0.0	0.0019584	O  1 0.0	0.0018416	hvFB 0.0	0.0010760	Al 3 0.0	0.0010364	N  3 0.0	0.0009678	Fe 5 0.0	0.0005450	C  4 0.0	0.0005135	IScionHeHe 1.0	0.0004719	Si 4 0.0	0.0004409	Mg 4 0.0	0.0003343	Ne 2 0.0	0.0003086	Na 3 0.0	0.0002571	IScionH H  0.0	0.0002181	N  1 0.0	0.0001517	C  1 0.0	0.0001459	H-fb 0.0	0.0001272	Ar 4 0.0	0.0001034 
-3.5 5.00000e-02	1.0000e+04	7.0652e-10	2.2448e-10	0.0000e+00	ISrcolH H  0.0	0.2143831	FF c 0.0	0.1017268	Fe 2 0.0	0.0830296	Fe 3 0.0	0.0789723	ISclinH H  0.0	0.0597497	Mg 2 0.0	0.0550979	O  3 0.0	0.0518638	O  2 0.0	0.0487681	C  2 0.0	0.0451529	Ne 3 0.0	0.0398598	ISrcolH He 1.0	0.0364529	C  3 0.0	0.0356819	ISclinHeHe 1.0	0.0333903	Si 2 0.0	0.0211061	ISrcolHeHe 1.0	0.0158943	S  3 0.0	0.0133350	Si 3 0.0	0.0125394	N  2 0.0	0.0118221	S  2 0.0	0.0097950	Ar 3 0.0	0.0097278	Fe 4 0.0	0.0064556	Al 2 0.0	0.0027643	Mg 1 0.0	0.0016573	N  3 0.0	0.0013775	O  1 0.0	0.0013527	hvFB 0.0	0.0013088	Fe 5 0.0	0.0011141	Al 3 0.0	0.0010518	C  4 0.0	0.0008714	Si 4 0.0	0.0006458	Mg 4 0.0	0.0005493	IScionHeHe 1.0	0.0004691	Na 3 0.0	0.0002683	Ne 2 0.0	0.0002628	IScionH H  0.0	0.0001792	Fe 6 0.0	0.0001746	Ar 4 0.0	0.0001639	Al 5 0.0	0.0001349	N  1 0.0	0.0001132	H-fb 0.0	0.0001078	C  1 0.0	0.0001070 
-3.4 5.00000e-02	1.0000e+04	7.6131e-10	2.1639e-10	0.0000e+00	ISrcolH H  0.0	0.2259825	FF c 0.0	0.1084580	Fe 3 0.0	0.0764723	O  3 0.0	0.0688885	Fe 2 0.0	0.0605736	ISclinH H  0.0	0.0504178	Mg 2 0.0	0.0465764	ISrcolH He 1.0	0.0444897	O  2 0.0	0.0426602	Ne 3 0.0	0.0419722	C  2 0.0	0.0406590	C  3 0.0	0.0400726	ISclinHeHe 1.0	0.0327057	Si 2 0.0	0.0191374	ISrcolHeHe 1.0	0.0155552	S  3 0.0	0.0146770	Si 3 0.0	0.0143598	N  2 0.0	0.0105006	Ar 3 0.0	0.0101357	Fe 4 0.0	0.0095934	S  2 0.0	0.0086446	Fe 5 0.0	0.0022425	Al 2 0.0	0.0021733	N  3 0.0	0.0018698	hvFB 0.0	0.0015930	C  4 0.0	0.0014483	Mg 1 0.0	0.0013796	Al 3 0.0	0.0010305	O  1 0.0	0.0009457	Si 4 0.0	0.0009201	Mg 4 0.0	0.0008931	IScionHeHe 1.0	0.0004594	Fe 6 0.0	0.0003701	Na 3 0.0	0.0002744	Ar 4 0.0	0.0002564	Ne 2 0.0	0.0002209	Al 5 0.0	0.0002149	Ne 4 0.0	0.0001598	IScionH H  0.0	0.0001451	O  4 0.0	0.0001067 
-3.3 5.00000e-02	1.0000e+04	8.1944e-10	2.0891e-10	0.0000e+00	ISrcolH H  0.0	0.2373653	FF c 0.0	0.1153001	O  3 0.0	0.0863893	Fe 3 0.0	0.0690929	ISrcolH He 1.0	0.0535225	C  3 0.0	0.0442463	Ne 3 0.0	0.0435462	ISclinH H  0.0	0.0423782	Fe 2 0.0	0.0408319	Mg 2 0.0	0.0387796	C  2 0.0	0.0359713	O  2 0.0	0.0354012	ISclinHeHe 1.0	0.0315457	Si 2 0.0	0.0167546	Si 3 0.0	0.0159189	S  3 0.0	0.0158143	ISrcolHeHe 1.0	0.0149900	Fe 4 0.0	0.0132786	Ar 3 0.0	0.0104595	N  2 0.0	0.0088799	S  2 0.0	0.0074627	Fe 5 0.0	0.0043360	N  3 0.0	0.0024055	C  4 0.0	0.0023515	hvFB 0.0	0.0019321	Al 2 0.0	0.0016454	Mg 4 0.0	0.0014319	Si 4 0.0	0.0012686	Mg 1 0.0	0.0011265	Al 3 0.0	0.0009731	Fe 6 0.0	0.0007946	O  1 0.0	0.0006268	IScionHeHe 1.0	0.0004431	Ar 4 0.0	0.0003947	Al 5 0.0	0.0003302	Na 3 0.0	0.0002737	Ne 4 0.0	0.0002510	O  4 0.0	0.0002036	N  4 0.0	0.0001853	Ne 2 0.0	0.0001828	Na 4 0.0	0.0001226	IScionH H  0.0	0.0001156	S  4 0.0	0.0001044 
-3.2 5.00000e-02	1.0000e+04	8.8061e-10	2.0210e-10	0.0000e+00	ISrcolH H  0.0	0.2484180	FF c 0.0	0.1221770	O  3 0.0	0.1019803	ISrcolH He 1.0	0.0634177	Fe 3 0.0	0.0574645	C  3 0.0	0.0479786	Ne 3 0.0	0.0443742	ISclinH H  0.0	0.0354845	Mg 2 0.0	0.0316723	C  2 0.0	0.0312343	ISclinHeHe 1.0	0.0299404	O  2 0.0	0.0278278	Fe 2 0.0	0.0250924	Si 3 0.0	0.0169980	Fe 4 0.0	0.0168676	S  3 0.0	0.0166306	ISrcolHeHe 1.0	0.0142131	Si 2 0.0	0.0140901	Ar 3 0.0	0.0106648	Fe 5 0.0	0.0078559	N  2 0.0	0.0071389	S  2 0.0	0.0062833	C  4 0.0	0.0037192	N  3 0.0	0.0029246	hvFB 0.0	0.0023291	Mg 4 0.0	0.0022526	Fe 6 0.0	0.0016899	Si 4 0.0	0.0016843	Al 2 0.0	0.0011978	Mg 1 0.0	0.0008976	Al 3 0.0	0.0008843	Ar 4 0.0	0.0005954	Al 5 0.0	0.0004880	IScionHeHe 1.0	0.0004205	O  1 0.0	0.0003932	Ne 4 0.0	0.0003848	O  4 0.0	0.0003639	N  4 0.0	0.0003239	Na 3 0.0	0.0002643	Ne 5 0.0	0.0001830	Na 4 0.0	0.0001790	S  4 0.0	0.0001574	Ne 2 0.0	0.0001486	Mg 5 0.0	0.0001253	Ar 5 0.0	0.0001167 
-3.1 5.00000e-02	1.0000e+04	9.4448e-10	1.9601e-10	0.0000e+00	ISrcolH H  0.0	0.2589346	FF c 0.0	0.1289535	O  3 0.0	0.1132769	ISrcolH He 1.0	0.0739458	C  3 0.0	0.0509972	Ne 3 0.0	0.0442101	Fe 3 0.0	0.0435166	ISclinH H  0.0	0.0295870	ISclinHeHe 1.0	0.0279396	C  2 0.0	0.0265696	Mg 2 0.0	0.0252086	O  2 0.0	0.0207408	Fe 4 0.0	0.0194264	Si 3 0.0	0.0173901	S  3 0.0	0.0170024	Fe 2 0.0	0.0139092	ISrcolHeHe 1.0	0.0132486	Fe 5 0.0	0.0130611	Si 2 0.0	0.0113190	Ar 3 0.0	0.0107084	C  4 0.0	0.0057116	N  2 0.0	0.0054663	S  2 0.0	0.0051396	Fe 6 0.0	0.0034710	Mg 4 0.0	0.0034512	N  3 0.0	0.0033623	hvFB 0.0	0.0027897	Si 4 0.0	0.0021422	Ar 4 0.0	0.0008761	Al 2 0.0	0.0008371	Al 3 0.0	0.0007719	Mg 1 0.0	0.0006926	Al 5 0.0	0.0006921	O  4 0.0	0.0006079	Ne 4 0.0	0.0005725	N  4 0.0	0.0005305	IScionHeHe 1.0	0.0003924	Ne 5 0.0	0.0003921	Mg 5 0.0	0.0002851	Na 4 0.0	0.0002492	Na 3 0.0	0.0002451	O  1 0.0	0.0002337	S  4 0.0	0.0002294	Fe 7 0.0	0.0002160	Ar 5 0.0	0.0001851	Ne 2 0.0	0.0001180 
-3.0 5.00000e-02	1.0000e+04	1.0106e-09	1.9072e-10	0.0000e+00	ISrcolH H  0.0	0.2687024	FF c 0.0	0.1354783	O  3 0.0	0.1185420	ISrcolH He 1.0	0.0848059	C  3 0.0	0.0530060	Ne 3 0.0	0.0428256	Fe 3 0.0	0.0298271	ISclinHeHe 1.0	0.0256215	ISclinH H  0.0	0.0245559	C  2 0.0	0.0220888	Fe 4 0.0	0.0201397	Fe 5 0.0	0.0196447	Mg 2 0.0	0.0193742	Si 3 0.0	0.0169536	S  3 0.0	0.0168245	O  2 0.0	0.0146945	ISrcolHeHe 1.0	0.0121340	Ar 3 0.0	0.0105464	Si 2 0.0	0.0086367	C  4 0.0	0.0084866	Fe 2 0.0	0.0069184	Fe 6 0.0	0.0067239	Mg 4 0.0	0.0050986	S  2 0.0	0.0040666	N  2 0.0	0.0040043	N  3 0.0	0.0036667	hvFB 0.0	0.0033235	Si 4 0.0	0.0025967	Ar 4 0.0	0.0012512	O  4 0.0	0.0009489	Al 5 0.0	0.0009397	Ne 4 0.0	0.0008209	N  4 0.0	0.0008154	Ne 5 0.0	0.0008070	Al 3 0.0	0.0006466	Mg 5 0.0	0.0006220	Al 2 0.0	0.0005610	Fe 7 0.0	0.0005375	Mg 1 0.0	0.0005122	IScionHeHe 1.0	0.0003599	Na 4 0.0	0.0003277	S  4 0.0	0.0003212	Ar 5 0.0	0.0002919	Na 3 0.0	0.0002166	Si 6 0.0	0.0001414	O  1 0.0	0.0001320 
-2.9 5.00000e-02	1.0000e+04	1.0786e-09	1.8618e-10	0.0000e+00	ISrcolH H  0.0	0.2776011	FF c 0.0	0.1416381	O  3 0.0	0.1171147	ISrcolH He 1.0	0.0956813	C  3 0.0	0.0537261	Ne 3 0.0	0.0400978	Fe 5 0.0	0.0265472	ISclinHeHe 1.0	0.0230924	ISclinH H  0.0	0.0202865	Fe 4 0.0	0.0187683	Fe 3 0.0	0.0185022	C  2 0.0	0.0178975	S  3 0.0	0.0160439	Si 3 0.0	0.0156624	Mg 2 0.0	0.0142124	C  4 0.0	0.0121570	Fe 6 0.0	0.0120653	ISrcolHeHe 1.0	0.0109202	Ar 3 0.0	0.0101451	O  2 0.0	0.0099286	Mg 4 0.0	0.0071727	Si 2 0.0	0.0062241	hvFB 0.0	0.0039432	N  3 0.0	0.0038100	S  2 0.0	0.0030989	Fe 2 0.0	0.0030913	Si 4 0.0	0.0029842	N  2 0.0	0.0028224	Ar 4 0.0	0.0017252	Ne 5 0.0	0.0015785	O  4 0.0	0.0013848	Mg 5 0.0	0.0012829	Fe 7 0.0	0.0012629	Al 5 0.0	0.0012208	N  4 0.0	0.0011808	Ne 4 0.0	0.0011265	Al 3 0.0	0.0005195	Ar 5 0.0	0.0004559	S  4 0.0	0.0004293	Na 4 0.0	0.0004050	Al 2 0.0	0.0003604	Mg 1 0.0	0.0003584	Si 6 0.0	0.0003357	IScionHeHe 1.0	0.0003243	Na 3 0.0	0.0001817	Al 6 0.0	0.0001638 
-2.8 5.00000e-02	1.0000e+04	1.1479e-09	1.8233e-10	0.0000e+00	ISrcolH H  0.0	0.2856003	FF c 0.0	0.1473639	O  3 0.0	0.1095071	ISrcolH He 1.0	0.1062780	C  3 0.0	0.0529332	Ne 3 0.0	0.0360856	Fe 5 0.0	0.0322105	ISclinHeHe 1.0	0.0204700	Fe 6 0.0	0.0198232	C  4 0.0	0.0167276	ISclinH H  0.0	0.0166880	Fe 4 0.0	0.0157752	S  3 0.0	0.0146811	C  2 0.0	0.0140879	Si 3 0.0	0.0136278	Fe 3 0.0	0.0104361	Mg 2 0.0	0.0098208	ISrcolHeHe 1.0	0.0096634	Ar 3 0.0	0.0094902	Mg 4 0.0	0.0094733	O  2 0.0	0.0064203	hvFB 0.0	0.0046590	Si 2 0.0	0.0042107	N  3 0.0	0.0037886	Si 4 0.0	0.0032327	Ne 5 0.0	0.0029085	Fe 7 0.0	0.0027456	Mg 5 0.0	0.0024606	Ar 4 0.0	0.0022852	S  2 0.0	0.0022647	N  2 0.0	0.0019245	O  4 0.0	0.0018915	N  4 0.0	0.0016173	Al 5 0.0	0.0015172	Ne 4 0.0	0.0014695	Fe 2 0.0	0.0012487	Si 6 0.0	0.0007530	Ar 5 0.0	0.0007014	S  4 0.0	0.0005451	Na 4 0.0	0.0004696	Al 3 0.0	0.0004004	Al 6 0.0	0.0002966	IScionHeHe 1.0	0.0002875	Mg 1 0.0	0.0002339	Al 2 0.0	0.0002219	Na 3 0.0	0.0001445	O  5 0.0	0.0001389 
-2.7 5.00000e-02	1.0000e+04	1.2179e-09	1.7908e-10	0.0000e+00	ISrcolH H  0.0	0.2926790	FF c 0.0	0.1525948	ISrcolH He 1.0	0.1163304	O  3 0.0	0.0971932	C  3 0.0	0.0504942	Fe 5 0.0	0.0352116	Ne 3 0.0	0.0310671	Fe 6 0.0	0.0296518	C  4 0.0	0.0220201	ISclinHeHe 1.0	0.0178622	ISclinH H  0.0	0.0136734	S  3 0.0	0.0128323	Fe 4 0.0	0.0120361	Mg 4 0.0	0.0115856	Si 3 0.0	0.0110907	C  2 0.0	0.0107305	Ar 3 0.0	0.0085933	ISrcolHeHe 1.0	0.0084149	Mg 2 0.0	0.0063112	hvFB 0.0	0.0054737	Fe 7 0.0	0.0054607	Fe 3 0.0	0.0053935	Ne 5 0.0	0.0050132	Mg 5 0.0	0.0043229	O  2 0.0	0.0039878	N  3 0.0	0.0036165	Si 4 0.0	0.0032790	Ar 4 0.0	0.0028938	Si 2 0.0	0.0026562	O  4 0.0	0.0024226	N  4 0.0	0.0021022	Ne 4 0.0	0.0018123	Al 5 0.0	0.0018040	S  2 0.0	0.0015799	Si 6 0.0	0.0015771	N  2 0.0	0.0012747	Ar 5 0.0	0.0010548	S  4 0.0	0.0006539	Na 4 0.0	0.0005124	Al 6 0.0	0.0005088	Fe 2 0.0	0.0004604	Al 3 0.0	0.0002960	IScionHeHe 1.0	0.0002509	O  5 0.0	0.0002211	Mg 1 0.0	0.0001404	Al 2 0.0	0.0001310	Si 7 0.0	0.0001200	N  5 0.0	0.0001142	Na 3 0.0	0.0001095 
-2.6 5.00000e-02	1.0000e+04	1.2885e-09	1.7642e-10	0.0000e+00	ISrcolH H  0.0	0.2987882	FF c 0.0	0.1572625	ISrcolH He 1.0	0.1256044	O  3 0.0	0.0821802	C  3 0.0	0.0464262	Fe 6 0.0	0.0403455	Fe 5 0.0	0.0348948	C  4 0.0	0.0276167	Ne 3 0.0	0.0255094	ISclinHeHe 1.0	0.0153573	Mg 4 0.0	0.0129902	ISclinH H  0.0	0.0111597	S  3 0.0	0.0106562	Fe 7 0.0	0.0098870	Fe 4 0.0	0.0084040	Si 3 0.0	0.0083816	Ne 5 0.0	0.0080495	C  2 0.0	0.0078733	Ar 3 0.0	0.0074976	ISrcolHeHe 1.0	0.0072167	Mg 5 0.0	0.0068812	hvFB 0.0	0.0063807	Mg 2 0.0	0.0037385	Ar 4 0.0	0.0034875	N  3 0.0	0.0033197	Si 4 0.0	0.0030926	Si 6 0.0	0.0030493	O  4 0.0	0.0029178	N  4 0.0	0.0025991	Fe 3 0.0	0.0025776	O  2 0.0	0.0023887	Ne 4 0.0	0.0021057	Al 5 0.0	0.0020520	Si 2 0.0	0.0015518	Ar 5 0.0	0.0015379	S  2 0.0	0.0010466	Al 6 0.0	0.0008256	N  2 0.0	0.0008219	S  4 0.0	0.0007372	Na 4 0.0	0.0005291	O  5 0.0	0.0003325	Si 7 0.0	0.0003229	IScionHeHe 1.0	0.0002157	Al 3 0.0	0.0002099	Fe 8 0.0	0.0001857	N  5 0.0	0.0001811	Fe 2 0.0	0.0001567	Ne 6 0.0	0.0001367 
-2.5 5.00000e-02	1.0000e+04	1.3599e-09	1.7430e-10	0.0000e+00	ISrcolH H  0.0	0.3038950	FF c 0.0	0.1613163	ISrcolH He 1.0	0.1339244	O  3 0.0	0.0664886	Fe 6 0.0	0.0500944	C  3 0.0	0.0409608	C  4 0.0	0.0328742	Fe 5 0.0	0.0316052	Ne 3 0.0	0.0199628	Fe 7 0.0	0.0163014	Mg 4 0.0	0.0133140	ISclinHeHe 1.0	0.0130225	Ne 5 0.0	0.0120303	Mg 5 0.0	0.0098916	ISclinH H  0.0	0.0090721	S  3 0.0	0.0083507	hvFB 0.0	0.0073667	Ar 3 0.0	0.0062780	ISrcolHeHe 1.0	0.0061009	Si 3 0.0	0.0058478	C  2 0.0	0.0055405	Fe 4 0.0	0.0054203	Si 6 0.0	0.0053930	Ar 4 0.0	0.0039860	O  4 0.0	0.0033183	N  4 0.0	0.0030608	N  3 0.0	0.0029317	Si 4 0.0	0.0026965	Ne 4 0.0	0.0023030	Al 5 0.0	0.0022326	Ar 5 0.0	0.0021574	Mg 2 0.0	0.0020373	O  2 0.0	0.0013858	Al 6 0.0	0.0012668	Fe 3 0.0	0.0011508	Si 2 0.0	0.0008351	Si 7 0.0	0.0007883	S  4 0.0	0.0007757	S  2 0.0	0.0006539	Na 4 0.0	0.0005207	N  2 0.0	0.0005163	O  5 0.0	0.0004733	Fe 8 0.0	0.0003637	N  5 0.0	0.0002737	Ne 6 0.0	0.0002663	IScionHeHe 1.0	0.0001829	Ar 6 0.0	0.0001615	Al 3 0.0	0.0001426 
-2.4 5.00000e-02	1.0000e+04	1.4326e-09	1.7266e-10	0.0000e+00	ISrcolH H  0.0	0.3080469	FF c 0.0	0.1647586	ISrcolH He 1.0	0.1412066	Fe 6 0.0	0.0571262	O  3 0.0	0.0517163	C  4 0.0	0.0370499	C  3 0.0	0.0345607	Fe 5 0.0	0.0264180	Fe 7 0.0	0.0245883	Ne 5 0.0	0.0167741	Ne 3 0.0	0.0149143	Mg 5 0.0	0.0128992	Mg 4 0.0	0.0125311	ISclinHeHe 1.0	0.0109050	Si 6 0.0	0.0086775	hvFB 0.0	0.0084184	ISclinH H  0.0	0.0073467	S  3 0.0	0.0061231	ISrcolHeHe 1.0	0.0050896	Ar 3 0.0	0.0050294	Ar 4 0.0	0.0043106	Si 3 0.0	0.0037569	C  2 0.0	0.0037268	O  4 0.0	0.0035801	N  4 0.0	0.0034360	Fe 4 0.0	0.0032625	Ar 5 0.0	0.0028940	N  3 0.0	0.0024904	Ne 4 0.0	0.0023758	Al 5 0.0	0.0023228	Si 4 0.0	0.0021678	Al 6 0.0	0.0018370	Si 7 0.0	0.0017351	Mg 2 0.0	0.0010271	O  2 0.0	0.0007820	S  4 0.0	0.0007560	Fe 8 0.0	0.0006630	O  5 0.0	0.0006406	Na 4 0.0	0.0004917	Fe 3 0.0	0.0004852	Ne 6 0.0	0.0004823	Si 2 0.0	0.0004131	N  5 0.0	0.0003939	S  2 0.0	0.0003820	N  2 0.0	0.0003158	Ar 6 0.0	0.0002525	IScionHeHe 1.0	0.0001531	Mg 7 0.0	0.0001281	S  8 0.0	0.0001126 
-2.3 5.00000e-02	1.0000e+04	1.5073e-09	1.7141e-10	0.0000e+00	ISrcolH H  0.0	0.3113854	FF c 0.0	0.1676538	ISrcolH He 1.0	0.1474662	Fe 6 0.0	0.0603521	C  4 0.0	0.0395128	O  3 0.0	0.0388349	Fe 7 0.0	0.0341893	C  3 0.0	0.0278446	Ne 5 0.0	0.0219242	Fe 5 0.0	0.0205966	Mg 5 0.0	0.0154141	Si 6 0.0	0.0126936	Mg 4 0.0	0.0109363	Ne 3 0.0	0.0106753	hvFB 0.0	0.0095278	ISclinHeHe 1.0	0.0090312	ISclinH H  0.0	0.0059283	Ar 4 0.0	0.0044059	ISrcolHeHe 1.0	0.0041953	S  3 0.0	0.0041600	Ar 3 0.0	0.0038473	Ar 5 0.0	0.0036960	O  4 0.0	0.0036805	N  4 0.0	0.0036784	Si 7 0.0	0.0034390	Al 6 0.0	0.0025184	C  2 0.0	0.0023926	Ne 4 0.0	0.0023209	Al 5 0.0	0.0023115	Si 3 0.0	0.0022264	N  3 0.0	0.0020334	Fe 4 0.0	0.0018524	Si 4 0.0	0.0016096	Fe 8 0.0	0.0011278	O  5 0.0	0.0008273	Ne 6 0.0	0.0008155	S  4 0.0	0.0006762	N  5 0.0	0.0005395	Mg 2 0.0	0.0004842	Na 4 0.0	0.0004481	O  2 0.0	0.0004308	Ar 6 0.0	0.0003789	Mg 7 0.0	0.0002635	S  8 0.0	0.0002616	S  2 0.0	0.0002067	Fe 3 0.0	0.0001953	Si 2 0.0	0.0001884	N  2 0.0	0.0001878	IScionHeHe 1.0	0.0001268 
-2.2 5.00000e-02	1.0000e+04	1.5851e-09	1.7042e-10	0.0000e+00	ISrcolH H  0.0	0.3141257	FF c 0.0	0.1701168	ISrcolH He 1.0	0.1528038	Fe 6 0.0	0.0596397	Fe 7 0.0	0.0442277	C  4 0.0	0.0399487	O  3 0.0	0.0282323	Ne 5 0.0	0.0270242	C  3 0.0	0.0214380	Mg 5 0.0	0.0170839	Si 6 0.0	0.0169474	Fe 5 0.0	0.0151377	hvFB 0.0	0.0106938	Mg 4 0.0	0.0089525	ISclinHeHe 1.0	0.0074086	Ne 3 0.0	0.0073537	Si 7 0.0	0.0061624	ISclinH H  0.0	0.0047694	Ar 5 0.0	0.0044814	Ar 4 0.0	0.0042552	N  4 0.0	0.0037549	O  4 0.0	0.0036172	ISrcolHeHe 1.0	0.0034214	Al 6 0.0	0.0032677	Ar 3 0.0	0.0028066	S  3 0.0	0.0025943	Al 5 0.0	0.0022018	Ne 4 0.0	0.0021585	Fe 8 0.0	0.0018003	N  3 0.0	0.0015941	C  2 0.0	0.0014674	Ne 6 0.0	0.0012950	Si 3 0.0	0.0012242	Si 4 0.0	0.0011101	O  5 0.0	0.0010227	Fe 4 0.0	0.0010024	N  5 0.0	0.0007033	S  8 0.0	0.0005525	S  4 0.0	0.0005502	Ar 6 0.0	0.0005446	Mg 7 0.0	0.0004968	Na 4 0.0	0.0003961	O  2 0.0	0.0002321	Mg 2 0.0	0.0002161	Mg 6 0.0	0.0001335	O  6 0.0	0.0001194	N  2 0.0	0.0001085	IScionHeHe 1.0	0.0001040	S  2 0.0	0.0001026 
-2.1 5.00000e-02	1.0000e+04	1.6666e-09	1.6955e-10	0.0000e+00	ISrcolH H  0.0	0.3165173	FF c 0.0	0.1722896	ISrcolH He 1.0	0.1573750	Fe 6 0.0	0.0556476	Fe 7 0.0	0.0537313	C  4 0.0	0.0384440	Ne 5 0.0	0.0316152	Si 6 0.0	0.0207985	O  3 0.0	0.0198876	Mg 5 0.0	0.0177641	C  3 0.0	0.0158203	hvFB 0.0	0.0119226	Fe 5 0.0	0.0105905	Si 7 0.0	0.0100591	Mg 4 0.0	0.0069478	ISclinHeHe 1.0	0.0060291	Ar 5 0.0	0.0051485	Ne 3 0.0	0.0048972	Al 6 0.0	0.0040211	Ar 4 0.0	0.0038828	ISclinH H  0.0	0.0038281	N  4 0.0	0.0036537	O  4 0.0	0.0034035	ISrcolHeHe 1.0	0.0027639	Fe 8 0.0	0.0027150	Al 5 0.0	0.0020106	Ar 3 0.0	0.0019502	Ne 6 0.0	0.0019443	Ne 4 0.0	0.0019213	S  3 0.0	0.0014767	O  5 0.0	0.0012117	N  3 0.0	0.0011983	S  8 0.0	0.0010540	N  5 0.0	0.0008720	Mg 7 0.0	0.0008695	C  2 0.0	0.0008623	Ar 6 0.0	0.0007481	Si 4 0.0	0.0007170	Si 3 0.0	0.0006299	Fe 4 0.0	0.0005218	S  4 0.0	0.0004052	Na 4 0.0	0.0003406	O  6 0.0	0.0001854	Mg 6 0.0	0.0001828	Mg 8 0.0	0.0001660	Fe10 0.0	0.0001301	O  2 0.0	0.0001222	ISrcolHeC  5.0	0.0001036 
-2.0 5.00000e-02	1.0000e+04	1.7525e-09	1.6869e-10	0.0000e+00	ISrcolH H  0.0	0.3188067	FF c 0.0	0.1743189	ISrcolH He 1.0	0.1613597	Fe 7 0.0	0.0618371	Fe 6 0.0	0.0494385	C  4 0.0	0.0354090	Ne 5 0.0	0.0353121	Si 6 0.0	0.0236660	Mg 5 0.0	0.0174971	Si 7 0.0	0.0150973	O  3 0.0	0.0135597	hvFB 0.0	0.0132247	C  3 0.0	0.0112408	Fe 5 0.0	0.0071111	Ar 5 0.0	0.0055919	Mg 4 0.0	0.0051566	ISclinHeHe 1.0	0.0048738	Al 6 0.0	0.0047065	Fe 8 0.0	0.0038947	N  4 0.0	0.0033871	Ar 4 0.0	0.0033442	Ne 3 0.0	0.0031656	ISclinH H  0.0	0.0030676	O  4 0.0	0.0030644	Ne 6 0.0	0.0027772	ISrcolHeHe 1.0	0.0022135	S  8 0.0	0.0018182	Al 5 0.0	0.0017636	Ne 4 0.0	0.0016452	Mg 7 0.0	0.0014275	O  5 0.0	0.0013753	Ar 3 0.0	0.0012883	N  5 0.0	0.0010282	Ar 6 0.0	0.0009793	N  3 0.0	0.0008624	S  3 0.0	0.0007679	C  2 0.0	0.0004878	Si 4 0.0	0.0004378	Mg 8 0.0	0.0003331	Si 3 0.0	0.0003062	Na 4 0.0	0.0002857	O  6 0.0	0.0002746	S  4 0.0	0.0002705	Fe 4 0.0	0.0002632	Mg 6 0.0	0.0002353	Fe10 0.0	0.0002244	ISrcolHeC  5.0	0.0001668	Na 6 0.0	0.0001078 
-1.9 5.00000e-02	1.0000e+04	1.8428e-09	1.6772e-10	0.0000e+00	ISrcolH H  0.0	0.3212067	FF c 0.0	0.1763361	ISrcolH He 1.0	0.1649334	Fe 7 0.0	0.0679153	Fe 6 0.0	0.0421119	Ne 5 0.0	0.0378460	C  4 0.0	0.0314042	Si 6 0.0	0.0251878	Si 7 0.0	0.0210347	Mg 5 0.0	0.0164478	hvFB 0.0	0.0146098	O  3 0.0	0.0089239	C  3 0.0	0.0077296	Ar 5 0.0	0.0057209	Fe 8 0.0	0.0053467	Al 6 0.0	0.0052568	Fe 5 0.0	0.0046123	ISclinHeHe 1.0	0.0039175	Ne 6 0.0	0.0037944	Mg 4 0.0	0.0036838	N  4 0.0	0.0029907	S  8 0.0	0.0028595	Ar 4 0.0	0.0027112	O  4 0.0	0.0026348	ISclinH H  0.0	0.0024555	Mg 7 0.0	0.0022178	Ne 3 0.0	0.0019922	ISrcolHeHe 1.0	0.0017583	O  5 0.0	0.0014921	Al 5 0.0	0.0014897	Ne 4 0.0	0.0013606	Ar 6 0.0	0.0012162	N  5 0.0	0.0011526	Ar 3 0.0	0.0008060	Mg 8 0.0	0.0006361	N  3 0.0	0.0005936	O  6 0.0	0.0003870	Fe10 0.0	0.0003766	S  3 0.0	0.0003676	Mg 6 0.0	0.0002873	C  2 0.0	0.0002670	ISrcolHeC  5.0	0.0002553	Si 4 0.0	0.0002549	Na 4 0.0	0.0002339	S  4 0.0	0.0001650	Si 3 0.0	0.0001419	Na 6 0.0	0.0001408	Fe 4 0.0	0.0001294 
-1.8 5.00000e-02	1.0000e+04	1.9371e-09	1.6658e-10	0.0000e+00	ISrcolH H  0.0	0.3238667	FF c 0.0	0.1784377	ISrcolH He 1.0	0.1682429	Fe 7 0.0	0.0716074	Ne 5 0.0	0.0390723	Fe 6 0.0	0.0345787	Si 7 0.0	0.0274493	C  4 0.0	0.0269717	Si 6 0.0	0.0252759	hvFB 0.0	0.0160789	Mg 5 0.0	0.0148370	Fe 8 0.0	0.0070597	O  3 0.0	0.0056480	Al 6 0.0	0.0056210	Ar 5 0.0	0.0054781	C  3 0.0	0.0051689	Ne 6 0.0	0.0049796	S  8 0.0	0.0041521	Mg 7 0.0	0.0032817	ISclinHeHe 1.0	0.0031327	Fe 5 0.0	0.0029035	Mg 4 0.0	0.0025444	N  4 0.0	0.0025161	O  4 0.0	0.0021565	Ar 4 0.0	0.0020569	ISclinH H  0.0	0.0019643	O  5 0.0	0.0015429	Ar 6 0.0	0.0014224	ISrcolHeHe 1.0	0.0013851	N  5 0.0	0.0012293	Ne 3 0.0	0.0012230	Al 5 0.0	0.0012144	Mg 8 0.0	0.0011624	Ne 4 0.0	0.0010902	Fe10 0.0	0.0006190	O  6 0.0	0.0005177	Ar 3 0.0	0.0004744	N  3 0.0	0.0003907	ISrcolHeC  5.0	0.0003736	Mg 6 0.0	0.0003346	Na 4 0.0	0.0001870	Na 6 0.0	0.0001794	Si 9 0.0	0.0001786	S  9 0.0	0.0001781	Al 8 0.0	0.0001640	S  3 0.0	0.0001638	Si 4 0.0	0.0001426	C  2 0.0	0.0001421 
-1.7 5.00000e-02	1.0000e+04	2.0347e-09	1.6527e-10	0.0000e+00	ISrcolH H  0.0	0.3268449	FF c 0.0	0.1806679	ISrcolH He 1.0	0.1713843	Fe 7 0.0	0.0728067	Ne 5 0.0	0.0389581	Si 7 0.0	0.0338077	Fe 6 0.0	0.0274782	Si 6 0.0	0.0240781	C  4 0.0	0.0225361	hvFB 0.0	0.0176160	Mg 5 0.0	0.0128910	Fe 8 0.0	0.0090001	Ne 6 0.0	0.0062956	Al 6 0.0	0.0057688	S  8 0.0	0.0056399	Ar 5 0.0	0.0048622	Mg 7 0.0	0.0046474	O  3 0.0	0.0034250	C  3 0.0	0.0033742	ISclinHeHe 1.0	0.0024927	Mg 8 0.0	0.0020408	N  4 0.0	0.0020199	Fe 5 0.0	0.0017796	Mg 4 0.0	0.0017036	O  4 0.0	0.0016747	ISclinH H  0.0	0.0015704	Ar 6 0.0	0.0015500	O  5 0.0	0.0015160	Ar 4 0.0	0.0014467	N  5 0.0	0.0012494	ISrcolHeHe 1.0	0.0010811	Fe10 0.0	0.0010005	Al 5 0.0	0.0009569	Ne 4 0.0	0.0008479	Ne 3 0.0	0.0007329	O  6 0.0	0.0006558	ISrcolHeC  5.0	0.0005259	Mg 6 0.0	0.0003735	Si 9 0.0	0.0003455	S  9 0.0	0.0003051	Al 8 0.0	0.0002704	Ar 3 0.0	0.0002600	N  3 0.0	0.0002461	Na 6 0.0	0.0002227	Ar10 0.0	0.0001615	Na 4 0.0	0.0001458	Na 7 0.0	0.0001129 
-1.6 5.00000e-02	1.0000e+04	2.1356e-09	1.6382e-10	0.0000e+00	ISrcolH H  0.0	0.3300861	FF c 0.0	0.1830042	ISrcolH He 1.0	0.1743866	Fe 7 0.0	0.0716133	Si 7 0.0	0.0395469	Ne 5 0.0	0.0375629	Si 6 0.0	0.0218924	Fe 6 0.0	0.0211883	hvFB 0.0	0.0191828	C  4 0.0	0.0183778	Fe 8 0.0	0.0111090	Mg 5 0.0	0.0108100	Ne 6 0.0	0.0076794	S  8 0.0	0.0072469	Mg 7 0.0	0.0063183	Al 6 0.0	0.0056912	Ar 5 0.0	0.0039491	Mg 8 0.0	0.0034507	C  3 0.0	0.0021557	O  3 0.0	0.0019844	ISclinHeHe 1.0	0.0019725	Fe10 0.0	0.0015948	Ar 6 0.0	0.0015524	N  4 0.0	0.0015511	O  5 0.0	0.0014121	ISclinH H  0.0	0.0012543	O  4 0.0	0.0012308	N  5 0.0	0.0012133	Mg 4 0.0	0.0011070	Fe 5 0.0	0.0010640	Ar 4 0.0	0.0009314	ISrcolHeHe 1.0	0.0008346	O  6 0.0	0.0007852	Al 5 0.0	0.0007292	ISrcolHeC  5.0	0.0007151	Ne 4 0.0	0.0006404	Si 9 0.0	0.0006358	S  9 0.0	0.0004943	Ne 3 0.0	0.0004286	Al 8 0.0	0.0004276	Mg 6 0.0	0.0004009	Ar10 0.0	0.0003510	Na 6 0.0	0.0002684	Na 7 0.0	0.0001705	N  3 0.0	0.0001486	Ar 3 0.0	0.0001309	Na 4 0.0	0.0001105	ISrcolHeO  7.0	0.0001105 
-1.5 5.00000e-02	1.0000e+04	2.2406e-09	1.6233e-10	0.0000e+00	ISrcolH H  0.0	0.3334097	FF c 0.0	0.1853506	ISrcolH He 1.0	0.1772035	Fe 7 0.0	0.0682860	Si 7 0.0	0.0441507	Ne 5 0.0	0.0350203	hvFB 0.0	0.0207200	Si 6 0.0	0.0190764	Fe 6 0.0	0.0158792	C  4 0.0	0.0146527	Fe 8 0.0	0.0132998	Ne 6 0.0	0.0090390	S  8 0.0	0.0088816	Mg 5 0.0	0.0087540	Mg 7 0.0	0.0082584	Mg 8 0.0	0.0056240	Al 6 0.0	0.0053978	Ar 5 0.0	0.0028968	Fe10 0.0	0.0025115	ISclinHeHe 1.0	0.0015509	Ar 6 0.0	0.0014090	C  3 0.0	0.0013494	O  5 0.0	0.0012458	N  4 0.0	0.0011428	N  5 0.0	0.0011295	Si 9 0.0	0.0011186	O  3 0.0	0.0010973	ISclinH H  0.0	0.0010001	ISrcolHeC  5.0	0.0009423	O  6 0.0	0.0008885	O  4 0.0	0.0008550	S  9 0.0	0.0007635	Mg 4 0.0	0.0006979	Ar10 0.0	0.0006938	Al 8 0.0	0.0006484	ISrcolHeHe 1.0	0.0006354	Fe 5 0.0	0.0006210	Ar 4 0.0	0.0005417	Al 5 0.0	0.0005370	Ne 4 0.0	0.0004694	Mg 6 0.0	0.0004140	Na 6 0.0	0.0003132	Na 7 0.0	0.0002496	Ne 3 0.0	0.0002442	ISrcolHeO  7.0	0.0002021	ISrcolHeN  6.0	0.0001099	Al 9 0.0	0.0001049 
-1.4 5.00000e-02	1.0000e+04	2.3521e-09	1.6094e-10	0.0000e+00	ISrcolH H  0.0	0.3365248	FF c 0.0	0.1875470	ISrcolH He 1.0	0.1797200	Fe 7 0.0	0.0631993	Si 7 0.0	0.0472156	Ne 5 0.0	0.0315256	hvFB 0.0	0.0221549	Si 6 0.0	0.0159780	Fe 8 0.0	0.0154592	Fe 6 0.0	0.0115749	C  4 0.0	0.0114274	S  8 0.0	0.0104387	Mg 7 0.0	0.0103773	Ne 6 0.0	0.0102529	Mg 8 0.0	0.0088311	Mg 5 0.0	0.0068403	Al 6 0.0	0.0049160	Fe10 0.0	0.0039113	Ar 5 0.0	0.0019017	Si 9 0.0	0.0018873	Ar10 0.0	0.0012379	ISclinHeHe 1.0	0.0012096	ISrcolHeC  5.0	0.0012053	Ar 6 0.0	0.0011477	S  9 0.0	0.0011307	O  5 0.0	0.0010419	N  5 0.0	0.0010117	O  6 0.0	0.0009515	Al 8 0.0	0.0009424	C  3 0.0	0.0008275	N  4 0.0	0.0008107	ISclinH H  0.0	0.0007950	O  3 0.0	0.0005793	O  4 0.0	0.0005615	ISrcolHeHe 1.0	0.0004752	Mg 4 0.0	0.0004261	Mg 6 0.0	0.0004114	Al 5 0.0	0.0003814	Fe 5 0.0	0.0003538	Na 6 0.0	0.0003522	Na 7 0.0	0.0003521	ISrcolHeO  7.0	0.0003488	Ne 4 0.0	0.0003334	Ar 4 0.0	0.0002821	Al 9 0.0	0.0001893	ISrcolHeN  6.0	0.0001618	Si10 0.0	0.0001563	Ne 3 0.0	0.0001352	ISrcolH C  5.0	0.0001155 
-1.3 5.00000e-02	1.0000e+04	2.4738e-09	1.5983e-10	0.0000e+00	ISrcolH H  0.0	0.3390778	FF c 0.0	0.1893972	ISrcolH He 1.0	0.1817790	Fe 7 0.0	0.0568071	Si 7 0.0	0.0485020	Ne 5 0.0	0.0273274	hvFB 0.0	0.0234148	Fe 8 0.0	0.0174542	Mg 8 0.0	0.0133368	Si 6 0.0	0.0128920	Mg 7 0.0	0.0125191	S  8 0.0	0.0118040	Ne 6 0.0	0.0111770	C  4 0.0	0.0087129	Fe 6 0.0	0.0082087	Fe10 0.0	0.0060250	Mg 5 0.0	0.0051468	Al 6 0.0	0.0042887	Si 9 0.0	0.0030615	Ar10 0.0	0.0019940	S  9 0.0	0.0016108	ISrcolHeC  5.0	0.0014977	Al 8 0.0	0.0013098	Ar 5 0.0	0.0011164	O  6 0.0	0.0009671	ISclinHeHe 1.0	0.0009343	N  5 0.0	0.0008747	Ar 6 0.0	0.0008377	O  5 0.0	0.0008278	ISclinH H  0.0	0.0006289	ISrcolHeO  7.0	0.0005699	N  4 0.0	0.0005555	C  3 0.0	0.0004967	Na 7 0.0	0.0004759	Mg 6 0.0	0.0003927	Na 6 0.0	0.0003794	O  4 0.0	0.0003490	ISrcolHeHe 1.0	0.0003471	Al 9 0.0	0.0003275	O  3 0.0	0.0002928	Si10 0.0	0.0002851	Al 5 0.0	0.0002604	Mg 4 0.0	0.0002514	Ne 4 0.0	0.0002287	ISrcolHeN  6.0	0.0002285	Fe 5 0.0	0.0001967	ISrcolH C  5.0	0.0001837	Fe11 0.0	0.0001467	Ar 4 0.0	0.0001314 
-1.2 5.00000e-02	1.0000e+04	2.6102e-09	1.5915e-10	0.0000e+00	ISrcolH H  0.0	0.3407108	FF c 0.0	0.1907029	ISrcolH He 1.0	0.1832139	Fe 7 0.0	0.0496029	Si 7 0.0	0.0479641	hvFB 0.0	0.0244377	Ne 5 0.0	0.0227160	Mg 8 0.0	0.0193152	Fe 8 0.0	0.0191434	Mg 7 0.0	0.0144615	S  8 0.0	0.0128633	Ne 6 0.0	0.0116608	Si 6 0.0	0.0100377	Fe10 0.0	0.0091768	C  4 0.0	0.0064874	Fe 6 0.0	0.0056632	Si 9 0.0	0.0047845	Mg 5 0.0	0.0037173	Al 6 0.0	0.0035715	Ar10 0.0	0.0029241	S  9 0.0	0.0022109	ISrcolHeC  5.0	0.0018078	Al 8 0.0	0.0017352	O  6 0.0	0.0009364	ISrcolHeO  7.0	0.0008847	N  5 0.0	0.0007321	ISclinHeHe 1.0	0.0007132	O  5 0.0	0.0006266	Na 7 0.0	0.0006132	Ar 5 0.0	0.0005902	Ar 6 0.0	0.0005515	Al 9 0.0	0.0005416	Si10 0.0	0.0005067	ISclinH H  0.0	0.0004944	Na 6 0.0	0.0003895	N  4 0.0	0.0003687	Mg 6 0.0	0.0003591	ISrcolHeN  6.0	0.0003106	C  3 0.0	0.0002913	ISrcolH C  5.0	0.0002830	Fe11 0.0	0.0002647	ISrcolHeHe 1.0	0.0002457	O  4 0.0	0.0002057	Al 5 0.0	0.0001702	Ne 4 0.0	0.0001508	S 11 0.0	0.0001444	Mg 4 0.0	0.0001427	O  3 0.0	0.0001421	Fe 5 0.0	0.0001067 
-1.1 5.00000e-02	1.0000e+04	2.7654e-09	1.5904e-10	0.0000e+00	ISrcolH H  0.0	0.3411020	FF c 0.0	0.1912864	ISrcolH He 1.0	0.1838720	Si 7 0.0	0.0457471	Fe 7 0.0	0.0420726	Mg 8 0.0	0.0267172	hvFB 0.0	0.0251796	Fe 8 0.0	0.0203922	Ne 5 0.0	0.0180062	Mg 7 0.0	0.0159342	Fe10 0.0	0.0138087	S  8 0.0	0.0135143	Ne 6 0.0	0.0115754	Si 6 0.0	0.0075524	Si 9 0.0	0.0072155	C  4 0.0	0.0047101	Ar10 0.0	0.0039530	Fe 6 0.0	0.0037997	S  9 0.0	0.0029251	Al 6 0.0	0.0028272	Mg 5 0.0	0.0025660	Al 8 0.0	0.0021823	ISrcolHeC  5.0	0.0021183	ISrcolHeO  7.0	0.0013112	Si10 0.0	0.0008795	O  6 0.0	0.0008673	Al 9 0.0	0.0008520	Na 7 0.0	0.0007493	N  5 0.0	0.0005945	ISclinHeHe 1.0	0.0005372	Fe11 0.0	0.0004715	O  5 0.0	0.0004534	ISrcolH C  5.0	0.0004221	ISrcolHeN  6.0	0.0004076	ISclinH H  0.0	0.0003854	Na 6 0.0	0.0003793	Ar 6 0.0	0.0003312	Mg 6 0.0	0.0003132	S 11 0.0	0.0002934	Ar 5 0.0	0.0002843	N  4 0.0	0.0002374	ISrcolHeHe 1.0	0.0001668	C  3 0.0	0.0001666	O  4 0.0	0.0001152	Al 5 0.0	0.0001060 
-1.0 5.00000e-02	1.0000e+04	2.9432e-09	1.5962e-10	0.0000e+00	ISrcolH H  0.0	0.3399903	FF c 0.0	0.1910046	ISrcolH He 1.0	0.1836288	Si 7 0.0	0.0421515	Mg 8 0.0	0.0351099	Fe 7 0.0	0.0346510	hvFB 0.0	0.0256144	Fe 8 0.0	0.0210868	Fe10 0.0	0.0204990	Mg 7 0.0	0.0166603	S  8 0.0	0.0136799	Ne 5 0.0	0.0135138	Ne 6 0.0	0.0108521	Si 9 0.0	0.0105171	Si 6 0.0	0.0054986	Ar10 0.0	0.0049867	S  9 0.0	0.0037280	C  4 0.0	0.0033294	Al 8 0.0	0.0025937	Fe 6 0.0	0.0024779	ISrcolHeC  5.0	0.0024080	Al 6 0.0	0.0021173	ISrcolHeO  7.0	0.0018628	Mg 5 0.0	0.0016836	Si10 0.0	0.0014923	Al 9 0.0	0.0012686	Na 7 0.0	0.0008651	Fe11 0.0	0.0008280	O  6 0.0	0.0007714	ISrcolH C  5.0	0.0006095	S 11 0.0	0.0005776	ISrcolHeN  6.0	0.0005178	N  5 0.0	0.0004690	ISclinHeHe 1.0	0.0003984	Na 6 0.0	0.0003491	O  5 0.0	0.0003145	ISclinH H  0.0	0.0002972	Mg 6 0.0	0.0002593	Ar 6 0.0	0.0001834	N  4 0.0	0.0001486	Ar 5 0.0	0.0001263	Ar11 0.0	0.0001192	ISrcolHeHe 1.0	0.0001065 
-0.9 5.00000e-02	1.0000e+04	3.1433e-09	1.6085e-10	0.0000e+00	ISrcolH H  0.0	0.3371155	FF c 0.0	0.1897157	ISrcolH He 1.0	0.1823588	Mg 8 0.0	0.0436260	Si 7 0.0	0.0375516	Fe10 0.0	0.0300159	Fe 7 0.0	0.0276691	hvFB 0.0	0.0257252	Fe 8 0.0	0.0211680	Mg 7 0.0	0.0164332	Si 9 0.0	0.0148708	S  8 0.0	0.0133152	Ne 6 0.0	0.0095284	Ne 5 0.0	0.0095091	Ar10 0.0	0.0059275	S  9 0.0	0.0045735	Si 6 0.0	0.0038707	Al 8 0.0	0.0029026	ISrcolHeC  5.0	0.0026537	ISrcolHeO  7.0	0.0025499	Si10 0.0	0.0024842	C  4 0.0	0.0022830	Al 9 0.0	0.0017824	Fe 6 0.0	0.0015662	Al 6 0.0	0.0014913	Fe11 0.0	0.0014366	S 11 0.0	0.0011023	Mg 5 0.0	0.0010407	Na 7 0.0	0.0009427	ISrcolH C  5.0	0.0008526	O  6 0.0	0.0006626	ISrcolHeN  6.0	0.0006379	N  5 0.0	0.0003592	Na 6 0.0	0.0003028	ISclinHeHe 1.0	0.0002901	ISclinH H  0.0	0.0002259	O  5 0.0	0.0002096	Mg 6 0.0	0.0002022	Ar11 0.0	0.0001783	ISrcolH O  7.0	0.0001285 
-0.8 5.00000e-02	1.0000e+04	3.3733e-09	1.6316e-10	0.0000e+00	ISrcolH H  0.0	0.3324836	FF c 0.0	0.1874209	ISrcolH He 1.0	0.1800739	Mg 8 0.0	0.0506639	Fe10 0.0	0.0430622	Si 7 0.0	0.0324216	hvFB 0.0	0.0255122	Fe 7 0.0	0.0214205	Fe 8 0.0	0.0205504	Si 9 0.0	0.0203150	Mg 7 0.0	0.0151537	S  8 0.0	0.0124361	Ne 6 0.0	0.0077590	Ar10 0.0	0.0066640	Ne 5 0.0	0.0062412	S  9 0.0	0.0053755	Si10 0.0	0.0040355	ISrcolHeO  7.0	0.0033623	Al 8 0.0	0.0030376	ISrcolHeC  5.0	0.0028311	Si 6 0.0	0.0026479	Fe11 0.0	0.0024444	Al 9 0.0	0.0023436	S 11 0.0	0.0020182	C  4 0.0	0.0015232	ISrcolH C  5.0	0.0011515	Al 6 0.0	0.0009858	Na 7 0.0	0.0009659	Fe 6 0.0	0.0009616	ISrcolHeN  6.0	0.0007611	Mg 5 0.0	0.0006040	O  6 0.0	0.0005486	N  5 0.0	0.0002678	Ar11 0.0	0.0002520	Na 6 0.0	0.0002477	ISrcolH O  7.0	0.0002142	ISclinHeHe 1.0	0.0002079	ISclinH H  0.0	0.0001691	Mg 6 0.0	0.0001476	O  5 0.0	0.0001345	ISrcolH N  6.0	0.0001139 
-0.7 5.00000e-02	1.0000e+04	3.6330e-09	1.6654e-10	0.0000e+00	ISrcolH H  0.0	0.3258797	FF c 0.0	0.1839996	ISrcolH He 1.0	0.1766693	Fe10 0.0	0.0604319	Mg 8 0.0	0.0546717	Si 7 0.0	0.0271300	Si 9 0.0	0.0269051	hvFB 0.0	0.0249623	Fe 8 0.0	0.0192696	Fe 7 0.0	0.0160288	Mg 7 0.0	0.0129697	S  8 0.0	0.0110989	Ar10 0.0	0.0071084	Si10 0.0	0.0064148	S  9 0.0	0.0060366	Ne 6 0.0	0.0058198	ISrcolHeO  7.0	0.0042867	Fe11 0.0	0.0040811	Ne 5 0.0	0.0037901	S 11 0.0	0.0035421	Al 8 0.0	0.0029671	ISrcolHeC  5.0	0.0029228	Al 9 0.0	0.0028802	Si 6 0.0	0.0017573	ISrcolH C  5.0	0.0015034	C  4 0.0	0.0009854	Na 7 0.0	0.0009314	ISrcolHeN  6.0	0.0008804	Al 6 0.0	0.0006089	Fe 6 0.0	0.0005710	O  6 0.0	0.0004395	ISrcolH O  7.0	0.0003447	Ar11 0.0	0.0003379	Mg 5 0.0	0.0003256	N  5 0.0	0.0001939	Na 6 0.0	0.0001908	ISrcolH N  6.0	0.0001665	ISclinHeHe 1.0	0.0001462	ISclinH H  0.0	0.0001239 
-0.6 5.00000e-02	1.0000e+04	3.9271e-09	1.7122e-10	0.0000e+00	ISrcolH H  0.0	0.3170712	FF c 0.0	0.1793163	ISrcolH He 1.0	0.1720270	Fe10 0.0	0.0825319	Mg 8 0.0	0.0543824	Si 9 0.0	0.0345280	hvFB 0.0	0.0240582	Si 7 0.0	0.0219927	Fe 8 0.0	0.0173828	Fe 7 0.0	0.0115503	Mg 7 0.0	0.0102196	Si10 0.0	0.0099632	S  8 0.0	0.0094144	Ar10 0.0	0.0071897	Fe11 0.0	0.0066579	S  9 0.0	0.0064419	S 11 0.0	0.0059238	ISrcolHeO  7.0	0.0052871	Ne 6 0.0	0.0040019	Al 9 0.0	0.0033002	ISrcolHeC  5.0	0.0029169	Al 8 0.0	0.0026988	Ne 5 0.0	0.0021223	ISrcolH C  5.0	0.0018957	Si 6 0.0	0.0011309	ISrcolHeN  6.0	0.0009858	Na 7 0.0	0.0008444	C  4 0.0	0.0006171	ISrcolH O  7.0	0.0005365	Ar11 0.0	0.0004298	Al 6 0.0	0.0003506	O  6 0.0	0.0003408	Fe 6 0.0	0.0003267	ISrcolH N  6.0	0.0002353	Mg 5 0.0	0.0001618	S 12 0.0	0.0001459	Na 6 0.0	0.0001383	N  5 0.0	0.0001362	ISrcolHeNe 9.0	0.0001197	ISclinHeHe 1.0	0.0001009 
-0.5 5.00000e-02	1.0000e+04	4.2627e-09	1.7760e-10	0.0000e+00	ISrcolH H  0.0	0.3057693	FF c 0.0	0.1732018	ISrcolH He 1.0	0.1659970	Fe10 0.0	0.1089803	Mg 8 0.0	0.0495440	Si 9 0.0	0.0428620	hvFB 0.0	0.0227885	Si 7 0.0	0.0172419	Si10 0.0	0.0150787	Fe 8 0.0	0.0150046	Fe11 0.0	0.0105517	S 11 0.0	0.0093735	Fe 7 0.0	0.0079744	S  8 0.0	0.0075399	Mg 7 0.0	0.0073650	Ar10 0.0	0.0068789	S  9 0.0	0.0064895	ISrcolHeO  7.0	0.0063049	Al 9 0.0	0.0035217	ISrcolHeC  5.0	0.0028102	Ne 6 0.0	0.0025197	ISrcolH C  5.0	0.0023062	Al 8 0.0	0.0022829	Ne 5 0.0	0.0010963	ISrcolHeN  6.0	0.0010665	ISrcolH O  7.0	0.0008068	Na 7 0.0	0.0007178	Si 6 0.0	0.0007045	Ar11 0.0	0.0005172	C  4 0.0	0.0003736	ISrcolH N  6.0	0.0003212	S 12 0.0	0.0002831	O  6 0.0	0.0002555	ISrcolHeNe 9.0	0.0001910	Al 6 0.0	0.0001880	Fe 6 0.0	0.0001792	Fe13 0.0	0.0001426 
-0.4 5.00000e-02	1.0000e+04	4.6499e-09	1.8613e-10	0.0000e+00	ISrcolH H  0.0	0.2918368	FF c 0.0	0.1655716	ISrcolH He 1.0	0.1585103	Fe10 0.0	0.1381461	Si 9 0.0	0.0513285	Mg 8 0.0	0.0412060	Si10 0.0	0.0221561	hvFB 0.0	0.0211744	Fe11 0.0	0.0161359	S 11 0.0	0.0139314	Si 7 0.0	0.0130376	Fe 8 0.0	0.0123158	ISrcolHeO  7.0	0.0072608	Ar10 0.0	0.0062078	S  9 0.0	0.0061291	S  8 0.0	0.0056627	Fe 7 0.0	0.0052441	Mg 7 0.0	0.0048376	Al 9 0.0	0.0035010	ISrcolH C  5.0	0.0027052	ISrcolHeC  5.0	0.0026118	Al 8 0.0	0.0017965	Ne 6 0.0	0.0014553	ISrcolH O  7.0	0.0011713	ISrcolHeN  6.0	0.0011124	Ar11 0.0	0.0005869	Na 7 0.0	0.0005703	Ne 5 0.0	0.0005246	S 12 0.0	0.0005187	Si 6 0.0	0.0004236	ISrcolH N  6.0	0.0004225	Fe13 0.0	0.0002909	ISrcolHeNe 9.0	0.0002839	C  4 0.0	0.0002184	O  6 0.0	0.0001848	Ar13 0.0	0.0001583	Fe14 0.0	0.0001077 
-0.3 5.00000e-02	1.0000e+04	5.0997e-09	1.9710e-10	0.0000e+00	ISrcolH H  0.0	0.2756563	Fe10 0.0	0.1670467	FF c 0.0	0.1566369	ISrcolH He 1.0	0.1497794	Si 9 0.0	0.0591289	Si10 0.0	0.0314919	Mg 8 0.0	0.0313353	Fe11 0.0	0.0236600	S 11 0.0	0.0193369	hvFB 0.0	0.0192987	Fe 8 0.0	0.0095597	Si 7 0.0	0.0094822	ISrcolHeO  7.0	0.0080729	S  9 0.0	0.0053978	Ar10 0.0	0.0052755	S  8 0.0	0.0039667	Fe 7 0.0	0.0032679	Al 9 0.0	0.0032507	ISrcolH C  5.0	0.0030626	Mg 7 0.0	0.0028996	ISrcolHeC  5.0	0.0023437	ISrcolH O  7.0	0.0016413	Al 8 0.0	0.0013183	ISrcolHeN  6.0	0.0011180	S 12 0.0	0.0008911	Ne 6 0.0	0.0007743	Ar11 0.0	0.0006273	Fe13 0.0	0.0005763	ISrcolH N  6.0	0.0005354	Na 7 0.0	0.0004221	ISrcolHeNe 9.0	0.0003961	Ar13 0.0	0.0002644	Si 6 0.0	0.0002452	Fe14 0.0	0.0002386	Ne 5 0.0	0.0002344	O  6 0.0	0.0001292	C  4 0.0	0.0001234	Fe12 0.0	0.0001206 
-0.2 5.00000e-02	1.0000e+04	5.6211e-09	2.1027e-10	0.0000e+00	ISrcolH H  0.0	0.2582937	Fe10 0.0	0.1919653	FF c 0.0	0.1470003	ISrcolH He 1.0	0.1403878	Si 9 0.0	0.0654151	Si10 0.0	0.0432085	Fe11 0.0	0.0331528	S 11 0.0	0.0250150	Mg 8 0.0	0.0219247	hvFB 0.0	0.0173044	ISrcolHeO  7.0	0.0086842	Fe 8 0.0	0.0069913	Si 7 0.0	0.0066120	S  9 0.0	0.0044194	Ar10 0.0	0.0042239	ISrcolH C  5.0	0.0033607	Al 9 0.0	0.0028326	S  8 0.0	0.0025825	ISrcolH O  7.0	0.0022260	ISrcolHeC  5.0	0.0020375	Fe 7 0.0	0.0019216	Mg 7 0.0	0.0015943	S 12 0.0	0.0014323	Fe13 0.0	0.0011058	ISrcolHeN  6.0	0.0010851	Al 8 0.0	0.0009059	ISrcolH N  6.0	0.0006553	Ar11 0.0	0.0006320	ISrcolHeNe 9.0	0.0005242	Fe14 0.0	0.0005170	Ar13 0.0	0.0004182	Ne 6 0.0	0.0003810	Na 7 0.0	0.0002904	Fe12 0.0	0.0001951	Si 6 0.0	0.0001362 
-0.1 5.00000e-02	1.0000e+04	6.2278e-09	2.2483e-10	0.0000e+00	ISrcolH H  0.0	0.2416093	Fe10 0.0	0.2092707	FF c 0.0	0.1377190	ISrcolH He 1.0	0.1313504	Si 9 0.0	0.0692748	Si10 0.0	0.0569775	Fe11 0.0	0.0442492	S 11 0.0	0.0301617	hvFB 0.0	0.0153886	Mg 8 0.0	0.0142946	ISrcolHeO  7.0	0.0090816	Fe 8 0.0	0.0048124	Si 7 0.0	0.0044200	ISrcolH C  5.0	0.0035999	S  9 0.0	0.0033732	Ar10 0.0	0.0032060	ISrcolH O  7.0	0.0029323	Al 9 0.0	0.0023363	S 12 0.0	0.0021510	Fe13 0.0	0.0020451	ISrcolHeC  5.0	0.0017305	S  8 0.0	0.0015691	Fe14 0.0	0.0010884	Fe 7 0.0	0.0010685	ISrcolHeN  6.0	0.0010232	Mg 7 0.0	0.0008149	ISrcolH N  6.0	0.0007786	ISrcolHeNe 9.0	0.0006653	Ar13 0.0	0.0006272	Ar11 0.0	0.0006031	Al 8 0.0	0.0005881	Fe12 0.0	0.0003007	Na 7 0.0	0.0001861	Ne 6 0.0	0.0001745	Ar14 0.0	0.0001069 
0.0 5.00000e-02	1.0000e+04	6.9225e-09	2.3882e-10	0.0000e+00	ISrcolH H  0.0	0.2275023	Fe10 0.0	0.2166307	FF c 0.0	0.1298814	ISrcolH He 1.0	0.1237037	Si10 0.0	0.0720206	Si 9 0.0	0.0700503	Fe11 0.0	0.0563142	S 11 0.0	0.0340971	hvFB 0.0	0.0137206	ISrcolHeO  7.0	0.0093065	Mg 8 0.0	0.0088084	ISrcolH C  5.0	0.0038048	ISrcolH O  7.0	0.0037848	Fe13 0.0	0.0036522	Fe 8 0.0	0.0031200	S 12 0.0	0.0030363	Si 7 0.0	0.0028210	S  9 0.0	0.0024118	Ar10 0.0	0.0023238	Fe14 0.0	0.0022298	Al 9 0.0	0.0018404	ISrcolHeC  5.0	0.0014502	ISrcolHeN  6.0	0.0009458	ISrcolH N  6.0	0.0009067	Ar13 0.0	0.0008997	S  8 0.0	0.0008935	ISrcolHeNe 9.0	0.0008213	Fe 7 0.0	0.0005619	Ar11 0.0	0.0005496	Fe12 0.0	0.0004414	Mg 7 0.0	0.0003922	Al 8 0.0	0.0003636	Ar14 0.0	0.0001885	Na 7 0.0	0.0001116 
0.1 5.00000e-02	1.0000e+04	7.6919e-09	2.4921e-10	0.0000e+00	ISrcolH H  0.0	0.2180491	Fe10 0.0	0.2126143	FF c 0.0	0.1246844	ISrcolH He 1.0	0.1185800	Si10 0.0	0.0867466	Fe11 0.0	0.0681956	Si 9 0.0	0.0672551	S 11 0.0	0.0364573	hvFB 0.0	0.0124593	ISrcolHeO  7.0	0.0094438	Fe13 0.0	0.0062830	Mg 8 0.0	0.0052160	ISrcolH O  7.0	0.0048368	Fe14 0.0	0.0044336	S 12 0.0	0.0040625	ISrcolH C  5.0	0.0040203	Fe 8 0.0	0.0019008	Si 7 0.0	0.0017094	S  9 0.0	0.0016295	Ar10 0.0	0.0016258	Al 9 0.0	0.0013995	Ar13 0.0	0.0012476	ISrcolHeC  5.0	0.0012149	ISrcolH N  6.0	0.0010474	ISrcolHeNe 9.0	0.0010003	ISrcolHeN  6.0	0.0008674	Fe12 0.0	0.0006132	Ar11 0.0	0.0004832	S  8 0.0	0.0004811	Ar14 0.0	0.0003225	Fe 7 0.0	0.0002791	Al 8 0.0	0.0002164	Mg 7 0.0	0.0001805	ISrcolH Ne 9.0	0.0001244 
0.2 5.00000e-02	1.0000e+04	8.4589e-09	2.5166e-10	0.0000e+00	ISrcolH H  0.0	0.2159554	Fe10 0.0	0.1952256	FF c 0.0	0.1236973	ISrcolH He 1.0	0.1174533	Si10 0.0	0.0989033	Fe11 0.0	0.0774970	Si 9 0.0	0.0609110	S 11 0.0	0.0373843	hvFB 0.0	0.0117974	Fe13 0.0	0.0102638	ISrcolHeO  7.0	0.0096306	Fe14 0.0	0.0084331	ISrcolH O  7.0	0.0062113	S 12 0.0	0.0052229	ISrcolH C  5.0	0.0043204	Mg 8 0.0	0.0030270	Ar13 0.0	0.0016963	ISrcolHeNe 9.0	0.0012229	ISrcolH N  6.0	0.0012201	Ar10 0.0	0.0011141	Fe 8 0.0	0.0010726	S  9 0.0	0.0010552	Al 9 0.0	0.0010409	ISrcolHeC  5.0	0.0010348	Si 7 0.0	0.0009771	ISrcolHeN  6.0	0.0008022	Fe12 0.0	0.0007914	Ar14 0.0	0.0005431	Ar11 0.0	0.0004161	S  8 0.0	0.0002485	ISrcolH Ne 9.0	0.0001914	ISrcolHeMg 11.0	0.0001306	Fe 7 0.0	0.0001293	Al 8 0.0	0.0001254 
0.3 5.00000e-02	1.0000e+04	8.9774e-09	2.4057e-10	0.0000e+00	ISrcolH H  0.0	0.2259448	Fe10 0.0	0.1598426	FF c 0.0	0.1296677	ISrcolH He 1.0	0.1228951	Si10 0.0	0.1066319	Fe11 0.0	0.0787225	Si 9 0.0	0.0519830	S 11 0.0	0.0375819	Fe13 0.0	0.0151544	Fe14 0.0	0.0146090	hvFB 0.0	0.0120845	ISrcolHeO  7.0	0.0100913	ISrcolH O  7.0	0.0081952	S 12 0.0	0.0065942	ISrcolH C  5.0	0.0048373	Ar13 0.0	0.0023102	Mg 8 0.0	0.0017660	ISrcolHeNe 9.0	0.0015355	ISrcolH N  6.0	0.0014677	Ar14 0.0	0.0009191	ISrcolHeC  5.0	0.0009181	Fe12 0.0	0.0008962	Al 9 0.0	0.0007722	ISrcolHeN  6.0	0.0007661	Ar10 0.0	0.0007641	S  9 0.0	0.0006693	Fe 8 0.0	0.0005334	Si 7 0.0	0.0005263	Ar11 0.0	0.0003584	ISrcolH Ne 9.0	0.0003026	ISrcolHeMg 11.0	0.0001950	S  8 0.0	0.0001258 
0.4 5.00000e-02	1.0000e+04	8.8566e-09	2.1375e-10	0.0000e+00	ISrcolH H  0.0	0.2543211	FF c 0.0	0.1462742	ISrcolH He 1.0	0.1383356	Si10 0.0	0.1088254	Fe10 0.0	0.1042846	Fe11 0.0	0.0638450	Si 9 0.0	0.0418393	S 11 0.0	0.0377421	Fe14 0.0	0.0205729	Fe13 0.0	0.0180438	hvFB 0.0	0.0137722	ISrcolH O  7.0	0.0113207	ISrcolHeO  7.0	0.0110715	S 12 0.0	0.0083308	ISrcolH C  5.0	0.0057579	Ar13 0.0	0.0032057	ISrcolHeNe 9.0	0.0020166	ISrcolH N  6.0	0.0018605	Ar14 0.0	0.0015889	Mg 8 0.0	0.0010571	ISrcolHeC  5.0	0.0008656	Fe12 0.0	0.0007848	ISrcolHeN  6.0	0.0007710	Al 9 0.0	0.0005801	Ar10 0.0	0.0005337	ISrcolH Ne 9.0	0.0005003	S  9 0.0	0.0004239	Ar11 0.0	0.0003142	ISrcolHeMg 11.0	0.0003020	Si 7 0.0	0.0002674	Fe 8 0.0	0.0002084 
0.5 5.00000e-02	1.0000e+04	8.2162e-09	1.8244e-10	0.0000e+00	ISrcolH H  0.0	0.2979822	FF c 0.0	0.1717529	ISrcolH He 1.0	0.1620879	Si10 0.0	0.1013616	Fe10 0.0	0.0474981	S 11 0.0	0.0366589	Fe11 0.0	0.0362013	Si 9 0.0	0.0306073	Fe14 0.0	0.0206089	hvFB 0.0	0.0164878	ISrcolH O  7.0	0.0158605	Fe13 0.0	0.0151519	ISrcolHeO  7.0	0.0123196	S 12 0.0	0.0101959	ISrcolH C  5.0	0.0070628	Ar13 0.0	0.0043787	Ar14 0.0	0.0027100	ISrcolHeNe 9.0	0.0026797	ISrcolH N  6.0	0.0024095	ISrcolHeC  5.0	0.0008404	ISrcolH Ne 9.0	0.0008369	ISrcolHeN  6.0	0.0007928	Mg 8 0.0	0.0006286	ISrcolHeMg 11.0	0.0004712	Fe12 0.0	0.0004539	Al 9 0.0	0.0004262	Ar10 0.0	0.0003667	Ar11 0.0	0.0002708	S  9 0.0	0.0002594	Si 7 0.0	0.0001235 
0.6 5.00000e-02	1.0000e+04	7.7448e-09	1.6019e-10	0.0000e+00	ISrcolH H  0.0	0.3393864	FF c 0.0	0.1959421	ISrcolH He 1.0	0.1846095	Si10 0.0	0.0813793	S 11 0.0	0.0321581	ISrcolH O  7.0	0.0210780	Si 9 0.0	0.0192098	hvFB 0.0	0.0187800	Fe10 0.0	0.0150968	Fe14 0.0	0.0146579	Fe11 0.0	0.0143388	ISrcolHeO  7.0	0.0130036	S 12 0.0	0.0112891	Fe13 0.0	0.0089509	ISrcolH C  5.0	0.0083506	Ar13 0.0	0.0054865	Ar14 0.0	0.0042479	ISrcolHeNe 9.0	0.0033627	ISrcolH N  6.0	0.0029840	ISrcolH Ne 9.0	0.0013221	ISrcolHeC  5.0	0.0007858	ISrcolHeN  6.0	0.0007794	ISrcolHeMg 11.0	0.0006924	Mg 8 0.0	0.0003464	Al 9 0.0	0.0002855	Ar10 0.0	0.0002311	Ar11 0.0	0.0002139	ISrcolHeSi 13.0	0.0001910	Fe12 0.0	0.0001637	S  9 0.0	0.0001433	Comp 0.0	0.0001227 
0.7 5.00000e-02	1.0000e+04	7.6711e-09	1.4740e-10	0.0000e+00	ISrcolH H  0.0	0.3687983	FF c 0.0	0.2131770	ISrcolH He 1.0	0.2006033	Si10 0.0	0.0563743	ISrcolH O  7.0	0.0261308	S 11 0.0	0.0249784	hvFB 0.0	0.0200236	ISrcolHeO  7.0	0.0128036	S 12 0.0	0.0110881	Si 9 0.0	0.0103452	ISrcolH C  5.0	0.0093543	Fe14 0.0	0.0083229	Ar13 0.0	0.0061737	Ar14 0.0	0.0059891	Fe11 0.0	0.0044661	Fe13 0.0	0.0041800	ISrcolHeNe 9.0	0.0039092	Fe10 0.0	0.0037711	ISrcolH N  6.0	0.0034759	ISrcolH Ne 9.0	0.0019349	ISrcolHeMg 11.0	0.0009419	ISrcolHeN  6.0	0.0007206	ISrcolHeC  5.0	0.0006954	ISrcolHeSi 13.0	0.0003285	Mg 8 0.0	0.0001732	Al 9 0.0	0.0001712	Comp 0.0	0.0001679	Ar11 0.0	0.0001515	ISrcolH Mg 11.0	0.0001488	Ar10 0.0	0.0001308	ISicolH H  0.0	0.0001287 
0.8 5.00000e-02	1.0000e+04	7.8602e-09	1.4019e-10	0.0000e+00	ISrcolH H  0.0	0.3877218	FF c 0.0	0.2243101	ISrcolH He 1.0	0.2108869	Si10 0.0	0.0348507	ISrcolH O  7.0	0.0307096	hvFB 0.0	0.0204967	S 11 0.0	0.0173859	ISrcolHeO  7.0	0.0119505	ISrcolH C  5.0	0.0100796	S 12 0.0	0.0097794	Ar14 0.0	0.0076742	Ar13 0.0	0.0063048	Si 9 0.0	0.0049387	ISrcolHeNe 9.0	0.0042681	Fe14 0.0	0.0041482	ISrcolH N  6.0	0.0038695	ISrcolH Ne 9.0	0.0026595	Fe13 0.0	0.0016953	Fe11 0.0	0.0012044	ISrcolHeMg 11.0	0.0012031	Fe10 0.0	0.0008154	ISrcolHeN  6.0	0.0006367	ISrcolHeC  5.0	0.0005912	ISrcolHeSi 13.0	0.0005092	ISrcolH Mg 11.0	0.0002393	Comp 0.0	0.0002223	ISicolH H  0.0	0.0001704 
0.9 5.00000e-02	1.0000e+04	8.1899e-09	1.3604e-10	0.0000e+00	ISrcolH H  0.0	0.3994796	FF c 0.0	0.2312524	ISrcolH He 1.0	0.2172672	ISrcolH O  7.0	0.0347377	hvFB 0.0	0.0205280	Si10 0.0	0.0197763	S 11 0.0	0.0109628	ISrcolHeO  7.0	0.0107358	ISrcolH C  5.0	0.0105944	Ar14 0.0	0.0090103	S 12 0.0	0.0078325	Ar13 0.0	0.0058925	ISrcolHeNe 9.0	0.0044342	ISrcolH N  6.0	0.0041784	ISrcolH Ne 9.0	0.0034783	Si 9 0.0	0.0021463	Fe14 0.0	0.0018947	ISrcolHeMg 11.0	0.0014619	ISrcolHeSi 13.0	0.0007317	Fe13 0.0	0.0006229	ISrcolHeN  6.0	0.0005455	ISrcolHeC  5.0	0.0004894	ISrcolH Mg 11.0	0.0003660	Fe11 0.0	0.0002941	Comp 0.0	0.0002884	ISicolH H  0.0	0.0002211	Fe10 0.0	0.0001597 
1.0 5.00000e-02	1.0000e+04	8.6034e-09	1.3362e-10	0.0000e+00	ISrcolH H  0.0	0.4066170	FF c 0.0	0.2354656	ISrcolH He 1.0	0.2211285	ISrcolH O  7.0	0.0382131	hvFB 0.0	0.0203174	ISrcolH C  5.0	0.0109591	Si10 0.0	0.0104871	Ar14 0.0	0.0097108	ISrcolHeO  7.0	0.0093787	S 11 0.0	0.0063068	S 12 0.0	0.0057394	Ar13 0.0	0.0050495	ISrcolHeNe 9.0	0.0044222	ISrcolH N  6.0	0.0044191	ISrcolH Ne 9.0	0.0043670	ISrcolHeMg 11.0	0.0017027	ISrcolHeSi 13.0	0.0009931	Si 9 0.0	0.0008626	Fe14 0.0	0.0008062	ISrcolH Mg 11.0	0.0005367	ISrcolHeN  6.0	0.0004576	ISrcolHeC  5.0	0.0003979	Comp 0.0	0.0003697	ISicolH H  0.0	0.0002834	Fe13 0.0	0.0002104	ISrcolHeS  15.0	0.0001454	ISrcolH Si 13.0	0.0001198	ISrcolHeAl 12.0	0.0001140 
1.1 5.00000e-02	1.0000e+04	9.0820e-09	1.3217e-10	0.0000e+00	ISrcolH H  0.0	0.4109173	FF c 0.0	0.2379704	ISrcolH He 1.0	0.2234404	ISrcolH O  7.0	0.0411753	hvFB 0.0	0.0199757	ISrcolH C  5.0	0.0112210	Ar14 0.0	0.0095795	ISrcolHeO  7.0	0.0080249	ISrcolH Ne 9.0	0.0052962	Si10 0.0	0.0052510	ISrcolH N  6.0	0.0046073	ISrcolHeNe 9.0	0.0042602	Ar13 0.0	0.0039564	S 12 0.0	0.0038732	S 11 0.0	0.0033300	ISrcolHeMg 11.0	0.0019093	ISrcolHeSi 13.0	0.0012877	ISrcolH Mg 11.0	0.0007576	Comp 0.0	0.0004705	ISrcolHeN  6.0	0.0003783	ISicolH H  0.0	0.0003607	Si 9 0.0	0.0003229	Fe14 0.0	0.0003215	ISrcolHeC  5.0	0.0003193	ISrcolHeS  15.0	0.0002385	ISrcolH Si 13.0	0.0001955	ISrcolHeAl 12.0	0.0001389 
1.2 5.00000e-02	1.0000e+04	9.6273e-09	1.3127e-10	0.0000e+00	ISrcolH H  0.0	0.4135572	FF c 0.0	0.2394348	ISrcolH He 1.0	0.2248425	ISrcolH O  7.0	0.0436830	hvFB 0.0	0.0195611	ISrcolH C  5.0	0.0114142	Ar14 0.0	0.0086044	ISrcolHeO  7.0	0.0067601	ISrcolH Ne 9.0	0.0062349	ISrcolH N  6.0	0.0047561	ISrcolHeNe 9.0	0.0039838	Ar13 0.0	0.0028194	Si10 0.0	0.0024952	S 12 0.0	0.0024239	ISrcolHeMg 11.0	0.0020669	S 11 0.0	0.0016238	ISrcolHeSi 13.0	0.0016058	ISrcolH Mg 11.0	0.0010325	Comp 0.0	0.0005965	ISicolH H  0.0	0.0004573	ISrcolHeS  15.0	0.0003663	ISrcolHeN  6.0	0.0003095	ISrcolH Si 13.0	0.0003069	ISrcolHeC  5.0	0.0002537	ISrcolHeAl 12.0	0.0001626	Fe14 0.0	0.0001203	Si 9 0.0	0.0001127	ISicolH He 1.0	0.0001033 
1.3 5.00000e-02	1.0000e+04	1.0252e-08	1.3066e-10	0.0000e+00	ISrcolH H  0.0	0.4152213	FF c 0.0	0.2402393	ISrcolH He 1.0	0.2257065	ISrcolH O  7.0	0.0457936	hvFB 0.0	0.0191026	ISrcolH C  5.0	0.0115611	ISrcolH Ne 9.0	0.0071528	Ar14 0.0	0.0070035	ISrcolHeO  7.0	0.0056265	ISrcolH N  6.0	0.0048748	ISrcolHeNe 9.0	0.0036303	ISrcolHeMg 11.0	0.0021636	ISrcolHeSi 13.0	0.0019326	Ar13 0.0	0.0018185	S 12 0.0	0.0014167	ISrcolH Mg 11.0	0.0013605	Si10 0.0	0.0011266	Comp 0.0	0.0007545	S 11 0.0	0.0007358	ISicolH H  0.0	0.0005784	ISrcolHeS  15.0	0.0005301	ISrcolH Si 13.0	0.0004650	ISrcolHeN  6.0	0.0002513	ISrcolHeC  5.0	0.0001999	ISrcolHeAl 12.0	0.0001835	ISicolH He 1.0	0.0001307	ISrcolH Na 10.0	0.0001012 
1.4 5.00000e-02	1.0000e+04	1.0975e-08	1.3023e-10	0.0000e+00	ISrcolH H  0.0	0.4162464	FF c 0.0	0.2405593	ISrcolH He 1.0	0.2262147	ISrcolH O  7.0	0.0475559	hvFB 0.0	0.0186162	ISrcolH C  5.0	0.0116746	ISrcolH Ne 9.0	0.0080231	Ar14 0.0	0.0051602	ISrcolH N  6.0	0.0049701	ISrcolHeO  7.0	0.0046385	ISrcolHeNe 9.0	0.0032345	ISrcolHeSi 13.0	0.0022480	ISrcolHeMg 11.0	0.0021925	ISrcolH Mg 11.0	0.0017356	Ar13 0.0	0.0010604	Comp 0.0	0.0009530	S 12 0.0	0.0007784	ISicolH H  0.0	0.0007306	ISrcolHeS  15.0	0.0007272	ISrcolH Si 13.0	0.0006810	Si10 0.0	0.0004824	S 11 0.0	0.0003115	ISrcolHeN  6.0	0.0002028	ISrcolHeAl 12.0	0.0001999	ISicolH He 1.0	0.0001651	ISrcolHeC  5.0	0.0001562	ISrcolH Na 10.0	0.0001206 
1.5 5.00000e-02	1.0000e+04	1.1821e-08	1.2993e-10	0.0000e+00	ISrcolH H  0.0	0.4167891	FF c 0.0	0.2404605	ISrcolH He 1.0	0.2264510	ISrcolH O  7.0	0.0490127	hvFB 0.0	0.0181176	ISrcolH C  5.0	0.0117625	ISrcolH Ne 9.0	0.0088249	ISrcolH N  6.0	0.0050462	ISrcolHeO  7.0	0.0037945	Ar14 0.0	0.0034576	ISrcolHeNe 9.0	0.0028260	ISrcolHeSi 13.0	0.0025285	ISrcolHeMg 11.0	0.0021538	ISrcolH Mg 11.0	0.0021465	Comp 0.0	0.0012026	ISrcolH Si 13.0	0.0009642	ISrcolHeS  15.0	0.0009512	ISicolH H  0.0	0.0009220	Ar13 0.0	0.0005614	S 12 0.0	0.0004044	ISrcolHeAl 12.0	0.0002104	ISicolH He 1.0	0.0002083	Si10 0.0	0.0001952	ISrcolHeN  6.0	0.0001629	ISrcolH S  15.0	0.0001587	ISrcolH Na 10.0	0.0001398	ISrcolH Al 12.0	0.0001262	S 11 0.0	0.0001237	ISrcolHeC  5.0	0.0001210 
1.6 5.00000e-02	1.0000e+04	1.2817e-08	1.2972e-10	0.0000e+00	ISrcolH H  0.0	0.4169533	FF c 0.0	0.2399709	ISrcolH He 1.0	0.2264705	ISrcolH O  7.0	0.0502076	hvFB 0.0	0.0176301	ISrcolH C  5.0	0.0118307	ISrcolH Ne 9.0	0.0095451	ISrcolH N  6.0	0.0051069	ISrcolHeO  7.0	0.0030846	ISrcolHeSi 13.0	0.0027503	ISrcolH Mg 11.0	0.0025780	ISrcolHeNe 9.0	0.0024279	Ar14 0.0	0.0021267	ISrcolHeMg 11.0	0.0020548	Comp 0.0	0.0015165	ISrcolH Si 13.0	0.0013203	ISrcolHeS  15.0	0.0011917	ISicolH H  0.0	0.0011627	Ar13 0.0	0.0002724	ISicolH He 1.0	0.0002627	ISrcolH S  15.0	0.0002503	ISrcolHeAl 12.0	0.0002143	S 12 0.0	0.0001994	ISrcolH Al 12.0	0.0001618	ISrcolH Na 10.0	0.0001584	ISrcolHeN  6.0	0.0001302	ISrcolHeAr 17.0	0.0001202 
1.7 5.00000e-02	1.0000e+04	1.3984e-08	1.2955e-10	0.0000e+00	ISrcolH H  0.0	0.4168406	FF c 0.0	0.2391078	ISrcolH He 1.0	0.2263262	ISrcolH O  7.0	0.0511863	hvFB 0.0	0.0171866	ISrcolH C  5.0	0.0118851	ISrcolH Ne 9.0	0.0101793	ISrcolH N  6.0	0.0051557	ISrcolH Mg 11.0	0.0030141	ISrcolHeSi 13.0	0.0028940	ISrcolHeO  7.0	0.0024949	ISrcolHeNe 9.0	0.0020565	Comp 0.0	0.0019117	ISrcolHeMg 11.0	0.0019084	ISrcolH Si 13.0	0.0017490	ISicolH H  0.0	0.0014657	ISrcolHeS  15.0	0.0014344	Ar14 0.0	0.0012143	ISrcolH S  15.0	0.0003793	ISicolH He 1.0	0.0003311	ISrcolHeAl 12.0	0.0002115	ISrcolH Al 12.0	0.0002010	ISrcolH Na 10.0	0.0001758	ISrcolHeAr 17.0	0.0001700	Ar13 0.0	0.0001224	ISrcolHeN  6.0	0.0001037 
1.8 5.00000e-02	1.0000e+04	1.5337e-08	1.2939e-10	0.0000e+00	ISrcolH H  0.0	0.4165462	FF c 0.0	0.2378720	ISrcolH He 1.0	0.2260669	ISrcolH O  7.0	0.0519936	hvFB 0.0	0.0168298	ISrcolH C  5.0	0.0119307	ISrcolH Ne 9.0	0.0107295	ISrcolH N  6.0	0.0051960	ISrcolH Mg 11.0	0.0034399	ISrcolHeSi 13.0	0.0029481	Comp 0.0	0.0024097	ISrcolH Si 13.0	0.0022430	ISrcolHeO  7.0	0.0020099	ISicolH H  0.0	0.0018474	ISrcolHeMg 11.0	0.0017300	ISrcolHeNe 9.0	0.0017217	ISrcolHeS  15.0	0.0016628	Ar14 0.0	0.0006504	ISrcolH S  15.0	0.0005535	ISicolH He 1.0	0.0004173	ISrcolH Al 12.0	0.0002425	ISrcolHeAr 17.0	0.0002274	ISrcolHeAl 12.0	0.0002026	ISrcolH Na 10.0	0.0001917 
1.9 5.00000e-02	1.0000e+04	1.6865e-08	1.2922e-10	0.0000e+00	ISrcolH H  0.0	0.4161410	FF c 0.0	0.2362342	ISrcolH He 1.0	0.2257276	ISrcolH O  7.0	0.0526696	hvFB 0.0	0.0166145	ISrcolH C  5.0	0.0119720	ISrcolH Ne 9.0	0.0112023	ISrcolH N  6.0	0.0052304	ISrcolH Mg 11.0	0.0038430	Comp 0.0	0.0030379	ISrcolHeSi 13.0	0.0029110	ISrcolH Si 13.0	0.0027881	ISicolH H  0.0	0.0023290	ISrcolHeS  15.0	0.0018591	ISrcolHeO  7.0	0.0016142	ISrcolHeMg 11.0	0.0015353	ISrcolHeNe 9.0	0.0014278	ISrcolH S  15.0	0.0007790	ISicolH He 1.0	0.0005261	Ar14 0.0	0.0003294	ISrcolHeAr 17.0	0.0002898	ISrcolH Al 12.0	0.0002846	ISrcolH Na 10.0	0.0002059	ISrcolHeAl 12.0	0.0001889 
2.0 5.00000e-02	1.0000e+04	1.8501e-08	1.2900e-10	0.0000e+00	ISrcolH H  0.0	0.4156634	FF c 0.0	0.2341250	ISrcolH He 1.0	0.2253248	ISrcolH O  7.0	0.0532478	hvFB 0.0	0.0166102	ISrcolH C  5.0	0.0120122	ISrcolH Ne 9.0	0.0116066	ISrcolH N  6.0	0.0052612	ISrcolH Mg 11.0	0.0042152	Comp 0.0	0.0038310	ISrcolH Si 13.0	0.0033655	ISicolH H  0.0	0.0029371	ISrcolHeSi 13.0	0.0027912	ISrcolHeS  15.0	0.0020065	ISrcolHeMg 11.0	0.0013376	ISrcolHeO  7.0	0.0012931	ISrcolHeNe 9.0	0.0011749	ISrcolH S  15.0	0.0010584	ISicolH He 1.0	0.0006635	ISrcolHeAr 17.0	0.0003539	ISrcolH Al 12.0	0.0003261	ISrcolH Na 10.0	0.0002184	ISrcolHeAl 12.0	0.0001719	Ar14 0.0	0.0001585 
2.1 5.00000e-02	1.0000e+04	2.0074e-08	1.2873e-10	0.0000e+00	ISrcolH H  0.0	0.4151255	FF c 0.0	0.2314320	ISrcolH He 1.0	0.2248609	ISrcolH O  7.0	0.0537554	hvFB 0.0	0.0168884	ISrcolH C  5.0	0.0120536	ISrcolH Ne 9.0	0.0119520	ISrcolH N  6.0	0.0052899	Comp 0.0	0.0048333	ISrcolH Mg 11.0	0.0045515	ISrcolH Si 13.0	0.0039537	ISicolH H  0.0	0.0037055	ISrcolHeSi 13.0	0.0026047	ISrcolHeS  15.0	0.0020929	ISrcolH S  15.0	0.0013898	ISrcolHeMg 11.0	0.0011473	ISrcolHeO  7.0	0.0010338	ISrcolHeNe 9.0	0.0009609	ISicolH He 1.0	0.0008371	ISrcolHeAr 17.0	0.0004155	ISrcolH Al 12.0	0.0003656	ISrcolH Na 10.0	0.0002293	ISrcolHeAl 12.0	0.0001531	ISrcolH Ar 17.0	0.0001330 
2.2 5.00000e-02	1.0000e+04	2.1302e-08	1.2838e-10	0.0000e+00	ISrcolH H  0.0	0.4145418	FF c 0.0	0.2280026	ISrcolH He 1.0	0.2243409	ISrcolH O  7.0	0.0542177	hvFB 0.0	0.0174653	ISrcolH Ne 9.0	0.0122491	ISrcolH C  5.0	0.0120988	Comp 0.0	0.0061012	ISrcolH N  6.0	0.0053182	ISrcolH Mg 11.0	0.0048509	ISicolH H  0.0	0.0046776	ISrcolH Si 13.0	0.0045328	ISrcolHeSi 13.0	0.0023721	ISrcolHeS  15.0	0.0021122	ISrcolH S  15.0	0.0017658	ISicolH He 1.0	0.0010567	ISrcolHeMg 11.0	0.0009713	ISrcolHeO  7.0	0.0008251	ISrcolHeNe 9.0	0.0007821	ISrcolHeAr 17.0	0.0004698	ISrcolH Al 12.0	0.0004023	ISrcolH Na 10.0	0.0002387	ISrcolH Ar 17.0	0.0001893	ISrcolHeFe 25.0	0.0001694	ISrcolHeAl 12.0	0.0001338 
2.3 5.00000e-02	1.0000e+04	2.1940e-08	1.2793e-10	0.0000e+00	ISrcolH H  0.0	0.4139767	ISrcolH He 1.0	0.2237999	FF c 0.0	0.2236496	ISrcolH O  7.0	0.0546643	hvFB 0.0	0.0182106	ISrcolH Ne 9.0	0.0125097	ISrcolH C  5.0	0.0121517	Comp 0.0	0.0077082	ISicolH H  0.0	0.0059096	ISrcolH N  6.0	0.0053482	ISrcolH Mg 11.0	0.0051156	ISrcolH Si 13.0	0.0050872	ISrcolH S  15.0	0.0021750	ISrcolHeSi 13.0	0.0021147	ISrcolHeS  15.0	0.0020668	ISicolH He 1.0	0.0013350	ISrcolHeMg 11.0	0.0008136	ISrcolHeO  7.0	0.0006577	ISrcolHeNe 9.0	0.0006343	ISrcolHeAr 17.0	0.0005125	ISrcolH Al 12.0	0.0004358	ISrcolHeFe 25.0	0.0004087	ISrcolH Ar 17.0	0.0002600	ISrcolH Na 10.0	0.0002470	ISrcolHeAl 12.0	0.0001152 
2.4 5.00000e-02	1.0000e+04	2.2045e-08	1.2732e-10	0.0000e+00	ISrcolH H  0.0	0.4135579	ISrcolH He 1.0	0.2233133	FF c 0.0	0.2181399	ISrcolH O  7.0	0.0551327	hvFB 0.0	0.0188515	ISrcolH Ne 9.0	0.0127476	ISrcolH C  5.0	0.0122183	Comp 0.0	0.0097509	ISicolH H  0.0	0.0074757	ISrcolH Si 13.0	0.0056073	ISrcolH N  6.0	0.0053830	ISrcolH Mg 11.0	0.0053509	ISrcolH S  15.0	0.0026042	ISrcolHeS  15.0	0.0019657	ISrcolHeSi 13.0	0.0018516	ISicolH He 1.0	0.0016888	ISrcolHeFe 25.0	0.0008390	ISrcolHeMg 11.0	0.0006760	ISrcolHeAr 17.0	0.0005402	ISrcolHeO  7.0	0.0005238	ISrcolHeNe 9.0	0.0005132	ISrcolH Al 12.0	0.0004661	ISrcolH Ar 17.0	0.0003450	ISrcolH Na 10.0	0.0002543 
2.5 5.00000e-02	1.0000e+04	2.1997e-08	1.2649e-10	0.0000e+00	ISrcolH H  0.0	0.4134108	ISrcolH He 1.0	0.2229653	FF c 0.0	0.2111512	ISrcolH O  7.0	0.0556612	hvFB 0.0	0.0191490	ISrcolH Ne 9.0	0.0129763	Comp 0.0	0.0123568	ISrcolH C  5.0	0.0123053	ISicolH H  0.0	0.0094735	ISrcolH Si 13.0	0.0060900	ISrcolH Mg 11.0	0.0055635	ISrcolH N  6.0	0.0054257	ISrcolH S  15.0	0.0030403	ISicolH He 1.0	0.0021401	ISrcolHeS  15.0	0.0018229	ISrcolHeSi 13.0	0.0015974	ISrcolHeFe 25.0	0.0014894	ISrcolHeMg 11.0	0.0005583	ISrcolHeAr 17.0	0.0005510	ISrcolH Al 12.0	0.0004936	ISrcolH Ar 17.0	0.0004431	ISrcolHeO  7.0	0.0004170	ISrcolHeNe 9.0	0.0004148	ISrcolH Na 10.0	0.0002610	ISrcolH Fe 25.0	0.0001244 
2.6 5.00000e-02	1.0000e+04	2.2194e-08	1.2539e-10	0.0000e+00	ISrcolH H  0.0	0.4135990	ISrcolH He 1.0	0.2228211	FF c 0.0	0.2022240	ISrcolH O  7.0	0.0562819	hvFB 0.0	0.0190296	Comp 0.0	0.0156928	ISrcolH Ne 9.0	0.0132078	ISrcolH C  5.0	0.0124183	ISicolH H  0.0	0.0120311	ISrcolH Si 13.0	0.0065366	ISrcolH Mg 11.0	0.0057603	ISrcolH N  6.0	0.0054791	ISrcolH S  15.0	0.0034720	ISicolH He 1.0	0.0027179	ISrcolHeFe 25.0	0.0023599	ISrcolHeS  15.0	0.0016536	ISrcolHeSi 13.0	0.0013619	ISrcolH Ar 17.0	0.0005518	ISrcolHeAr 17.0	0.0005451	ISrcolH Al 12.0	0.0005189	ISrcolHeMg 11.0	0.0004591	ISrcolHeNe 9.0	0.0003352	ISrcolHeO  7.0	0.0003319	ISrcolH Na 10.0	0.0002675	ISrcolH Fe 25.0	0.0002482 
2.7 5.00000e-02	1.0000e+04	2.2847e-08	1.2399e-10	0.0000e+00	ISrcolH H  0.0	0.4141409	ISrcolH He 1.0	0.2229411	FF c 0.0	0.1907280	ISrcolH O  7.0	0.0570256	Comp 0.0	0.0199798	hvFB 0.0	0.0185340	ISicolH H  0.0	0.0153178	ISrcolH Ne 9.0	0.0134529	ISrcolH C  5.0	0.0125629	ISrcolH Si 13.0	0.0069520	ISrcolH Mg 11.0	0.0059485	ISrcolH N  6.0	0.0055457	ISrcolH S  15.0	0.0038917	ISicolH He 1.0	0.0034604	ISrcolHeFe 25.0	0.0034425	ISrcolHeS  15.0	0.0014723	ISrcolHeSi 13.0	0.0011505	ISrcolH Ar 17.0	0.0006681	ISrcolH Al 12.0	0.0005424	ISrcolHeAr 17.0	0.0005243	ISrcolH Fe 25.0	0.0004558	ISrcolHeMg 11.0	0.0003766	ISrcolH Na 10.0	0.0002739	ISrcolHeNe 9.0	0.0002710	ISrcolHeO  7.0	0.0002641 
2.8 5.00000e-02	1.0000e+04	2.4024e-08	1.2224e-10	0.0000e+00	ISrcolH H  0.0	0.4150530	ISrcolH He 1.0	0.2234097	FF c 0.0	0.1758168	ISrcolH O  7.0	0.0579300	Comp 0.0	0.0255141	ISicolH H  0.0	0.0195607	hvFB 0.0	0.0177250	ISrcolH Ne 9.0	0.0137236	ISrcolH C  5.0	0.0127463	ISrcolH Si 13.0	0.0073448	ISrcolH Mg 11.0	0.0061355	ISrcolH N  6.0	0.0056290	ISrcolHeFe 25.0	0.0047248	ISicolH He 1.0	0.0044189	ISrcolH S  15.0	0.0042962	ISrcolHeS  15.0	0.0012910	ISrcolHeSi 13.0	0.0009655	ISrcolH Ar 17.0	0.0007891	ISrcolH Fe 25.0	0.0007875	ISrcolH Al 12.0	0.0005651	ISrcolHeAr 17.0	0.0004919	ISrcolHeMg 11.0	0.0003085	ISrcolH Na 10.0	0.0002807	ISrcolHeNe 9.0	0.0002194	ISrcolHeO  7.0	0.0002102 
2.9 5.00000e-02	1.0000e+04	2.5750e-08	1.2007e-10	0.0000e+00	ISrcolH H  0.0	0.4163759	ISrcolH He 1.0	0.2243560	FF c 0.0	0.1563432	ISrcolH O  7.0	0.0590476	Comp 0.0	0.0327014	ISicolH H  0.0	0.0250709	hvFB 0.0	0.0166535	ISrcolH Ne 9.0	0.0140352	ISrcolH C  5.0	0.0129792	ISrcolH Si 13.0	0.0077269	ISrcolH Mg 11.0	0.0063306	ISrcolHeFe 25.0	0.0061825	ISrcolH N  6.0	0.0057338	ISicolH He 1.0	0.0056637	ISrcolH S  15.0	0.0046871	ISrcolH Fe 25.0	0.0012973	ISrcolHeS  15.0	0.0011188	ISrcolH Ar 17.0	0.0009124	ISrcolHeSi 13.0	0.0008069	ISrcolH Al 12.0	0.0005877	ISrcolHeAr 17.0	0.0004518	ISrcolH Na 10.0	0.0002880	ISrcolHeMg 11.0	0.0002528	ISrcolHeNe 9.0	0.0001780	ISrcolHeO  7.0	0.0001674 
3.0 5.00000e-02	1.0000e+04	2.8061e-08	1.1738e-10	0.0000e+00	ISrcolH H  0.0	0.4181880	ISrcolH He 1.0	0.2259682	FF c 0.0	0.1307166	ISrcolH O  7.0	0.0604534	Comp 0.0	0.0421093	ISicolH H  0.0	0.0322836	hvFB 0.0	0.0153648	ISrcolH Ne 9.0	0.0144077	ISrcolH C  5.0	0.0132776	ISrcolH Si 13.0	0.0081145	ISrcolHeFe 25.0	0.0077714	ISicolH He 1.0	0.0072931	ISrcolH Mg 11.0	0.0065447	ISrcolH N  6.0	0.0058673	ISrcolH S  15.0	0.0050714	ISrcolH Fe 25.0	0.0020529	ISrcolH Ar 17.0	0.0010371	ISrcolHeS  15.0	0.0009616	ISrcolHeSi 13.0	0.0006730	ISrcolH Al 12.0	0.0006115	ISrcolHeAr 17.0	0.0004079	ISrcolH Na 10.0	0.0002965	ISrcolHeMg 11.0	0.0002076	ISrcolHeNe 9.0	0.0001449	ISrcolHeO  7.0	0.0001334 
3.1 5.00000e-02	1.0000e+04	3.1025e-08	1.1407e-10	0.0000e+00	ISrcolH H  0.0	0.4206188	ISrcolH He 1.0	0.2285161	FF c 0.0	0.0966634	ISrcolH O  7.0	0.0622573	Comp 0.0	0.0545538	ISicolH H  0.0	0.0418243	ISrcolH Ne 9.0	0.0148691	hvFB 0.0	0.0139108	ISrcolH C  5.0	0.0136649	ISicolH He 1.0	0.0094484	ISrcolHeFe 25.0	0.0094278	ISrcolH Si 13.0	0.0085286	ISrcolH Mg 11.0	0.0067925	ISrcolH N  6.0	0.0060398	ISrcolH S  15.0	0.0054616	ISrcolH Fe 25.0	0.0031354	ISrcolH Ar 17.0	0.0011638	ISrcolHeS  15.0	0.0008226	ISrcolH Al 12.0	0.0006380	ISrcolHeSi 13.0	0.0005619	ISrcolHeAr 17.0	0.0003636	ISrcolH Na 10.0	0.0003067	ISrcolHeMg 11.0	0.0001711	ISrcolHeNe 9.0	0.0001186	ISrcolHeO  7.0	0.0001065 
3.2 5.00000e-02	1.0000e+04	3.4744e-08	1.0996e-10	0.0000e+00	ISrcolH H  0.0	0.4238771	ISrcolH He 1.0	0.2323916	Comp 0.0	0.0712475	ISrcolH O  7.0	0.0646234	ISicolH H  0.0	0.0546227	FF c 0.0	0.0508163	ISrcolH Ne 9.0	0.0154602	ISrcolH C  5.0	0.0141767	hvFB 0.0	0.0123573	ISicolH He 1.0	0.0123397	ISrcolHeFe 25.0	0.0110784	ISrcolH Si 13.0	0.0089983	ISrcolH Mg 11.0	0.0070944	ISrcolH N  6.0	0.0062672	ISrcolH S  15.0	0.0058774	ISrcolH Fe 25.0	0.0046382	ISrcolH Ar 17.0	0.0012958	ISrcolHeS  15.0	0.0007031	ISrcolH Al 12.0	0.0006691	ISrcolHeSi 13.0	0.0004709	ISrcolHeAr 17.0	0.0003216	ISrcolH Na 10.0	0.0003194	ISrcolHeMg 11.0	0.0001419 
3.3 5.00000e-02	1.0000e+04	3.9365e-08	1.0610e-10	0.0000e+00	ISrcolH H  0.0	0.4232069	ISrcolH He 1.0	0.2353548	Comp 0.0	0.0929522	ISicolH H  0.0	0.0712629	ISrcolH O  7.0	0.0670011	ISicolH He 1.0	0.0160988	ISrcolH Ne 9.0	0.0160506	ISrcolH C  5.0	0.0146918	ISrcolHeFe 25.0	0.0125081	hvFB 0.0	0.0106548	ISrcolH Si 13.0	0.0094517	ISrcolH Mg 11.0	0.0073918	ISrcolH Fe 25.0	0.0065927	ISrcolH N  6.0	0.0064961	ISrcolH S  15.0	0.0062729	ISrcolH Ar 17.0	0.0014223	ISrcolH Al 12.0	0.0006994	ISrcolHeS  15.0	0.0005961	ISrcolHeSi 13.0	0.0003929	ISrcolH Na 10.0	0.0003321	ISrcolHeAr 17.0	0.0002804	ISrcolHeMg 11.0	0.0001174 
3.4 5.00000e-02	1.0000e+04	4.5087e-08	1.0835e-10	0.0000e+00	ISrcolH H  0.0	0.3948099	ISrcolH He 1.0	0.2243306	Comp 0.0	0.1145968	ISicolH H  0.0	0.0878570	ISrcolH O  7.0	0.0656377	ISicolH He 1.0	0.0198475	ISrcolH Ne 9.0	0.0157409	ISrcolH C  5.0	0.0143875	ISrcolHeFe 25.0	0.0128500	ISrcolH Si 13.0	0.0093562	ISrcolH Fe 25.0	0.0085265	hvFB 0.0	0.0084265	ISrcolH Mg 11.0	0.0072699	ISrcolH N  6.0	0.0063625	ISrcolH S  15.0	0.0062898	ISrcolH Ar 17.0	0.0014590	ISrcolH Al 12.0	0.0006897	ISrcolHeS  15.0	0.0004748	ISrcolH Na 10.0	0.0003260	ISrcolHeSi 13.0	0.0003089	ISrcolHeAr 17.0	0.0002285 
3.5 5.00000e-02	1.0000e+04	5.2156e-08	1.1123e-10	0.0000e+00	ISrcolH H  0.0	0.3606487	ISrcolH He 1.0	0.2115489	Comp 0.0	0.1405371	ISicolH H  0.0	0.1077444	ISrcolH O  7.0	0.0639583	ISicolH He 1.0	0.0243402	ISrcolH Ne 9.0	0.0153513	ISrcolH C  5.0	0.0140147	ISrcolHeFe 25.0	0.0126633	ISrcolH Fe 25.0	0.0105782	ISrcolH Si 13.0	0.0091928	ISrcolH Mg 11.0	0.0071061	hvFB 0.0	0.0064336	ISrcolH S  15.0	0.0062440	ISrcolH N  6.0	0.0061985	ISrcolH Ar 17.0	0.0014755	ISrcolH Al 12.0	0.0006756	ISrcolHeS  15.0	0.0003744	ISrcolH Na 10.0	0.0003182	ISrcolHeSi 13.0	0.0002411	ISrcolHeAr 17.0	0.0001835 
3.6 5.00000e-02	1.0000e+04	6.0903e-08	1.1489e-10	0.0000e+00	ISrcolH H  0.0	0.3200448	ISrcolH He 1.0	0.1968070	Comp 0.0	0.1712795	ISicolH H  0.0	0.1313135	ISrcolH O  7.0	0.0619310	ISicolH He 1.0	0.0296647	ISrcolH Ne 9.0	0.0148748	ISrcolH C  5.0	0.0135664	ISrcolH Fe 25.0	0.0126034	ISrcolHeFe 25.0	0.0119846	ISrcolH Si 13.0	0.0089605	ISrcolH Mg 11.0	0.0068980	ISrcolH S  15.0	0.0061367	ISrcolH N  6.0	0.0060011	hvFB 0.0	0.0047413	ISrcolH Ar 17.0	0.0014720	ISrcolH Al 12.0	0.0006569	ISrcolH Na 10.0	0.0003086	ISrcolHeS  15.0	0.0002923	ISrcolHeSi 13.0	0.0001866	ISrcolHeAr 17.0	0.0001454 
3.7 5.00000e-02	1.0000e+04	7.1753e-08	1.1955e-10	0.0000e+00	ISrcolH H  0.0	0.2724485	Comp 0.0	0.2072363	ISrcolH He 1.0	0.1799380	ISicolH H  0.0	0.1588801	ISrcolH O  7.0	0.0595310	ISicolH He 1.0	0.0358922	ISrcolH Fe 25.0	0.0144445	ISrcolH Ne 9.0	0.0143062	ISrcolH C  5.0	0.0130369	ISrcolHeFe 25.0	0.0109104	ISrcolH Si 13.0	0.0086588	ISrcolH Mg 11.0	0.0066439	ISrcolH S  15.0	0.0059694	ISrcolH N  6.0	0.0057678	hvFB 0.0	0.0033747	ISrcolH Ar 17.0	0.0014491	ISrcolH Al 12.0	0.0006336	ISrcolH Na 10.0	0.0002969	ISrcolHeS  15.0	0.0002258	ISrcolHeSi 13.0	0.0001432	ISrcolHeAr 17.0	0.0001137 
3.8 5.00000e-02	1.0000e+04	8.5254e-08	1.2543e-10	0.0000e+00	Comp 0.0	0.2486510	ISrcolH H  0.0	0.2175349	ISicolH H  0.0	0.1906312	ISrcolH He 1.0	0.1608429	ISrcolH O  7.0	0.0567444	ISicolH He 1.0	0.0430650	ISrcolH Fe 25.0	0.0159561	ISrcolH Ne 9.0	0.0136426	ISrcolH C  5.0	0.0124231	ISrcolHeFe 25.0	0.0095734	ISrcolH Si 13.0	0.0082883	ISrcolH Mg 11.0	0.0063430	ISrcolH S  15.0	0.0057442	ISrcolH N  6.0	0.0054972	hvFB 0.0	0.0023227	ISrcolH Ar 17.0	0.0014080	ISrcolH Al 12.0	0.0006055	ISrcolH Na 10.0	0.0002833	ISrcolHeS  15.0	0.0001726	ISrcolHeSi 13.0	0.0001089 
3.9 5.00000e-02	1.0000e+04	1.0210e-07	1.3287e-10	0.0000e+00	Comp 0.0	0.2955174	ISicolH H  0.0	0.2265618	ISrcolH H  0.0	0.1553117	ISrcolH He 1.0	0.1395268	ISrcolH O  7.0	0.0535742	ISicolH He 1.0	0.0511820	ISrcolH Fe 25.0	0.0170266	ISrcolH Ne 9.0	0.0128850	ISrcolH C  5.0	0.0117254	ISrcolHeFe 25.0	0.0081146	ISrcolH Si 13.0	0.0078515	ISrcolH Mg 11.0	0.0059962	ISrcolH S  15.0	0.0054644	ISrcolH N  6.0	0.0051895	hvFB 0.0	0.0015483	ISrcolH Ar 17.0	0.0013498	ISrcolH Al 12.0	0.0005729	ISrcolH Na 10.0	0.0002677	ISrcolHeS  15.0	0.0001304 
4.0 5.00000e-02	1.0000e+04	1.2317e-07	1.4225e-10	0.0000e+00	Comp 0.0	0.3475049	ISicolH H  0.0	0.2664187	ISrcolH He 1.0	0.1161323	ISrcolH H  0.0	0.0862178	ISicolH He 1.0	0.0601859	ISrcolH O  7.0	0.0500450	ISrcolH Fe 25.0	0.0175909	ISrcolH Ne 9.0	0.0120398	ISrcolH C  5.0	0.0109492	ISrcolH Si 13.0	0.0073540	ISrcolHeFe 25.0	0.0066593	ISrcolH Mg 11.0	0.0056070	ISrcolH S  15.0	0.0051354	ISrcolH N  6.0	0.0048471	ISrcolH Ar 17.0	0.0012764	hvFB 0.0	0.0010013	ISrcolH Al 12.0	0.0005361	ISrcolH Na 10.0	0.0002502 
4.1 5.00000e-02	1.0000e+04	1.4958e-07	1.5407e-10	0.0000e+00	Comp 0.0	0.4039105	ISicolH H  0.0	0.3096627	ISrcolH He 1.0	0.0909606	ISicolH He 1.0	0.0699551	ISrcolH O  7.0	0.0462061	ISrcolH Fe 25.0	0.0176353	ISrcolH H  0.0	0.0111884	ISrcolH Ne 9.0	0.0111190	ISrcolH C  5.0	0.0101053	ISrcolH Si 13.0	0.0068045	ISrcolHeFe 25.0	0.0053030	ISrcolH Mg 11.0	0.0051811	ISrcolH S  15.0	0.0047643	ISrcolH N  6.0	0.0044747	ISrcolH Ar 17.0	0.0011900	hvFB 0.0	0.0006293	ISrcolH Al 12.0	0.0004956	ISrcolH Na 10.0	0.0002311 
4.2 5.00000e-02	1.0000e+04	1.8274e-07	1.8052e-10	0.0000e+00	Comp 0.0	0.4339970	ISicolH H  0.0	0.3327289	ISicolH He 1.0	0.0751659	ISrcolH He 1.0	0.0603484	ISrcolH O  7.0	0.0394370	ISrcolH Fe 25.0	0.0160930	ISrcolH Ne 9.0	0.0094921	ISrcolH C  5.0	0.0086208	ISrcolH Si 13.0	0.0058177	ISrcolH Mg 11.0	0.0044251	ISrcolH S  15.0	0.0040821	ISrcolHeFe 25.0	0.0038440	ISrcolH N  6.0	0.0038187	ISrcolH Ar 17.0	0.0010236	ISrcolH Al 12.0	0.0004235	hvFB 0.0	0.0003605	ISrcolH Na 10.0	0.0001973 
4.3 5.00000e-02	1.0000e+04	2.2441e-07	2.1600e-10	0.0000e+00	Comp 0.0	0.4566231	ISicolH H  0.0	0.3500754	ISicolH He 1.0	0.0790846	ISrcolH O  7.0	0.0329585	ISrcolH He 1.0	0.0323883	ISrcolH Fe 25.0	0.0141969	ISrcolH Ne 9.0	0.0079342	ISrcolH C  5.0	0.0072005	ISrcolH Si 13.0	0.0048687	ISrcolH Mg 11.0	0.0037002	ISrcolH S  15.0	0.0034220	ISrcolH N  6.0	0.0031909	ISrcolHeFe 25.0	0.0026936	ISrcolH Ar 17.0	0.0008608	ISrcolH Al 12.0	0.0003542	hvFB 0.0	0.0001999	ISrcolH Na 10.0	0.0001650 
4.4 5.00000e-02	1.0000e+04	2.7679e-07	2.6068e-10	0.0000e+00	Comp 0.0	0.4763219	ISicolH H  0.0	0.3651778	ISicolH He 1.0	0.0824963	ISrcolH O  7.0	0.0273080	ISrcolH Fe 25.0	0.0122871	ISrcolH He 1.0	0.0081174	ISrcolH Ne 9.0	0.0065751	ISrcolH C  5.0	0.0059619	ISrcolH Si 13.0	0.0040386	ISrcolH Mg 11.0	0.0030673	ISrcolH S  15.0	0.0028424	ISrcolH N  6.0	0.0026434	ISrcolHeFe 25.0	0.0018518	ISrcolH Ar 17.0	0.0007168	ISrcolH Al 12.0	0.0002937	ISrcolH Na 10.0	0.0001367	hvFB 0.0	0.0001088 
4.5 5.00000e-02	1.0000e+04	3.4269e-07	3.2095e-10	0.0000e+00	Comp 0.0	0.4870506	ISicolH H  0.0	0.3734031	ISicolH He 1.0	0.0843545	ISrcolH O  7.0	0.0221785	ISrcolH Fe 25.0	0.0103350	ISrcolH Ne 9.0	0.0053410	ISrcolH C  5.0	0.0048378	ISrcolH Si 13.0	0.0032831	ISrcolH Mg 11.0	0.0024922	ISrcolH S  15.0	0.0023131	ISrcolH N  6.0	0.0021465	ISrcolHeFe 25.0	0.0012372	ISrcolH Ar 17.0	0.0005845	ISrcolH Al 12.0	0.0002387	ISrcolH Na 10.0	0.0001111 
4.6 5.00000e-02	1.0000e+04	4.2561e-07	3.9948e-10	0.0000e+00	Comp 0.0	0.4926271	ISicolH H  0.0	0.3776783	ISicolH He 1.0	0.0853203	ISrcolH O  7.0	0.0178168	ISrcolH Fe 25.0	0.0085393	ISrcolH Ne 9.0	0.0042913	ISrcolH C  5.0	0.0038822	ISrcolH Si 13.0	0.0026395	ISrcolH Mg 11.0	0.0020028	ISrcolH S  15.0	0.0018613	ISrcolH N  6.0	0.0017239	ISrcolHeFe 25.0	0.0008120	ISrcolH Ar 17.0	0.0004710	ISrcolH Al 12.0	0.0001919 
4.7 5.00000e-02	1.0000e+04	5.2998e-07	4.9833e-10	0.0000e+00	Comp 0.0	0.4971555	ISicolH H  0.0	0.3811501	ISicolH He 1.0	0.0861046	ISrcolH O  7.0	0.0142804	ISrcolH Fe 25.0	0.0070004	ISrcolH Ne 9.0	0.0034402	ISrcolH C  5.0	0.0031075	ISrcolH Si 13.0	0.0021171	ISrcolH Mg 11.0	0.0016058	ISrcolH S  15.0	0.0014939	ISrcolH N  6.0	0.0013813	ISrcolHeFe 25.0	0.0005288	ISrcolH Ar 17.0	0.0003785	ISrcolH Al 12.0	0.0001539 
4.8 5.00000e-02	1.0000e+04	6.6136e-07	6.2278e-10	0.0000e+00	Comp 0.0	0.5008171	ISicolH H  0.0	0.3839573	ISicolH He 1.0	0.0867388	ISrcolH O  7.0	0.0114247	ISrcolH Fe 25.0	0.0057027	ISrcolH Ne 9.0	0.0027528	ISrcolH C  5.0	0.0024819	ISrcolH Si 13.0	0.0016948	ISrcolH Mg 11.0	0.0012852	ISrcolH S  15.0	0.0011965	ISrcolH N  6.0	0.0011047	ISrcolHeFe 25.0	0.0003422	ISrcolH Ar 17.0	0.0003035	ISrcolH Al 12.0	0.0001231 
4.9 5.00000e-02	1.0000e+04	8.2676e-07	7.7944e-10	0.0000e+00	Comp 0.0	0.5037671	ISicolH H  0.0	0.3862190	ISicolH He 1.0	0.0872497	ISrcolH O  7.0	0.0091261	ISrcolH Fe 25.0	0.0046220	ISrcolH Ne 9.0	0.0021995	ISrcolH C  5.0	0.0019784	ISrcolH Si 13.0	0.0013546	ISrcolH Mg 11.0	0.0010270	ISrcolH S  15.0	0.0009568	ISrcolH N  6.0	0.0008820	ISrcolH Ar 17.0	0.0002429	ISrcolHeFe 25.0	0.0002203 
5.0 5.00000e-02	1.0000e+04	1.0350e-06	9.7666e-10	0.0000e+00	Comp 0.0	0.5061373	ISicolH H  0.0	0.3880361	ISicolH He 1.0	0.0876602	ISrcolH O  7.0	0.0072809	ISrcolH Fe 25.0	0.0037308	ISrcolH Ne 9.0	0.0017553	ISrcolH C  5.0	0.0015742	ISrcolH Si 13.0	0.0010814	ISrcolH Mg 11.0	0.0008197	ISrcolH S  15.0	0.0007640	ISrcolH N  6.0	0.0007033	ISrcolH Ar 17.0	0.0001941	ISrcolHeFe 25.0	0.0001412 
5.1 5.00000e-02	1.0000e+04	1.2973e-06	1.2249e-09	0.0000e+00	Comp 0.0	0.5080372	ISicolH H  0.0	0.3894927	ISicolH He 1.0	0.0879892	ISrcolH O  7.0	0.0058028	ISrcolH Fe 25.0	0.0030017	ISrcolH Ne 9.0	0.0013995	ISrcolH C  5.0	0.0012505	ISrcolH Si 13.0	0.0008624	ISrcolH Mg 11.0	0.0006536	ISrcolH S  15.0	0.0006095	ISrcolH N  6.0	0.0005601	ISrcolH Ar 17.0	0.0001549 
5.2 5.00000e-02	1.0000e+04	1.6276e-06	1.5375e-09	0.0000e+00	Comp 0.0	0.5095573	ISicolH H  0.0	0.3906581	ISicolH He 1.0	0.0882525	ISrcolH O  7.0	0.0046207	ISrcolH Fe 25.0	0.0024087	ISrcolH Ne 9.0	0.0011149	ISrcolH C  5.0	0.0009917	ISrcolH Si 13.0	0.0006872	ISrcolH Mg 11.0	0.0005207	ISrcolH S  15.0	0.0004858	ISrcolH N  6.0	0.0004456	ISrcolH Ar 17.0	0.0001235 
5.3 5.00000e-02	1.0000e+04	2.0437e-06	1.9310e-09	0.0000e+00	Comp 0.0	0.5107718	ISicolH H  0.0	0.3915892	ISicolH He 1.0	0.0884629	ISrcolH O  7.0	0.0036767	ISrcolH Fe 25.0	0.0019289	ISrcolH Ne 9.0	0.0008876	ISrcolH C  5.0	0.0007850	ISrcolH Si 13.0	0.0005472	ISrcolH Mg 11.0	0.0004146	ISrcolH S  15.0	0.0003869	ISrcolH N  6.0	0.0003541 
5.4 5.00000e-02	1.0000e+04	2.5679e-06	2.4264e-09	0.0000e+00	Comp 0.0	0.5117409	ISicolH H  0.0	0.3923321	ISicolH He 1.0	0.0886307	ISrcolH O  7.0	0.0029237	ISrcolH Fe 25.0	0.0015421	ISrcolH Ne 9.0	0.0007063	ISrcolH C  5.0	0.0006202	ISrcolH Si 13.0	0.0004355	ISrcolH Mg 11.0	0.0003300	ISrcolH S  15.0	0.0003080	ISrcolH N  6.0	0.0002812 
5.5 5.00000e-02	1.0000e+04	3.2284e-06	3.0500e-09	0.0000e+00	Comp 0.0	0.5125135	ISicolH H  0.0	0.3929245	ISicolH He 1.0	0.0887645	ISrcolH O  7.0	0.0023235	ISrcolH Fe 25.0	0.0012313	ISrcolH Ne 9.0	0.0005618	ISrcolH C  5.0	0.0004889	ISrcolH Si 13.0	0.0003465	ISrcolH Mg 11.0	0.0002625	ISrcolH S  15.0	0.0002450	ISrcolH N  6.0	0.0002231 
5.6 5.00000e-02	1.0000e+04	4.0610e-06	3.8352e-09	0.0000e+00	Comp 0.0	0.5131289	ISicolH H  0.0	0.3933963	ISicolH He 1.0	0.0888711	ISrcolH O  7.0	0.0018454	ISrcolH Fe 25.0	0.0009820	ISrcolH Ne 9.0	0.0004467	ISrcolH C  5.0	0.0003845	ISrcolH Si 13.0	0.0002756	ISrcolH Mg 11.0	0.0002088	ISrcolH S  15.0	0.0001949	ISrcolH N  6.0	0.0001768 
5.7 5.00000e-02	1.0000e+04	5.1106e-06	4.8236e-09	0.0000e+00	Comp 0.0	0.5136188	ISicolH H  0.0	0.3937719	ISicolH He 1.0	0.0889560	ISrcolH O  7.0	0.0014649	ISrcolH Fe 25.0	0.0007826	ISrcolH Ne 9.0	0.0003550	ISrcolH C  5.0	0.0003014	ISrcolH Si 13.0	0.0002191	ISrcolH Mg 11.0	0.0001660	ISrcolH S  15.0	0.0001550	ISrcolH N  6.0	0.0001399 
5.8 5.00000e-02	1.0000e+04	6.4346e-06	6.0679e-09	0.0000e+00	Comp 0.0	0.5140086	ISicolH H  0.0	0.3940707	ISicolH He 1.0	0.0890235	ISrcolH O  7.0	0.0011621	ISrcolH Fe 25.0	0.0006232	ISrcolH Ne 9.0	0.0002821	ISrcolH C  5.0	0.0002354	ISrcolH Si 13.0	0.0001742	ISrcolH Mg 11.0	0.0001319	ISrcolH S  15.0	0.0001232	ISrcolH N  6.0	0.0001106 
5.9 5.00000e-02	1.0000e+04	8.1052e-06	7.6345e-09	0.0000e+00	Comp 0.0	0.5143186	ISicolH H  0.0	0.3943084	ISicolH He 1.0	0.0890772	ISrcolH O  7.0	0.0009212	ISrcolH Fe 25.0	0.0004961	ISrcolH Ne 9.0	0.0002241	ISrcolH C  5.0	0.0001831	ISrcolH Si 13.0	0.0001384	ISrcolH Mg 11.0	0.0001048 
6.0 5.00000e-02	1.0000e+04	1.0215e-05	9.6066e-09	0.0000e+00	Comp 0.0	0.5145651	ISicolH H  0.0	0.3944973	ISicolH He 1.0	0.0891198	ISrcolH O  7.0	0.0007297	ISrcolH Fe 25.0	0.0003947	ISrcolH Ne 9.0	0.0001780	ISrcolH C  5.0	0.0001417	ISrcolH Si 13.0	0.0001100 
6.1 5.00000e-02	1.0000e+04	1.2880e-05	1.2089e-08	0.0000e+00	Comp 0.0	0.5147609	ISicolH H  0.0	0.3946475	ISicolH He 1.0	0.0891538	ISrcolH O  7.0	0.0005775	ISrcolH Fe 25.0	0.0003139	ISrcolH Ne 9.0	0.0001413	ISrcolH C  5.0	0.0001090 
6.2 5.00000e-02	1.0000e+04	1.6252e-05	1.5215e-08	0.0000e+00	Comp 0.0	0.5149164	ISicolH H  0.0	0.3947667	ISicolH He 1.0	0.0891807	ISrcolH O  7.0	0.0004565	ISrcolH Fe 25.0	0.0002496	ISrcolH Ne 9.0	0.0001122 
6.3 5.00000e-02	1.0000e+04	2.0521e-05	1.9150e-08	0.0000e+00	Comp 0.0	0.5150399	ISicolH H  0.0	0.3948613	ISicolH He 1.0	0.0892021	ISrcolH O  7.0	0.0003603	ISrcolH Fe 25.0	0.0001984 
6.4 5.00000e-02	1.0000e+04	2.5935e-05	2.4104e-08	0.0000e+00	Comp 0.0	0.5151378	ISicolH H  0.0	0.3949364	ISicolH He 1.0	0.0892190	ISrcolH O  7.0	0.0002840	ISrcolH Fe 25.0	0.0001577 
6.5 5.00000e-02	1.0000e+04	3.2814e-05	3.0340e-08	0.0000e+00	Comp 0.0	0.5152155	ISicolH H  0.0	0.3949960	ISicolH He 1.0	0.0892325	ISrcolH O  7.0	0.0002233	ISrcolH Fe 25.0	0.0001253 
6.6 5.00000e-02	1.0000e+04	4.1573e-05	3.8192e-08	0.0000e+00	Comp 0.0	0.5152770	ISicolH H  0.0	0.3950431	ISicolH He 1.0	0.0892431	ISrcolH O  7.0	0.0001751	ISrcolH Fe 25.0	0.0000996 
6.7 5.00000e-02	1.0000e+04	5.2757e-05	4.8076e-08	0.0000e+00	Comp 0.0	0.5153257	ISicolH H  0.0	0.3950804	ISicolH He 1.0	0.0892516	ISrcolH O  7.0	0.0001369	ISrcolH Fe 25.0	0.0000791 
6.8 5.00000e-02	1.0000e+04	6.7086e-05	6.0520e-08	0.0000e+00	Comp 0.0	0.5153641	ISicolH H  0.0	0.3951100	ISicolH He 1.0	0.0892582	ISrcolH O  7.0	0.0001066	ISrcolH Fe 25.0	0.0000629 
6.9 5.00000e-02	1.0000e+04	8.5520e-05	7.6185e-08	0.0000e+00	Comp 0.0	0.5153945	ISicolH H  0.0	0.3951332	ISicolH He 1.0	0.0892635	ISrcolH O  7.0	0.0000825	ISrcolH Fe 25.0	0.0000500 
7.0 5.00000e-02	1.0000e+04	1.0935e-04	9.5907e-08	0.0000e+00	Comp 0.0	0.5154185	ISicolH H  0.0	0.3951516	ISicolH He 1.0	0.0892676	ISrcolH O  7.0	0.0000635	ISrcolH Fe 25.0	0.0000397 
