-8.0 5.00000e-02	1.0000e+04	1.000e+07	3.243e+05	4.761e-13	7.006e-06	1.000e+00
-7.9 5.00000e-02	1.0000e+04	1.000e+07	3.661e+05	5.939e-13	8.785e-06	1.000e+00
-7.8 5.00000e-02	1.0000e+04	1.000e+07	4.128e+05	7.410e-13	1.101e-05	1.000e+00
-7.7 5.00000e-02	1.0000e+04	1.000e+07	4.649e+05	9.243e-13	1.380e-05	1.000e+00
-7.6 5.00000e-02	1.0000e+04	1.000e+07	5.232e+05	1.153e-12	1.728e-05	1.000e+00
-7.5 5.00000e-02	1.0000e+04	1.000e+07	5.881e+05	1.437e-12	2.162e-05	1.000e+00
-7.4 5.00000e-02	1.0000e+04	1.000e+07	6.606e+05	1.791e-12	2.703e-05	1.000e+00
-7.3 5.00000e-02	1.0000e+04	1.000e+07	7.413e+05	2.230e-12	3.377e-05	1.000e+00
-7.2 5.00000e-02	1.0000e+04	1.000e+07	8.310e+05	2.776e-12	4.215e-05	1.000e+00
-7.1 5.00000e-02	1.0000e+04	1.000e+07	9.308e+05	3.452e-12	5.255e-05	1.000e+00
-7.0 5.00000e-02	1.0000e+04	1.000e+07	1.042e+06	4.289e-12	6.545e-05	1.000e+00
-6.9 5.00000e-02	1.0000e+04	1.000e+07	1.164e+06	5.323e-12	8.141e-05	1.000e+00
-6.8 5.00000e-02	1.0000e+04	1.000e+07	1.300e+06	6.597e-12	1.011e-04	1.000e+00
-6.7 5.00000e-02	1.0000e+04	1.000e+07	1.451e+06	8.165e-12	1.254e-04	1.000e+00
-6.6 5.00000e-02	1.0000e+04	1.000e+07	1.616e+06	1.009e-11	1.552e-04	1.000e+00
-6.5 5.00000e-02	1.0000e+04	1.000e+07	1.798e+06	1.244e-11	1.917e-04	1.000e+00
-6.4 5.00000e-02	1.0000e+04	1.000e+07	1.999e+06	1.532e-11	2.362e-04	1.000e+00
-6.3 5.00000e-02	1.0000e+04	1.000e+07	2.218e+06	1.881e-11	2.903e-04	1.000e+00
-6.2 5.00000e-02	1.0000e+04	1.000e+07	2.457e+06	2.303e-11	3.559e-04	1.000e+00
-6.1 5.00000e-02	1.0000e+04	1.000e+07	2.717e+06	2.812e-11	4.348e-04	1.000e+00
-6.0 5.00000e-02	1.0000e+04	1.000e+07	2.999e+06	3.421e-11	5.294e-04	1.000e+00
-5.9 5.00000e-02	1.0000e+04	1.000e+07	3.303e+06	4.147e-11	6.421e-04	1.000e+00
-5.8 5.00000e-02	1.0000e+04	1.000e+07	3.629e+06	5.007e-11	7.754e-04	1.000e+00
-5.7 5.00000e-02	1.0000e+04	1.000e+07	3.977e+06	6.016e-11	9.319e-04	1.000e+00
-5.6 5.00000e-02	1.0000e+04	1.000e+07	4.346e+06	7.191e-11	1.114e-03	1.000e+00
-5.5 5.00000e-02	1.0000e+04	1.000e+07	4.734e+06	8.549e-11	1.324e-03	1.000e+00
-5.4 5.00000e-02	1.0000e+04	1.000e+07	5.140e+06	1.010e-10	1.565e-03	1.000e+00
-5.3 5.00000e-02	1.0000e+04	1.000e+07	5.560e+06	1.185e-10	1.836e-03	1.000e+00
-5.2 5.00000e-02	1.0000e+04	1.000e+07	5.990e+06	1.381e-10	2.139e-03	1.000e+00
-5.1 5.00000e-02	1.0000e+04	1.000e+07	6.427e+06	1.597e-10	2.473e-03	1.000e+00
-5.0 5.00000e-02	1.0000e+04	1.000e+07	6.864e+06	1.832e-10	2.836e-03	1.000e+00
-4.9 5.00000e-02	1.0000e+04	1.000e+07	7.296e+06	2.085e-10	3.226e-03	1.000e+00
-4.8 5.00000e-02	1.0000e+04	1.000e+07	7.718e+06	2.353e-10	3.640e-03	1.000e+00
-4.7 5.00000e-02	1.0000e+04	1.000e+07	8.124e+06	2.634e-10	4.073e-03	1.000e+00
-4.6 5.00000e-02	1.0000e+04	1.000e+07	8.509e+06	2.925e-10	4.521e-03	1.000e+00
-4.5 5.00000e-02	1.0000e+04	1.000e+07	8.868e+06	3.224e-10	4.982e-03	1.000e+00
-4.4 5.00000e-02	1.0000e+04	1.000e+07	9.199e+06	3.531e-10	5.455e-03	1.000e+00
-4.3 5.00000e-02	1.0000e+04	1.000e+07	9.500e+06	3.846e-10	5.939e-03	1.000e+00
-4.2 5.00000e-02	1.0000e+04	1.000e+07	9.770e+06	4.169e-10	6.437e-03	1.000e+00
-4.1 5.00000e-02	1.0000e+04	1.000e+07	1.001e+07	4.506e-10	6.955e-03	1.000e+00
-4.0 5.00000e-02	1.0000e+04	1.000e+07	1.022e+07	4.860e-10	7.500e-03	1.000e+00
-3.9 5.00000e-02	1.0000e+04	1.000e+07	1.041e+07	5.234e-10	8.070e-03	1.000e+00
-3.8 5.00000e-02	1.0000e+04	1.000e+07	1.057e+07	5.639e-10	8.696e-03	1.000e+00
-3.7 5.00000e-02	1.0000e+04	1.000e+07	1.072e+07	6.078e-10	9.376e-03	1.000e+00
-3.6 5.00000e-02	1.0000e+04	1.000e+07	1.086e+07	6.553e-10	1.012e-02	1.000e+00
-3.5 5.00000e-02	1.0000e+04	1.000e+07	1.098e+07	7.065e-10	1.093e-02	1.000e+00
-3.4 5.00000e-02	1.0000e+04	1.000e+07	1.110e+07	7.613e-10	1.180e-02	1.000e+00
-3.3 5.00000e-02	1.0000e+04	1.000e+07	1.120e+07	8.194e-10	1.274e-02	1.000e+00
-3.2 5.00000e-02	1.0000e+04	1.000e+07	1.130e+07	8.806e-10	1.374e-02	1.000e+00
-3.1 5.00000e-02	1.0000e+04	1.000e+07	1.139e+07	9.445e-10	1.478e-02	1.000e+00
-3.0 5.00000e-02	1.0000e+04	1.000e+07	1.147e+07	1.011e-09	1.586e-02	1.000e+00
-2.9 5.00000e-02	1.0000e+04	1.000e+07	1.154e+07	1.079e-09	1.696e-02	1.000e+00
-2.8 5.00000e-02	1.0000e+04	1.000e+07	1.161e+07	1.148e-09	1.808e-02	1.000e+00
-2.7 5.00000e-02	1.0000e+04	1.000e+07	1.168e+07	1.218e-09	1.920e-02	1.000e+00
-2.6 5.00000e-02	1.0000e+04	1.000e+07	1.173e+07	1.289e-09	2.032e-02	1.000e+00
-2.5 5.00000e-02	1.0000e+04	1.000e+07	1.178e+07	1.360e-09	2.144e-02	1.000e+00
-2.4 5.00000e-02	1.0000e+04	1.000e+07	1.182e+07	1.433e-09	2.258e-02	1.000e+00
-2.3 5.00000e-02	1.0000e+04	1.000e+07	1.185e+07	1.507e-09	2.373e-02	1.000e+00
-2.2 5.00000e-02	1.0000e+04	1.000e+07	1.189e+07	1.585e-09	2.492e-02	1.000e+00
-2.1 5.00000e-02	1.0000e+04	1.000e+07	1.191e+07	1.667e-09	2.616e-02	1.000e+00
-2.0 5.00000e-02	1.0000e+04	1.000e+07	1.193e+07	1.752e-09	2.746e-02	1.000e+00
-1.9 5.00000e-02	1.0000e+04	1.000e+07	1.195e+07	1.843e-09	2.883e-02	1.000e+00
-1.8 5.00000e-02	1.0000e+04	1.000e+07	1.197e+07	1.937e-09	3.028e-02	1.000e+00
-1.7 5.00000e-02	1.0000e+04	1.000e+07	1.198e+07	2.035e-09	3.181e-02	1.000e+00
-1.6 5.00000e-02	1.0000e+04	1.000e+07	1.199e+07	2.136e-09	3.340e-02	1.000e+00
-1.5 5.00000e-02	1.0000e+04	1.000e+07	1.200e+07	2.241e-09	3.507e-02	1.000e+00
-1.4 5.00000e-02	1.0000e+04	1.000e+07	1.201e+07	2.352e-09	3.683e-02	1.000e+00
-1.3 5.00000e-02	1.0000e+04	1.000e+07	1.202e+07	2.474e-09	3.873e-02	1.000e+00
-1.2 5.00000e-02	1.0000e+04	1.000e+07	1.202e+07	2.610e-09	4.081e-02	1.000e+00
-1.1 5.00000e-02	1.0000e+04	1.000e+07	1.203e+07	2.765e-09	4.311e-02	1.000e+00
-1.0 5.00000e-02	1.0000e+04	1.000e+07	1.203e+07	2.943e-09	4.568e-02	1.000e+00
-0.9 5.00000e-02	1.0000e+04	1.000e+07	1.202e+07	3.143e-09	4.846e-02	1.000e+00
-0.8 5.00000e-02	1.0000e+04	1.000e+07	1.203e+07	3.373e-09	5.166e-02	1.000e+00
-0.7 5.00000e-02	1.0000e+04	1.000e+07	1.203e+07	3.633e-09	5.524e-02	1.000e+00
-0.6 5.00000e-02	1.0000e+04	1.000e+07	1.203e+07	3.927e-09	5.925e-02	1.000e+00
-0.5 5.00000e-02	1.0000e+04	1.000e+07	1.204e+07	4.263e-09	6.381e-02	1.000e+00
-0.4 5.00000e-02	1.0000e+04	1.000e+07	1.204e+07	4.650e-09	6.904e-02	1.000e+00
-0.3 5.00000e-02	1.0000e+04	1.000e+07	1.204e+07	5.100e-09	7.512e-02	1.000e+00
-0.2 5.00000e-02	1.0000e+04	1.000e+07	1.204e+07	5.621e-09	8.213e-02	1.000e+00
-0.1 5.00000e-02	1.0000e+04	1.000e+07	1.204e+07	6.228e-09	9.032e-02	1.000e+00
0.0 5.00000e-02	1.0000e+04	1.000e+07	1.205e+07	6.923e-09	9.968e-02	1.000e+00
0.1 5.00000e-02	1.0000e+04	1.000e+07	1.205e+07	7.692e-09	1.100e-01	1.000e+00
0.2 5.00000e-02	1.0000e+04	1.000e+07	1.205e+07	8.459e-09	1.205e-01	1.000e+00
0.3 5.00000e-02	1.0000e+04	1.000e+07	1.205e+07	8.977e-09	1.287e-01	1.000e+00
0.4 5.00000e-02	1.0000e+04	1.000e+07	1.205e+07	8.857e-09	1.309e-01	1.000e+00
0.5 5.00000e-02	1.0000e+04	1.000e+07	1.206e+07	8.216e-09	1.285e-01	1.000e+00
0.6 5.00000e-02	1.0000e+04	1.000e+07	1.206e+07	7.745e-09	1.284e-01	1.000e+00
0.7 5.00000e-02	1.0000e+04	1.000e+07	1.206e+07	7.671e-09	1.326e-01	1.000e+00
0.8 5.00000e-02	1.0000e+04	1.000e+07	1.206e+07	7.860e-09	1.399e-01	1.000e+00
0.9 5.00000e-02	1.0000e+04	1.000e+07	1.206e+07	8.190e-09	1.491e-01	1.000e+00
1.0 5.00000e-02	1.0000e+04	1.000e+07	1.206e+07	8.603e-09	1.598e-01	1.000e+00
1.1 5.00000e-02	1.0000e+04	1.000e+07	1.206e+07	9.082e-09	1.722e-01	1.000e+00
1.2 5.00000e-02	1.0000e+04	1.000e+07	1.207e+07	9.627e-09	1.866e-01	1.000e+00
1.3 5.00000e-02	1.0000e+04	1.000e+07	1.207e+07	1.025e-08	2.035e-01	1.000e+00
1.4 5.00000e-02	1.0000e+04	1.000e+07	1.207e+07	1.097e-08	2.235e-01	1.000e+00
1.5 5.00000e-02	1.0000e+04	1.000e+07	1.207e+07	1.182e-08	2.475e-01	1.000e+00
1.6 5.00000e-02	1.0000e+04	1.000e+07	1.207e+07	1.282e-08	2.763e-01	1.000e+00
1.7 5.00000e-02	1.0000e+04	1.000e+07	1.207e+07	1.398e-08	3.106e-01	1.000e+00
1.8 5.00000e-02	1.0000e+04	1.000e+07	1.207e+07	1.534e-08	3.509e-01	1.000e+00
1.9 5.00000e-02	1.0000e+04	1.000e+07	1.207e+07	1.687e-08	3.973e-01	1.000e+00
2.0 5.00000e-02	1.0000e+04	1.000e+07	1.207e+07	1.850e-08	4.491e-01	1.000e+00
2.1 5.00000e-02	1.0000e+04	1.000e+07	1.207e+07	2.007e-08	5.043e-01	1.000e+00
2.2 5.00000e-02	1.0000e+04	1.000e+07	1.207e+07	2.130e-08	5.594e-01	1.000e+00
2.3 5.00000e-02	1.0000e+04	1.000e+07	1.207e+07	2.194e-08	6.128e-01	1.000e+00
2.4 5.00000e-02	1.0000e+04	1.000e+07	1.207e+07	2.204e-08	6.682e-01	1.000e+00
2.5 5.00000e-02	1.0000e+04	1.000e+07	1.207e+07	2.200e-08	7.342e-01	1.000e+00
2.6 5.00000e-02	1.0000e+04	1.000e+07	1.207e+07	2.219e-08	8.198e-01	1.000e+00
2.7 5.00000e-02	1.0000e+04	1.000e+07	1.207e+07	2.285e-08	9.315e-01	1.000e+00
2.8 5.00000e-02	1.0000e+04	1.000e+07	1.207e+07	2.402e-08	1.075e+00	1.000e+00
2.9 5.00000e-02	1.0000e+04	1.000e+07	1.207e+07	2.575e-08	1.256e+00	1.000e+00
3.0 5.00000e-02	1.0000e+04	1.000e+07	1.207e+07	2.806e-08	1.484e+00	1.000e+00
3.1 5.00000e-02	1.0000e+04	1.000e+07	1.207e+07	3.102e-08	1.771e+00	1.000e+00
3.2 5.00000e-02	1.0000e+04	1.000e+07	1.207e+07	3.474e-08	2.130e+00	1.000e+00
3.3 5.00000e-02	1.0000e+04	1.000e+07	1.207e+07	3.937e-08	2.582e+00	1.000e+00
3.4 5.00000e-02	1.0000e+04	1.000e+07	1.207e+07	4.509e-08	3.150e+00	1.000e+00
3.5 5.00000e-02	1.0000e+04	1.000e+07	1.207e+07	5.216e-08	3.865e+00	1.000e+00
3.6 5.00000e-02	1.0000e+04	1.000e+07	1.207e+07	6.090e-08	4.765e+00	1.000e+00
3.7 5.00000e-02	1.0000e+04	1.000e+07	1.207e+07	7.175e-08	5.898e+00	1.000e+00
3.8 5.00000e-02	1.0000e+04	1.000e+07	1.207e+07	8.525e-08	7.323e+00	1.000e+00
3.9 5.00000e-02	1.0000e+04	1.000e+07	1.207e+07	1.021e-07	9.117e+00	1.000e+00
4.0 5.00000e-02	1.0000e+04	1.000e+07	1.207e+07	1.232e-07	1.137e+01	1.000e+00
4.1 5.00000e-02	1.0000e+04	1.000e+07	1.207e+07	1.496e-07	1.422e+01	1.000e+00
4.2 5.00000e-02	1.0000e+04	1.000e+07	1.207e+07	1.827e-07	1.779e+01	1.000e+00
4.3 5.00000e-02	1.0000e+04	1.000e+07	1.207e+07	2.244e-07	2.229e+01	1.000e+00
4.4 5.00000e-02	1.0000e+04	1.000e+07	1.207e+07	2.768e-07	2.796e+01	1.000e+00
4.5 5.00000e-02	1.0000e+04	1.000e+07	1.207e+07	3.427e-07	3.509e+01	1.000e+00
4.6 5.00000e-02	1.0000e+04	1.000e+07	1.207e+07	4.256e-07	4.407e+01	1.000e+00
4.7 5.00000e-02	1.0000e+04	1.000e+07	1.207e+07	5.300e-07	5.537e+01	1.000e+00
4.8 5.00000e-02	1.0000e+04	1.000e+07	1.207e+07	6.614e-07	6.959e+01	1.000e+00
4.9 5.00000e-02	1.0000e+04	1.000e+07	1.207e+07	8.268e-07	8.750e+01	1.000e+00
5.0 5.00000e-02	1.0000e+04	1.000e+07	1.207e+07	1.035e-06	1.100e+02	1.000e+00
5.1 5.00000e-02	1.0000e+04	1.000e+07	1.207e+07	1.297e-06	1.384e+02	1.000e+00
5.2 5.00000e-02	1.0000e+04	1.000e+07	1.207e+07	1.628e-06	1.742e+02	1.000e+00
5.3 5.00000e-02	1.0000e+04	1.000e+07	1.207e+07	2.044e-06	2.191e+02	1.000e+00
5.4 5.00000e-02	1.0000e+04	1.000e+07	1.207e+07	2.568e-06	2.758e+02	1.000e+00
5.5 5.00000e-02	1.0000e+04	1.000e+07	1.207e+07	3.228e-06	3.471e+02	1.000e+00
5.6 5.00000e-02	1.0000e+04	1.000e+07	1.207e+07	4.061e-06	4.368e+02	1.000e+00
5.7 5.00000e-02	1.0000e+04	1.000e+07	1.207e+07	5.111e-06	5.498e+02	1.000e+00
5.8 5.00000e-02	1.0000e+04	1.000e+07	1.207e+07	6.435e-06	6.921e+02	1.000e+00
5.9 5.00000e-02	1.0000e+04	1.000e+07	1.207e+07	8.105e-06	8.711e+02	1.000e+00
6.0 5.00000e-02	1.0000e+04	1.000e+07	1.207e+07	1.021e-05	1.097e+03	1.000e+00
6.1 5.00000e-02	1.0000e+04	1.000e+07	1.207e+07	1.288e-05	1.380e+03	1.000e+00
6.2 5.00000e-02	1.0000e+04	1.000e+07	1.207e+07	1.625e-05	1.738e+03	1.000e+00
6.3 5.00000e-02	1.0000e+04	1.000e+07	1.207e+07	2.052e-05	2.188e+03	1.000e+00
6.4 5.00000e-02	1.0000e+04	1.000e+07	1.207e+07	2.594e-05	2.754e+03	1.000e+00
6.5 5.00000e-02	1.0000e+04	1.000e+07	1.207e+07	3.281e-05	3.467e+03	1.000e+00
6.6 5.00000e-02	1.0000e+04	1.000e+07	1.207e+07	4.157e-05	4.364e+03	1.000e+00
6.7 5.00000e-02	1.0000e+04	1.000e+07	1.207e+07	5.276e-05	5.494e+03	1.000e+00
6.8 5.00000e-02	1.0000e+04	1.000e+07	1.207e+07	6.709e-05	6.917e+03	1.000e+00
6.9 5.00000e-02	1.0000e+04	1.000e+07	1.207e+07	8.552e-05	8.707e+03	1.000e+00
7.0 5.00000e-02	1.0000e+04	1.000e+07	1.207e+07	1.094e-04	1.096e+04	1.000e+00
