 n              r            OXY           OIII            OIV             OV            OVI           OVII
-- -------------- -------------- -------------- -------------- -------------- -------------- --------------
 0 6.82100000e+13 6.57719780e+02 5.61065940e+01 4.17118460e+01 3.57992860e-02 1.49094840e-02 1.05767320e-05
 1 6.78100000e+13 6.65554000e+02 5.67400880e+01 4.23032930e+01 3.62989340e-02 1.51501950e-02 1.07512700e-05
 2 6.03200000e+13 8.45592300e+02 7.12960890e+01 5.58956480e+01 4.65479050e-02 2.01772350e-02 1.40556230e-05
 3 5.18800000e+13 1.15178420e+03 9.56356950e+01 8.02904840e+01 6.41881310e-02 2.92909190e-02 1.98979930e-05
 4 4.37000000e+13 1.63996850e+03 1.33455910e+02 1.22256930e+02 9.27324660e-02 4.51606360e-02 2.97023080e-05
 5 3.63000000e+13 2.40733720e+03 1.90672570e+02 1.95260130e+02 1.38383570e-01 7.31467610e-02 4.61408830e-05
 6 2.99100000e+13 3.60550370e+03 2.75118670e+02 3.24822710e+02 2.11102260e-01 1.23573660e-01 7.39368050e-05
 7 2.45500000e+13 5.46476570e+03 3.95850460e+02 5.58992530e+02 3.26570410e-01 2.16246190e-01 1.21412960e-04
 8 2.01300000e+13 8.34817070e+03 5.62171340e+02 9.89900260e+02 5.10315210e-01 3.89767530e-01 2.03640260e-04
 9 1.65100000e+13 1.28020310e+04 7.78799630e+02 1.78689260e+03 8.02719140e-01 7.16449550e-01 3.47219740e-04
10 1.35800000e+13 1.96918370e+04 1.04164060e+03 3.25669970e+03 1.27141030e+00 1.32893800e+00 5.99524940e-04
11 1.12100000e+13 3.03160980e+04 1.33309280e+03 5.89766070e+03 2.02815910e+00 2.44438400e+00 1.03904640e-03
12 9.29300000e+12 4.67328730e+04 1.63030350e+03 1.04827940e+04 3.27465030e+00 4.39380780e+00 1.79350170e-03
13 7.74800000e+12 7.20673130e+04 1.91898710e+03 1.81168530e+04 5.39006470e+00 7.62369080e+00 3.05961450e-03
14 6.50500000e+12 1.11147320e+05 2.20392540e+03 3.04131450e+04 9.16219140e+00 1.27097770e+01 5.15134710e-03
15 5.50300000e+12 1.71452770e+05 2.50416970e+03 4.98234740e+04 1.63890160e+01 2.03921510e+01 8.63336270e-03
16 4.69500000e+12 2.64538490e+05 2.84516570e+03 8.01339660e+04 3.13082060e+01 3.15761630e+01 1.46098900e-02
17 4.04500000e+12 4.08205040e+05 3.27217270e+03 1.27136360e+05 6.34906500e+01 4.71107110e+01 2.50945590e-02
18 3.52300000e+12 6.29698470e+05 3.86365870e+03 1.99634280e+05 1.32398880e+02 6.70895460e+01 4.28607420e-02
19 3.10100000e+12 9.72077010e+05 4.75213970e+03 3.11454530e+05 2.74130700e+02 8.98801490e+01 7.01249600e-02
20 2.76200000e+12 1.49941970e+06 6.14264250e+03 4.82944990e+05 5.60836440e+02 1.11584010e+02 1.08110660e-01
21 2.48800000e+12 2.31613480e+06 8.38976520e+03 7.46815300e+05 1.13040880e+03 1.26500550e+02 1.53802270e-01
22 2.26800000e+12 3.57642450e+06 1.21712050e+04 1.15044170e+06 2.15763540e+03 1.26550610e+02 1.87138670e-01
23 2.09100000e+12 5.52222430e+06 1.88969980e+04 1.76673670e+06 3.80465500e+03 1.04902110e+02 1.77112380e-01
24 1.94900000e+12 8.52944740e+06 3.13103930e+04 2.70621520e+06 6.16155620e+03 6.55949860e+01 1.17420620e-01
25 1.83500000e+12 1.33047020e+07 5.56605370e+04 4.17228940e+06 9.21389710e+03 2.65913910e+01 4.65469890e-02
26 1.74500000e+12 2.16625130e+07 1.12356370e+05 6.67583790e+06 1.26468510e+04 4.94858130e+00 7.50330730e-03
27 1.68500000e+12 3.54275230e+07 2.39784660e+05 1.06662950e+07 1.58756960e+04 4.91220010e-01 5.89171050e-04
28 1.64300000e+12 5.83729810e+07 5.16472520e+05 1.70723360e+07 2.00544030e+04 6.94145240e-02 6.58276140e-05
29 1.61200000e+12 9.39301090e+07 1.02670780e+06 2.66665950e+07 2.70248240e+04 1.87601470e-02 1.53613600e-05
30 1.58800000e+12 1.46671630e+08 1.83432590e+06 4.06162710e+07 3.94531640e+04 6.66751070e-03 5.23318160e-06
31 1.56800000e+12 2.23113080e+08 2.94592620e+06 6.08402930e+07 6.28425250e+04 2.58768800e-03 2.11260630e-06
32 1.55100000e+12 3.30842560e+08 4.24819320e+06 8.99136490e+07 1.09617000e+05 1.21068680e-03 9.48882680e-07
33 1.53600000e+12 4.82221070e+08 5.52670200e+06 1.32085550e+08 2.13218970e+05 1.44646270e-03 4.65199010e-07
34 1.52200000e+12 6.96162090e+08 6.45836390e+06 1.93653900e+08 4.76042710e+05 6.73854730e-03 2.51079510e-07
35 1.50900000e+12 9.98651190e+08 6.69542040e+06 2.82435860e+08 1.25407920e+06 6.09927740e-02 1.52149040e-07
36 1.49700000e+12 1.42297520e+09 6.11805890e+06 4.06211380e+08 3.91592090e+06 8.39107640e-01 1.02935100e-07
37 1.48500000e+12 2.01901780e+09 4.95712910e+06 5.72935800e+08 1.42198820e+07 1.63384470e+01 7.62961090e-08
38 1.47400000e+12 2.86046470e+09 3.60164450e+06 7.85787250e+08 5.71081720e+07 4.00927540e+02 6.11368360e-07
39 1.46400000e+12 4.05263290e+09 2.35443130e+06 1.01899370e+09 2.31280050e+08 1.04457120e+04 1.52626390e-04
40 1.45400000e+12 5.73184930e+09 1.33952630e+06 1.15880850e+09 8.17044930e+08 2.29643210e+05 3.49185290e-02
41 1.44400000e+12 8.09084780e+09 6.09076030e+05 1.03357040e+09 2.17502830e+09 3.50987770e+06 4.86936250e+00
42 1.43500000e+12 1.14030620e+10 2.15859090e+05 6.97683880e+08 4.15233550e+09 3.49852530e+07 3.81011650e+02
43 1.42600000e+12 1.60465160e+10 6.61333330e+04 3.93079360e+08 6.21504060e+09 2.47323980e+08 1.85966980e+04
44 1.41700000e+12 2.25340900e+10 1.92168210e+04 2.02108160e+08 7.94436170e+09 1.34833020e+09 6.17872880e+05
45 1.40900000e+12 3.15528650e+10 5.16936380e+03 9.25098330e+07 8.47650250e+09 5.56297000e+09 1.37821190e+07
46 1.40000000e+12 4.39782680e+10 1.14755860e+03 3.37157220e+07 6.80024900e+09 1.58059490e+10 1.90109580e+08
47 1.39200000e+12 6.08002530e+10 1.99944930e+02 9.36206270e+06 3.96201160e+09 3.02381190e+10 1.60709270e+09
48 1.38300000e+12 8.29713660e+10 2.83952690e+01 2.07947920e+06 1.78547600e+09 4.22437320e+10 9.21737780e+09
49 1.37400000e+12 1.10862360e+11 3.04247260e+00 3.48562510e+05 6.00769500e+08 4.28271160e+10 3.68459740e+10
50 1.36500000e+12 1.40699430e+11 2.29872770e-01 4.12651350e+04 1.40094810e+08 2.85529780e+10 8.98948360e+10
51 1.36400000e+12 1.42133180e+11 1.99162820e-01 3.65888200e+04 1.28544180e+08 2.76330700e+10 9.28702200e+10
