 Output format date:         27-JAN-1992         
 Completion of Model:        29-May-2002 02:49:09
 ND:                            52
 CARB/He abundance:           3.76430E-05
    3.9149987E+02   3.9616309E+02   5.0332875E+02   6.8558586E+02   9.7617174E+02   1.4329388E+03   2.1461331E+03   3.2528367E+03
    4.9691492E+03   7.6202567E+03   1.1721332E+04   1.8045296E+04   2.7817187E+04   4.2897210E+04   6.6159119E+04   1.0205522E+05
    1.5746339E+05   2.4297919E+05   3.7482052E+05   5.7861727E+05   8.9251175E+05   1.3786517E+06   2.1288241E+06   3.2870383E+06
    5.0770520E+06   7.9194658E+06   1.2894353E+07   2.1087811E+07   3.4745822E+07   5.5910779E+07   8.7304541E+07   1.3280540E+08
    1.9693009E+08   2.8703635E+08   4.1438220E+08   5.9443523E+08   8.4700907E+08   1.2017963E+09   1.7026576E+09   2.4122815E+09
    3.4118150E+09   4.8159808E+09   6.7875369E+09   9.5514977E+09   1.3413149E+10   1.8781467E+10   2.6177540E+10   3.6190627E+10
    4.9387718E+10   6.5989500E+10   8.3749659E+10   8.4603083E+10
 Number of C2 levels:           14
 C2 Oscillator date:         01-Sep-1989
    9.9570790E-06   1.2576064E-09   6.7019278E-11   7.0526878E-12   9.7989162E-12   3.4080325E-12   1.1294150E-12   2.1625738E-12
    2.5202696E-16   1.7953180E-13   8.7301865E-14   1.5358433E-12   2.4747046E-15   3.0685907E-14   1.0062349E-05   1.2815455E-09
    6.8524860E-11   7.2105338E-12   1.0020330E-11   3.4841756E-12   1.1556022E-12   2.2144295E-12   2.6065879E-16   1.8365666E-13
    8.9270593E-14   1.5702083E-12   2.5322869E-15   3.1389989E-14   1.2490580E-05   1.8723620E-09   1.0770835E-10   1.1314700E-11
    1.5775366E-11   5.4593962E-12   1.8321376E-12   3.5458305E-12   5.1625701E-16   2.9026053E-13   1.4039742E-13   2.4638835E-12
    4.0367243E-15   4.9649898E-14   1.6405898E-05   2.9950076E-09   1.9174258E-10   2.0092458E-11   2.8144740E-11   9.6734339E-12
    3.3052781E-12   6.4972976E-12   1.2374189E-15   5.2052210E-13   2.5017519E-13   4.3761881E-12   7.3371167E-15   8.9188827E-14
    2.2157321E-05   4.9925500E-09   3.6627836E-10   3.8252446E-11   5.3902354E-11   1.8361097E-11   6.4314572E-12   1.2912156E-11
    3.3159000E-15   1.0042720E-12   4.7863039E-13   8.3374167E-12   1.4432230E-14   1.7244194E-13   3.0189745E-05   8.4526196E-09
    7.2631803E-10   7.5518567E-11   1.0718618E-10   3.6104643E-11   1.3057927E-11   2.6891408E-11   9.4727969E-15   2.0184953E-12
    9.5146360E-13   1.6487216E-11   2.9852686E-14   3.4748704E-13   4.0848604E-05   1.4321148E-08   1.4560458E-09   1.5053748E-10
    2.1545016E-10   7.1603860E-11   2.6951654E-11   5.7130749E-11   2.7787564E-14   4.1202987E-12   1.9151375E-12   3.2972466E-11
    6.3624607E-14   7.1190895E-13   5.4264389E-05   2.4114963E-08   2.8926850E-09   2.9695191E-10   4.2888097E-10   1.4035464E-10
    5.5459438E-11   1.2128101E-10   8.1324146E-14   8.3870097E-12   3.8297041E-12   6.5420514E-11   1.3778443E-13   1.4570281E-12
    7.0493462E-05   4.0396398E-08   5.6468719E-09   5.7459049E-10   8.3760092E-10   2.6951206E-10   1.1286735E-10   2.5489217E-10
    2.3431528E-13   1.6910163E-11   7.5539832E-12   1.2782664E-10   3.0203598E-13   2.9641738E-12   8.9730251E-05   6.7473041E-08
    1.0803441E-08   1.0874479E-09   1.5987355E-09   5.0549874E-10   2.2658165E-10   5.2795511E-10   6.5996625E-13   3.3748354E-11
    1.4684157E-11   2.4569053E-10   6.7009408E-13   6.0057923E-12   1.1290559E-04   1.1302213E-07   2.0399844E-08   2.0267284E-09
    2.9993265E-09   9.3230387E-10   4.5177238E-10   1.0830467E-09   1.8280017E-12   6.7242686E-11   2.8395277E-11   4.6867884E-10
    1.5181403E-12   1.2279915E-11   1.4179057E-04   1.9016729E-07   3.8245614E-08   3.7427564E-09   5.5596784E-09   1.7006775E-09
    8.9909392E-10   2.2068846E-09   5.0003753E-12   1.3452676E-10   5.5099192E-11   8.9428475E-10   3.5266204E-12   2.5659776E-11
    1.7930451E-04   3.2173625E-07   7.1650677E-08   6.9001833E-09   1.0258054E-08   3.0894544E-09   1.7955274E-09   4.4829623E-09
    1.3611323E-11   2.7181490E-10   1.0832480E-10   1.7200228E-09   8.4070727E-12   5.5504539E-11   2.2909703E-04   5.4528137E-07
    1.3388705E-07   1.2707303E-08   1.8865777E-08   5.5849752E-09   3.5873785E-09   9.0477242E-09   3.6830467E-11   5.5253487E-10
    2.1583595E-10   3.3230920E-09   2.0355817E-11   1.2451090E-10   2.9553651E-04   9.2341081E-07   2.4814188E-07   2.3307547E-08
    3.4460780E-08   1.0001667E-08   7.1158307E-09   1.8032911E-08   9.8829629E-11   1.1198012E-09   4.3255347E-10   6.3597019E-09
    4.9482762E-11   2.8761608E-10   3.8346088E-04   1.5649395E-06   4.5420288E-07   4.2386169E-08   6.1961573E-08   1.7704843E-08
    1.3872054E-08   3.5198307E-08   2.6314307E-10   2.2361519E-09   8.6205147E-10   1.1826332E-08   1.1962645E-10   6.7448556E-10
    4.9896788E-04   2.6727856E-06   8.2219015E-07   7.6305366E-08   1.0980801E-07   3.1052605E-08   2.6406882E-08   6.6729467E-08
    6.9448776E-10   4.3492837E-09   1.7050711E-09   2.1275826E-08   2.8563782E-10   1.5793370E-09   6.5192858E-04   4.6335220E-06
    1.4751543E-06   1.3627601E-07   1.9612720E-07   5.4694257E-08   4.9082962E-08   1.2224052E-07   1.7764722E-09   8.1633052E-09
    3.3775646E-09   3.7659561E-08   6.7164942E-10   3.6395575E-09   8.5975487E-04   8.1560500E-06   2.6237612E-06   2.4198381E-07
    3.5547184E-07   9.8893240E-08   8.9097630E-08   2.1579716E-07   4.2746777E-09   1.4703138E-08   6.7021702E-09   6.5770510E-08
    1.5546316E-09   8.1562789E-09   1.1592794E-03   1.4638997E-05   4.6772303E-06   4.3196949E-07   6.4609034E-07   1.8631917E-07
    1.5934676E-07   3.7007664E-07   9.7163344E-09   2.5749322E-08   1.3306155E-08   1.1167438E-07   3.5786016E-09   1.7795733E-08
    1.6211520E-03   2.6955263E-05   8.4877934E-06   7.8318263E-07   1.1809394E-06   3.6498373E-07   2.8532347E-07   6.2168409E-07
    2.1460517E-08   4.4872381E-08   2.6756350E-08   1.8685684E-07   8.2552898E-09   3.7997908E-08   2.4013779E-03   5.1599405E-05
    1.6055296E-05   1.4724591E-06   2.2366132E-06   7.4517988E-07   5.3693292E-07   1.0809689E-06   4.9785150E-08   8.1169386E-08
    5.6691968E-08   3.3131732E-07   1.9525369E-08   8.3234933E-08   3.8234407E-03   1.0336227E-04   3.2061601E-05   2.9225873E-06
    4.4702129E-06   1.5851977E-06   1.1080109E-06   2.0983760E-06   1.2883229E-07   1.6118625E-07   1.2899467E-07   6.4359147E-07
    4.8084782E-08   1.9777801E-07   6.5457050E-03   2.1711386E-04   6.7663649E-05   6.1630940E-06   9.4563643E-06   3.4488722E-06
    2.4817789E-06   4.5131011E-06   3.5876703E-07   3.5410622E-07   3.1341507E-07   1.3662475E-06   1.2347002E-07   5.0619481E-07
    1.1933781E-02   4.7818528E-04   1.4971878E-04   1.3692273E-05   2.1021132E-05   7.6315519E-06   5.8327336E-06   1.0177722E-05
    1.0092138E-06   8.2073578E-07   7.9961191E-07   3.1437665E-06   3.2724525E-07   1.3387215E-06   2.3633514E-02   1.1381839E-03
    3.5513069E-04   3.2654219E-05   5.0228238E-05   1.7828414E-05   1.4577625E-05   2.4243712E-05   2.9031901E-06   2.0028093E-06
    2.1782861E-06   7.9113214E-06   9.1631740E-07   3.7088551E-06   5.6319888E-02   3.2666662E-03   1.0007434E-03   9.2406114E-05
    1.4298936E-04   4.9255204E-05   4.2991968E-05   6.8022991E-05   9.5742963E-06   5.7060577E-06   7.0010483E-06   2.3700800E-05
    3.0087482E-06   1.1991878E-05   1.5044250E-01   1.0362885E-02   3.0630608E-03   2.8338722E-04   4.4293005E-04   1.4834015E-04
    1.3647352E-04   2.0705164E-04   3.3066962E-05   1.7502421E-05   2.3903998E-05   7.5837423E-05   1.0447962E-05   4.1002553E-05
    4.1725604E-01   3.4054129E-02   9.5657831E-03   8.8537021E-04   1.4040760E-03   4.5746219E-04   4.4070625E-04   6.4388366E-04
    1.1520519E-04   5.4817087E-05   8.2401985E-05   2.4406280E-04   3.6588429E-05   1.4143655E-04   1.0504372E+00   1.0099234E-01
    2.6868251E-02   2.4863343E-03   4.0179752E-03   1.2735249E-03   1.2812696E-03   1.8057122E-03   3.6078868E-04   1.5525183E-04
    2.5448745E-04   6.9984356E-04   1.1474013E-04   4.3772546E-04   2.3100601E+00   2.5960079E-01   6.5780270E-02   6.0840797E-03
    1.0070119E-02   3.1027955E-03   3.2604459E-03   4.4304943E-03   9.8807414E-04   3.8637116E-04   6.8618170E-04   1.7447710E-03
    3.1402874E-04   1.1854784E-03   4.4390628E+00   5.7828902E-01   1.4111982E-01   1.3040559E-02   2.2272577E-02   6.6610699E-03
    7.3221734E-03   9.5875119E-03   2.3862733E-03   8.5220866E-04   1.6299567E-03   3.8207757E-03   7.5779615E-04   2.8391316E-03
    7.4082111E+00   1.1112842E+00   2.6492249E-01   2.4451354E-02   4.3406441E-02   1.2577200E-02   1.4504236E-02   1.8298784E-02
    5.0881446E-03   1.6682231E-03   3.4078882E-03   7.3572146E-03   1.6168284E-03   6.0156369E-03   1.0725447E+01   1.8495153E+00
    4.3657276E-01   4.0235727E-02   7.4668523E-02   2.0949514E-02   2.5446850E-02   3.0975349E-02   9.6496071E-03   2.9179358E-03
    6.2986763E-03   1.2534765E-02   3.0723727E-03   1.1331990E-02   1.3241972E+01   2.6330665E+00   6.2332530E-01   5.7369550E-02
    1.1161079E-01   3.0370748E-02   3.9038704E-02   4.5994377E-02   1.6136335E-02   4.5162022E-03   1.0175688E-02   1.8716180E-02
    5.1530190E-03   1.8738256E-02   1.3435954E+01   3.0953038E+00   7.4472984E-01   6.8502316E-02   1.3932110E-01   3.6989305E-02
    5.0533920E-02   5.7939876E-02   2.3034970E-02   5.9812156E-03   1.3894343E-02   2.3759795E-02   7.3802919E-03   2.6211960E-02
    1.0696953E+01   2.8622852E+00   7.1020103E-01   6.5430216E-02   1.3780402E-01   3.6087961E-02   5.2515640E-02   5.8988687E-02
    2.6734359E-02   6.4457882E-03   1.5286831E-02   2.4552393E-02   8.5942868E-03   2.9424977E-02   6.3534120E+00   1.9728129E+00
    5.1308511E-01   4.7555202E-02   1.0228272E-01   2.6788851E-02   4.1508643E-02   4.5969924E-02   2.3891099E-02   5.3390317E-03
    1.2853248E-02   1.9650936E-02   7.7055761E-03   2.5053159E-02   2.7474878E+00   9.8599626E-01   2.7304212E-01   2.5650510E-02
    5.5513505E-02   1.4730291E-02   2.4234173E-02   2.6623189E-02   1.5918598E-02   3.2857649E-03   8.0185505E-03   1.1842399E-02
    5.1519942E-03   1.5697366E-02   9.1093799E-01   3.7690727E-01   1.1193274E-01   1.0772495E-02   2.3189443E-02   6.2815643E-03
    1.0922362E-02   1.1988367E-02   8.1882599E-03   1.5629978E-03   3.8727583E-03   5.6013054E-03   2.6695593E-03   7.5734542E-03
    2.6625607E-01   1.2672245E-01   4.0216867E-02   4.0138660E-03   8.5502176E-03   2.3661367E-03   4.3223440E-03   4.7809980E-03
    3.6394415E-03   6.5240427E-04   1.6429564E-03   2.3532365E-03   1.2098877E-03   3.2081531E-03   7.7968763E-02   4.2252509E-02
    1.4268374E-02   1.4923645E-03   3.1519499E-03   8.8800821E-04   1.6935142E-03   1.9037242E-03   1.5604226E-03   2.6949295E-04
    6.8919197E-04   9.8591107E-04   5.3738239E-04   1.3484638E-03   2.4184464E-02   1.4707885E-02   5.2635284E-03   5.7979590E-04
    1.2236404E-03   3.4941281E-04   6.9177355E-04   7.9521809E-04   6.8076638E-04   1.1592971E-04   3.0059488E-04   4.3213480E-04
    2.4516549E-04   5.9194843E-04   8.1655041E-03   5.4838903E-03   2.0762095E-03   2.4039087E-04   5.1218915E-04   1.4779965E-04
    3.0240233E-04   3.5648474E-04   3.1260883E-04   5.3249487E-05   1.3975062E-04   2.0260669E-04   1.1767712E-04   2.7784931E-04
    3.0447399E-03   2.2288281E-03   8.9151738E-04   1.0786871E-04   2.3395633E-04   6.8150625E-05   1.4359341E-04   1.7360209E-04
    1.5443874E-04   2.6494030E-05   7.0270782E-05   1.0285961E-04   6.0436311E-05   1.4122655E-04   1.2540409E-03   9.9242003E-04
    4.1822182E-04   5.2601738E-05   1.1657791E-04   3.4272392E-05   7.4167549E-05   9.1845680E-05   8.2550577E-05   1.4297687E-05
    3.8281767E-05   5.6571079E-05   3.3411301E-05   7.7771227E-05   5.6356220E-04   4.7904472E-04   2.1220888E-04   2.7650543E-05
    6.2647391E-05   1.8584973E-05   4.1226700E-05   5.2214071E-05   4.7334806E-05   8.2815518E-06   2.2366494E-05   3.3352278E-05
    1.9747710E-05   4.5910455E-05   2.6998053E-04   2.4522562E-04   1.1393440E-04   1.5342687E-05   3.5509094E-05   1.0626704E-05
    2.4125445E-05   3.1206105E-05   2.8509642E-05   5.0377556E-06   1.3716085E-05   2.0627979E-05   1.2232144E-05   2.8430969E-05
    1.3291127E-04   1.2848471E-04   6.2473090E-05   8.6783254E-06   2.0496582E-05   6.1855979E-06   1.4353632E-05   1.8939704E-05
    1.7427818E-05   3.1092264E-06   8.5301079E-06   1.2932477E-05   7.6773342E-06   1.7846149E-05   6.3255436E-05   6.4893982E-05
    3.2965360E-05   4.7175251E-06   1.1361033E-05   3.4564248E-06   8.1903996E-06   1.1015190E-05   1.0205224E-05   1.8376251E-06
    5.0783873E-06   7.7590073E-06   4.6104561E-06   1.0719585E-05   2.7765254E-05   3.0077999E-05   1.5907282E-05   2.3393590E-06
    5.7354647E-06   1.7579567E-06   4.2465155E-06   5.8117919E-06   5.4180982E-06   9.8398963E-07   2.7375636E-06   4.2123206E-06
    2.5050281E-06   5.8258815E-06   2.6532498E-05   2.8816286E-05   1.5269501E-05   2.2484707E-06   5.5173582E-06   1.6917029E-06
    4.0902292E-06   5.6025717E-06   5.2245026E-06   9.4923635E-07   2.6417223E-06   4.0662333E-06   2.4181514E-06   5.6241340E-06
    1.9078390E+01   1.9283977E+01   2.3944386E+01   3.1445671E+01   4.2428857E+01   5.7682253E+01   7.7736468E+01   1.0259165E+02
    1.3191903E+02   1.6537157E+02   2.0359532E+02   2.4838247E+02   3.0310168E+02   3.7190670E+02   4.5900876E+02   5.6726964E+02
    6.9773122E+02   8.5238055E+02   1.0401551E+03   1.2842718E+03   1.6240277E+03   2.1393388E+03   2.9735087E+03   4.3637679E+03
    6.7123955E+03   1.0978889E+04   2.0488083E+04   4.1105079E+04   8.3613594E+04   1.5752201E+05   2.6922411E+05   4.1971455E+05
    5.9645969E+05   7.7143361E+05   8.9424456E+05   8.9960151E+05   7.5188841E+05   4.9523232E+05   2.4888225E+05   9.9068958E+04
    3.5240112E+04   1.2529990E+04   4.6564651E+03   1.8463687E+03   7.9084385E+02   3.6669174E+02   1.8272085E+02   9.6211131E+01
    5.2057843E+01   2.7621162E+01   1.3914712E+01   1.3404739E+01
 Number of CIII levels:         54
 CIII Oscillator date:        4-DEC-1996
    1.9078390E+01   8.3735864E-04   2.5065430E-03   4.1557145E-03   6.9270249E-06   2.3093535E-09   6.9095784E-09   1.1465046E-08
    7.7769155E-08   9.1694246E-10   6.3596963E-11   1.4071527E-09   1.8141736E-08   3.1466834E-11   9.4350696E-11   1.5705983E-10
    2.0386720E-11   3.3974387E-11   4.7551704E-11   4.5278888E-11   4.8631707E-14   1.4545676E-13   2.4088990E-13   2.0820272E-12
    1.4206447E-09   9.2780942E-11   1.5026241E-13   4.5069282E-13   7.5081989E-13   1.3901868E-13   3.5832809E-12   5.9635641E-12
    8.3308955E-12   8.7549735E-13   1.2250234E-12   1.5738006E-12   3.4854334E-09   5.0058786E-13   4.9405922E-12   8.2155798E-12
    1.1460168E-11   3.9296787E-13   2.2627258E-12   1.4255571E-12   4.1891749E-12   7.0892854E-12   3.7613984E-13   3.7874218E-13
    3.4978860E-12   4.8858679E-12   6.2609974E-12   8.5469324E-14   1.4227781E-13   1.9883421E-13   1.9283977E+01   8.5680492E-04
    2.5647546E-03   4.2522311E-03   7.1351272E-06   2.3903876E-09   7.1520364E-09   1.1867367E-08   7.9934455E-08   9.4046600E-10
    6.5859856E-11   1.4428537E-09   1.8681016E-08   3.2560051E-11   9.7628629E-11   1.6251645E-10   2.1117943E-11   3.5192969E-11
    4.9257275E-11   4.6393127E-11   5.0229246E-14   1.5023508E-13   2.4880358E-13   2.1590945E-12   1.4555939E-09   9.4993544E-11
    1.5412259E-13   4.6227097E-13   7.7010828E-13   1.4346198E-13   3.7099940E-12   6.1744514E-12   8.6255019E-12   8.9631208E-13
    1.2541482E-12   1.6112178E-12   3.5684988E-09   5.1257330E-13   5.1055418E-12   8.4898744E-12   1.1842800E-11   4.0607709E-13
    2.3409288E-12   1.4724399E-12   4.3269653E-12   7.3224419E-12   3.8514064E-13   3.8974127E-13   3.5809677E-12   5.0019194E-12
    6.4097162E-12   8.7507074E-14   1.4567002E-13   2.0357493E-13   2.3944386E+01   1.3591950E-03   4.0686405E-03   6.7457330E-03
    1.2445134E-05   4.7848155E-09   1.4316309E-08   2.3755443E-08   1.3193156E-07   1.5287292E-09   1.3200471E-10   2.3228404E-09
    3.1306660E-08   6.4679852E-11   1.9393760E-10   3.2283766E-10   4.2800706E-11   7.1327236E-11   9.9832123E-11   7.5057950E-11
    9.6738730E-14   2.8934775E-13   4.7919914E-13   4.3499817E-12   2.3232738E-09   1.5265052E-10   2.5829640E-13   7.7472759E-13
    1.2906395E-12   2.6589610E-13   7.4628885E-12   1.2420370E-11   1.7350986E-11   1.4424991E-12   2.0183945E-12   2.5930612E-12
    5.7326891E-09   8.2748335E-13   9.9317353E-12   1.6515373E-11   2.3038148E-11   7.7911179E-13   4.6486799E-12   2.8360136E-12
    8.3346761E-12   1.4103786E-11   6.2159242E-13   6.9417531E-13   5.7603925E-12   8.0462253E-12   1.0310978E-11   1.4107416E-13
    2.3484239E-13   3.2819624E-13   3.1445671E+01   2.4453900E-03   7.3201559E-03   1.2136996E-02   2.5408435E-05   1.1609114E-08
    3.4735261E-08   5.7638410E-08   2.5015835E-07   2.8519041E-09   3.2084240E-10   4.2636694E-09   6.0411169E-08   1.5631310E-10
    4.6869409E-10   7.8021487E-10   1.0587241E-10   1.7643611E-10   2.4694654E-10   1.3970629E-10   2.2639334E-13   6.7715755E-13
    1.1214995E-12   1.0626100E-11   4.2141988E-09   2.8078364E-10   5.0820003E-13   1.5242837E-12   2.5393505E-12   6.0869212E-13
    1.8269747E-11   3.0406269E-11   4.2477342E-11   2.6679776E-12   3.7331363E-12   4.7960334E-12   1.0538993E-08   1.5383476E-12
    2.3506687E-11   3.9089442E-11   5.4528846E-11   1.8644152E-12   1.1264479E-11   6.6174178E-12   1.9449685E-11   3.2909962E-11
    1.1550918E-12   1.5066354E-12   1.0645548E-11   1.4870067E-11   1.9055819E-11   2.6190195E-13   4.3598374E-13   6.0929996E-13
    4.2428857E+01   4.7190800E-03   1.4126508E-02   2.3422770E-02   5.6872563E-05   3.1478362E-08   9.4186792E-08   1.5629390E-07
    5.1476991E-07   5.7881190E-09   8.7184045E-10   8.4466169E-09   1.2651382E-07   4.2481196E-10   1.2737732E-09   2.1204096E-09
    2.9506863E-10   4.9173143E-10   6.8824658E-10   2.8466239E-10   5.9848634E-13   1.7901421E-12   2.9649139E-12   2.9041139E-11
    8.2269928E-09   5.5984467E-10   1.1180179E-12   3.3533615E-12   5.5864806E-12   1.6341898E-12   5.0208435E-11   8.3562364E-11
    1.1673743E-10   5.3964026E-12   7.5508759E-12   9.7008001E-12   2.0994496E-08   3.1355930E-12   6.2830117E-11   1.0448197E-10
    1.4575279E-10   5.2272820E-12   3.0835945E-11   1.7358162E-11   5.1024319E-11   8.6328766E-11   2.3529677E-12   3.7987972E-12
    2.1502192E-11   3.0035379E-11   3.8490695E-11   5.3384211E-13   8.8868380E-13   1.2419737E-12   5.7682253E+01   9.4353163E-03
    2.8244882E-02   4.6833549E-02   1.3407628E-04   9.0836805E-08   2.7179834E-07   4.5103530E-07   1.1130739E-06   1.2412871E-08
    2.5222990E-09   1.7505356E-08   2.7799666E-07   1.2376308E-09   3.7109737E-09   6.1775853E-09   8.8302250E-10   1.4715566E-09
    2.0596515E-09   6.1958409E-10   1.7065281E-12   5.1045171E-12   8.4546583E-12   8.5038006E-11   1.6758904E-08   1.1707467E-09
    2.6763602E-12   8.0274338E-12   1.3373215E-11   4.9707368E-12   1.4754893E-10   2.4556920E-10   3.4306706E-10   1.1622649E-11
    1.6262959E-11   2.0893531E-11   4.3838652E-08   6.8271293E-12   1.8096494E-10   3.0093588E-10   4.1981609E-10   1.6397740E-11
    9.0985984E-11   4.8801188E-11   1.4346914E-10   2.4271493E-10   5.1187612E-12   1.0767941E-11   4.6192931E-11   6.4525585E-11
    8.2691973E-11   1.1676308E-12   1.9437622E-12   2.7165204E-12   7.7736468E+01   1.9000426E-02   5.6879140E-02   9.4316035E-02
    3.2198837E-04   2.6826471E-07   8.0270548E-07   1.3320877E-06   2.4584624E-06   2.7483008E-08   7.4740815E-09   3.6948008E-08
    6.2168363E-07   3.7193465E-09   1.1152313E-08   1.8565187E-08   2.7305468E-09   4.5504581E-09   6.3690206E-09   1.4168047E-09
    5.0481561E-12   1.5100201E-11   2.5011663E-11   2.5945040E-10   3.4694373E-08   2.4983693E-09   6.8039460E-12   2.0407680E-11
    3.3998051E-11   1.6468068E-11   4.4595283E-10   7.4221705E-10   1.0369131E-09   2.6148565E-11   3.6588439E-11   4.7006556E-11
    9.3325525E-08   1.5577009E-11   5.4004542E-10   8.9808288E-10   1.2528874E-09   5.4887130E-11   2.7842545E-10   1.4123853E-10
    4.1528020E-10   7.0248167E-10   1.1665634E-11   3.2993300E-11   1.0342872E-10   1.4447882E-10   1.8515917E-10   2.7047323E-12
    4.5026208E-12   6.2927485E-12   1.0259165E+02   3.7677418E-02   1.1279187E-01   1.8703673E-01   7.6684941E-04   7.8593193E-07
    2.3517225E-06   3.9028033E-06   5.4240275E-06   6.1784454E-08   2.1981576E-08   7.7752773E-08   1.3803168E-06   1.1149414E-08
    3.3431203E-08   5.5653215E-08   8.4599072E-09   1.4098452E-08   1.9732849E-08   3.3687472E-09   1.5003246E-11   4.4879156E-11
    7.4340358E-11   7.8163018E-10   7.1493439E-08   5.3187809E-09   1.7932773E-11   5.3787441E-11   8.9607154E-11   5.7064559E-11
    1.3432752E-09   2.2356898E-09   3.1234160E-09   6.0606863E-11   8.4804632E-11   1.0895235E-10   1.9791005E-07   3.6689457E-11
    1.6168517E-09   2.6888311E-09   3.7512033E-09   1.8763014E-10   8.5647958E-10   4.0693763E-10   1.1966888E-09   2.0240758E-09
    2.7433691E-11   1.0483810E-10   2.3760276E-10   3.3191108E-10   4.2537630E-10   6.5973351E-12   1.0982809E-11   1.5349494E-11
    1.3191903E+02   7.2692122E-02   2.1761639E-01   3.6087660E-01   1.7856305E-03   2.2462648E-06   6.7215784E-06   1.1155193E-05
    1.1840237E-05   1.4037458E-07   6.3108080E-08   1.6151446E-07   3.0071488E-06   3.2795653E-08   9.8337250E-08   1.6370446E-07
    2.5817849E-08   4.3025529E-08   6.0220657E-08   8.3175195E-09   4.4014646E-11   1.3166399E-10   2.1810663E-10   2.3339951E-09
    1.4518267E-07   1.1151560E-08   4.8187596E-11   1.4453380E-10   2.4078684E-10   2.0106144E-10   3.9625503E-09   6.5951742E-09
    9.2140806E-09   1.4411433E-10   2.0165399E-10   2.5907560E-10   4.1238129E-07   8.8606312E-11   4.7691375E-09   7.9312384E-09
    1.1065233E-08   6.3688082E-10   2.6061376E-09   1.1448039E-09   3.3670964E-09   5.6944089E-09   6.6106453E-11   3.3558654E-10
    5.5598538E-10   7.7667888E-10   9.9541563E-10   1.7007768E-11   2.8313681E-11   3.9571554E-11   1.6537157E+02   1.3549860E-01
    4.0564606E-01   6.7271940E-01   4.0315945E-03   6.1895921E-06   1.8521762E-05   3.0740056E-05   2.5483360E-05   3.2221875E-07
    1.7499885E-07   3.2995157E-07   6.3868073E-06   9.3366028E-08   2.7995784E-07   4.6605761E-07   7.6586955E-08   1.2763252E-07
    1.7864119E-07   2.1272217E-08   1.2585164E-10   3.7647825E-10   6.2368525E-10   6.8114375E-09   2.8949119E-07   2.2817346E-08
    1.2996224E-10   3.8980925E-10   6.4940726E-10   7.0397515E-10   1.1295069E-08   1.8799475E-08   2.6265129E-08   3.5064442E-10
    4.9064641E-10   6.3036377E-10   8.3554585E-07   2.1800586E-10   1.3668591E-08   2.2731779E-08   3.1715130E-08   2.1016612E-09
    7.7494820E-09   3.1005066E-09   9.1208262E-09   1.5423055E-08   1.6208542E-10   1.0605140E-09   1.3160942E-09   1.8385423E-09
    2.3563997E-09   4.6337178E-11   7.7140612E-11   1.0781433E-10   2.0359532E+02   2.4460891E-01   7.3230801E-01   1.2145125E+00
    8.8563708E-03   1.6448409E-05   4.9221533E-05   8.1695038E-05   5.4465335E-05   7.5256889E-07   4.7062293E-07   6.6425040E-07
    1.3283687E-05   2.5669642E-07   7.6970751E-07   1.2813793E-06   2.2051786E-07   3.6749442E-07   5.1436577E-07   5.6378038E-08
    3.5065453E-10   1.0489936E-09   1.7378990E-09   1.9400200E-08   5.6622316E-07   4.5562115E-08   3.4988556E-10   1.0494502E-09
    1.7483511E-09   2.4297179E-09   3.1042679E-08   5.1668031E-08   7.2187939E-08   8.7736993E-10   1.2276843E-09   1.5772935E-09
    1.6426975E-06   5.4718412E-10   3.7961196E-08   6.3133360E-08   8.8085996E-08   6.7125217E-09   2.2495829E-08   8.0751899E-09
    2.3759599E-08   4.0171006E-08   4.0432046E-10   3.3077264E-09   3.1502828E-09   4.4009411E-09   5.6407198E-09   1.3325225E-10
    2.2183650E-10   3.1005142E-10   2.4838247E+02   4.2883202E-01   1.2838636E+00   2.1293706E+00   1.9002158E-02   4.2113052E-05
    1.2602603E-04   2.0918050E-04   1.1654087E-04   1.7958766E-06   1.2336328E-06   1.3165531E-06   2.7217951E-05   6.7849804E-07
    2.0344965E-06   3.3869947E-06   6.1433629E-07   1.0237964E-06   1.4329668E-06   1.5404269E-07   9.5068533E-10   2.8440945E-09
    4.7122143E-09   5.3834789E-08   1.0772584E-06   8.8721845E-08   9.3388221E-10   2.8011016E-09   4.6665696E-09   8.2034556E-09
    8.1844663E-08   1.3622591E-07   1.9033227E-07   2.2613924E-09   3.1643347E-09   4.0654800E-09   3.1203842E-06   1.4016438E-09
    1.0149735E-07   1.6880458E-07   2.3553144E-07   2.0704295E-08   6.3431833E-08   2.0221506E-08   5.9510698E-08   1.0060010E-07
    1.0231551E-09   1.0239554E-08   7.5970795E-09   1.0613367E-08   1.3603713E-08   3.9856927E-10   6.6354101E-10   9.2742053E-10
    3.0310168E+02   7.3446308E-01   2.1989395E+00   3.6473157E+00   4.0143605E-02   1.0429384E-04   3.1211621E-04   5.1808458E-04
    2.5282481E-04   4.4207163E-06   3.1824108E-06   2.6123319E-06   5.5275092E-05   1.7242094E-06   5.1701260E-06   8.6072643E-06
    1.6602761E-06   2.7668671E-06   3.8726852E-06   4.3444966E-07   2.5200218E-09   7.5392375E-09   1.2492290E-08   1.4607842E-07
    2.0257735E-06   1.6893039E-07   2.4686294E-09   7.4044664E-09   1.2335734E-08   2.7101478E-08   2.0680600E-07   3.4422313E-07
    4.8095476E-07   6.0306956E-09   8.4387242E-09   1.0842023E-08   5.7070079E-06   3.6956669E-09   2.6007255E-07   4.3254974E-07
    6.0355921E-07   6.2099208E-08   1.7317248E-07   4.9109770E-08   1.4456348E-07   2.4433260E-07   2.6318569E-09   3.2033120E-08
    1.8464119E-08   2.5795692E-08   3.3065036E-08   1.2203664E-09   2.0317045E-09   2.8397420E-09   3.7190670E+02   1.2322305E+00
    3.6893409E+00   6.1198537E+00   8.3640639E-02   2.4952631E-04   7.4677605E-04   1.2396581E-03   5.5883281E-04   1.1191882E-05
    8.1073395E-06   5.1890174E-06   1.1141307E-04   4.1913461E-06   1.2568050E-05   2.0923742E-05   4.3419049E-06   7.2358394E-06
    1.0127784E-05   1.2535885E-06   6.5401762E-09   1.9567306E-08   3.2425352E-08   3.8811429E-07   3.7268296E-06   3.1516825E-07
    6.4334982E-09   1.9296846E-08   3.2148470E-08   8.7269059E-08   4.9748835E-07   8.2807304E-07   1.1570340E-06   1.6582158E-08
    2.3203516E-08   2.9812070E-08   9.9684343E-06   1.0094631E-08   6.3062824E-07   1.0488875E-06   1.4636425E-06   1.8102839E-07
    4.5126194E-07   1.1659850E-07   3.4332900E-07   5.8014920E-07   6.8600871E-09   1.0223819E-07   4.5060098E-08   6.2954204E-08
    8.0698774E-08   3.7413682E-09   6.2288537E-09   8.7063758E-09   4.5900876E+02   2.0308195E+00   6.0805679E+00   1.0087288E+01
    1.7134800E-01   5.7591473E-04   1.7236599E-03   2.8615098E-03   1.2604443E-03   2.8732897E-05   2.0445266E-05   1.0377392E-05
    2.2249919E-04   9.7050771E-06   2.9101621E-05   4.8450413E-05   1.0945851E-05   1.8241430E-05   2.5532084E-05   3.6351652E-06
    1.6677739E-08   4.9900003E-08   8.2699021E-08   1.0068555E-06   6.7067631E-06   5.8618503E-07   1.6505641E-08   4.9507735E-08
    8.2480305E-08   2.7329398E-07   1.1332635E-06   1.8863707E-06   2.6358473E-06   4.6613087E-08   6.5226579E-08   8.3804742E-08
    1.6704713E-05   2.8659876E-08   1.4271516E-06   2.3737891E-06   3.3126420E-06   5.1287894E-07   1.0990243E-06   2.7317128E-07
    8.0464145E-07   1.3593179E-06   1.8067146E-08   3.2830248E-07   1.1005360E-07   1.5376356E-07   1.9711501E-07   1.1272046E-08
    1.8766753E-08   2.6231996E-08   5.6726964E+02   3.3010937E+00   9.8843933E+00   1.6399337E+01   3.4301223E-01   1.2813087E-03
    3.8350461E-03   6.3672676E-03   2.8885203E-03   7.2986385E-05   5.1350813E-05   2.1083448E-05   4.3771159E-04   2.1454341E-05
    6.4333620E-05   1.0710974E-04   2.6523191E-05   4.4201400E-05   6.1867949E-05   1.0280901E-05   4.2084348E-08   1.2592454E-07
    2.0872093E-07   2.5425573E-06   1.2047389E-05   1.1344206E-06   4.1913122E-08   1.2571657E-07   2.0944675E-07   8.2664443E-07
    2.4510700E-06   4.0800403E-06   5.7013367E-06   1.3230655E-07   1.8514112E-07   2.3787770E-07   2.8043025E-05   8.3676143E-08
    2.9899099E-06   4.9733625E-06   6.9408761E-06   1.4299397E-06   2.4368013E-06   6.3927303E-07   1.8838010E-06   3.1814117E-06
    4.8066999E-08   1.0191033E-06   2.6831074E-07   3.7489293E-07   4.8062091E-07   3.2879556E-08   5.4742279E-08   7.6521012E-08
    6.9773122E+02   5.3227540E+00   1.5938675E+01   2.6447508E+01   6.6850272E-01   2.7497628E-03   8.2307746E-03   1.3666923E-02
    6.6622100E-03   1.8101199E-04   1.2940765E-04   4.3356414E-05   8.4249595E-04   4.6145132E-05   1.3837396E-04   2.3038723E-04
    6.1977654E-05   1.0328720E-04   1.4457027E-04   2.7634100E-05   1.0619991E-07   3.1779437E-07   5.2682948E-07   6.2733133E-06
    2.2085115E-05   2.3586041E-06   1.0707452E-07   3.2116698E-07   5.3507762E-07   2.3892926E-06   5.1516940E-06   8.5757912E-06
    1.1984218E-05   3.7507929E-07   5.2486851E-07   6.7438785E-07   5.0115576E-05   2.4474606E-07   5.8731824E-06   9.7698959E-06
    1.3636189E-05   4.0236016E-06   4.8899397E-06   1.5050642E-06   4.4373674E-06   7.4911177E-06   1.2926913E-07   2.9069357E-06
    6.5266479E-07   9.1197698E-07   1.1692703E-06   9.1677722E-08   1.5264185E-07   2.1337846E-07   8.5238055E+02   8.5565526E+00
    2.5623740E+01   4.2524715E+01   1.2699909E+00   5.6982546E-03   1.7057725E-02   2.8327431E-02   1.5297324E-02   4.4276650E-04
    3.2167997E-04   8.9062181E-05   1.5791305E-03   9.9317109E-05   2.9782368E-04   4.9588236E-04   1.4017978E-04   2.3361355E-04
    3.2698952E-04   7.0170124E-05   2.6955723E-07   8.0669821E-07   1.3375668E-06   1.5190654E-05   4.1185961E-05   5.0784191E-06
    2.8015196E-07   8.4031297E-07   1.4000147E-06   6.5545324E-06   1.0955245E-05   1.8237462E-05   2.5487507E-05   1.0518058E-06
    1.4718717E-06   1.8912069E-06   9.2546268E-05   6.9574016E-07   1.1489422E-05   1.9113641E-05   2.6680403E-05   1.1176547E-05
    9.6041031E-06   3.4149867E-06   1.0074437E-05   1.7000007E-05   3.4736671E-07   7.2429812E-06   1.5851087E-06   2.2150403E-06
    2.8402376E-06   2.4315313E-07   4.0486001E-07   5.6598429E-07   1.0401551E+03   1.3737390E+01   4.1141312E+01   6.8288710E+01
    2.3511094E+00   1.1425217E-02   3.4204270E-02   5.6810306E-02   3.4673077E-02   1.0888904E-03   7.6628209E-04   1.8364622E-04
    2.8865529E-03   2.1705385E-04   6.5089343E-04   1.0837922E-03   3.0886498E-04   5.1473384E-04   7.2048029E-04   1.6874376E-04
    6.8588529E-07   2.0528293E-06   3.4044301E-06   3.6086750E-05   7.7411772E-05   1.1011202E-05   7.5391035E-07   2.2613614E-06
    3.7676246E-06   1.7030604E-05   2.4225481E-05   4.0330573E-05   5.6367279E-05   2.8999300E-06   4.0581624E-06   5.2144585E-06
    1.7110680E-04   1.8734849E-06   2.5451492E-05   4.2343790E-05   5.9113732E-05   2.8542677E-05   2.0879596E-05   6.9954446E-06
    2.0650489E-05   3.4829691E-05   9.2818242E-07   1.5864894E-05   3.8418679E-06   5.3690358E-06   6.8851732E-06   6.2532063E-07
    1.0412242E-06   1.4556875E-06   1.2842718E+03   2.2136624E+01   6.6300409E+01   1.1006786E+02   4.2324310E+00   2.2537790E-02
    6.7478379E-02   1.1209173E-01   7.7180473E-02   2.6532348E-03   1.7346033E-03   3.8881097E-04   5.1838526E-03   4.7534638E-04
    1.4254762E-03   2.3736308E-03   6.7410337E-04   1.1234196E-03   1.5724797E-03   3.9039733E-04   1.7382484E-06   5.2030186E-06
    8.6305049E-06   8.4167733E-05   1.4809694E-04   2.4512221E-05   2.0503299E-06   6.1500261E-06   1.0246625E-05   4.1773500E-05
    5.4267189E-05   9.0348189E-05   1.2628232E-04   7.9150695E-06   1.1076546E-05   1.4232955E-05   3.4357179E-04   4.8021630E-06
    6.3358333E-05   1.0541737E-04   1.4718437E-04   6.6081005E-05   4.8417987E-05   1.4086641E-05   4.1611400E-05   7.0148386E-05
    2.5928968E-06   3.4186662E-05   9.3396821E-06   1.3053230E-05   1.6741067E-05   1.6274154E-06   2.7099217E-06   3.7888346E-06
    1.6240277E+03   3.5922087E+01   1.0759650E+02   1.7865615E+02   7.3778156E+00   4.4702130E-02   1.3385050E-01   2.2237846E-01
    1.6641552E-01   6.0995705E-03   3.7420059E-03   8.2779263E-04   9.1324160E-03   1.0007805E-03   3.0012090E-03   4.9976628E-03
    1.4456198E-03   2.4091900E-03   3.3722354E-03   8.6481530E-04   4.3766712E-06   1.3101795E-05   2.1737181E-05   1.9131043E-04
    2.8600340E-04   5.1613836E-05   5.4826808E-06   1.6445580E-05   2.7400564E-05   9.5695576E-05   1.1503299E-04   1.9152488E-04
    2.6771921E-04   2.1120256E-05   2.9556751E-05   3.7980325E-05   6.3279494E-04   1.2045548E-05   1.6080851E-04   2.6757791E-04
    3.7363882E-04   1.4446182E-04   1.0372111E-04   3.2600754E-05   9.6367390E-05   1.6237376E-04   7.3551501E-06   7.6295812E-05
    2.2591498E-05   3.1576488E-05   4.0502030E-05   4.2437223E-06   7.0667964E-06   9.8809146E-06   2.1393388E+03   5.9098427E+01
    1.7702873E+02   2.9399367E+02   1.2620492E+01   9.0354524E-02   2.7056994E-01   4.4958842E-01   3.4974940E-01   1.3239372E-02
    7.8424562E-03   1.7165279E-03   1.5990772E-02   2.0512908E-03   6.1516566E-03   1.0244248E-02   3.0207691E-03   5.0342634E-03
    7.0467111E-03   1.7792006E-03   1.1098270E-05   3.3226517E-05   5.5137556E-05   4.2410055E-04   5.5675028E-04   9.8662969E-05
    1.4360094E-05   4.3074127E-05   7.1768376E-05   2.0785956E-04   2.3612594E-04   3.9315776E-04   5.4960662E-04   5.4569377E-05
    7.6368507E-05   9.8135774E-05   8.8045064E-04   2.9812630E-05   4.1136034E-04   6.8453547E-04   9.5598069E-04   2.9584988E-04
    2.0221514E-04   8.1404092E-05   2.4079185E-04   4.0551903E-04   1.9967306E-05   1.6848935E-04   5.4380003E-05   7.6013442E-05
    9.7510294E-05   1.0575296E-05   1.7611048E-05   2.4625499E-05   2.9735087E+03   9.8856251E+01   2.9614107E+02   4.9187677E+02
    2.1590669E+01   1.8562915E-01   5.5591468E-01   9.2384116E-01   7.2426829E-01   2.7575576E-02   1.6204987E-02   3.4743067E-03
    2.8142112E-02   4.1520676E-03   1.2451901E-02   2.0736639E-02   6.1542025E-03   1.0256317E-02   1.4356386E-02   3.4522935E-03
    2.7803023E-05   8.3244960E-05   1.3816486E-04   9.1658156E-04   1.0626014E-03   1.8268304E-04   3.6242275E-05   1.0871192E-04
    1.8113368E-04   4.4226238E-04   4.8581544E-04   8.0893167E-04   1.1308973E-03   1.3588890E-04   1.9017609E-04   2.4438718E-04
    9.6330308E-04   7.3565397E-05   9.7390755E-04   1.6207604E-03   2.2636843E-03   5.7491971E-04   3.8340414E-04   1.8914568E-04
    5.5981173E-04   9.4238191E-04   5.2558855E-05   3.5701402E-04   1.2972054E-04   1.8133746E-04   2.3264181E-04   2.4636351E-05
    4.1028306E-05   5.7372659E-05   4.3637679E+03   1.6852039E+02   5.0485595E+02   8.3863682E+02   3.7532290E+01   3.8560595E-01
    1.1548631E+00   1.9193797E+00   1.4898860E+00   5.5574592E-02   3.3418403E-02   6.9756322E-03   4.9757047E-02   8.3291468E-03
    2.4979093E-02   4.1599747E-02   1.2452988E-02   2.0753635E-02   2.9050278E-02   6.7169771E-03   6.8004944E-05   2.0362654E-04
    3.3801287E-04   1.9361627E-03   1.9312022E-03   3.4734885E-04   8.7948681E-05   2.6381106E-04   4.3956102E-04   9.4690181E-04
    1.0084634E-03   1.6792449E-03   2.3477160E-03   3.3091065E-04   4.6311388E-04   5.9513783E-04   9.9908465E-04   1.8724792E-04
    2.0121741E-03   3.3487894E-03   4.6775517E-03   1.1561105E-03   7.4569549E-04   3.9897053E-04   1.1813501E-03   1.9880243E-03
    1.3508785E-04   7.2086113E-04   3.0654623E-04   4.2854458E-04   5.4982837E-04   5.4967399E-05   9.1542666E-05   1.2801520E-04
    6.7123955E+03   2.9367314E+02   8.7982402E+02   1.4616443E+03   6.6748279E+01   8.1089038E-01   2.4286729E+00   4.0367581E+00
    3.0691234E+00   1.0905298E-01   6.9329539E-02   1.4037360E-02   8.7822393E-02   1.6594671E-02   4.9767838E-02   8.2884238E-02
    2.5436550E-02   4.2391578E-02   5.9338651E-02   1.3301960E-02   1.6403371E-04   4.9119013E-04   8.1544812E-04   4.0073363E-03
    3.4092033E-03   6.8455425E-04   2.0861835E-04   6.2577434E-04   1.0426710E-03   2.0353239E-03   2.1019108E-03   3.5000881E-03
    4.8935812E-03   8.0079823E-04   1.1207385E-03   1.4402567E-03   1.1849848E-03   4.8203810E-04   3.7156686E-03   6.1840985E-03
    8.6384223E-03   2.4191541E-03   1.4988851E-03   7.8206768E-04   2.3165280E-03   3.8973188E-03   3.3298505E-04   1.4060911E-03
    7.1976223E-04   1.0062509E-03   1.2911074E-03   1.2281794E-04   2.0454516E-04   2.8604910E-04   1.0978889E+04   5.3607049E+02
    1.6060834E+03   2.6683863E+03   1.2445010E+02   1.7764132E+00   5.3206974E+00   8.8442617E+00   6.5804776E+00   2.1730799E-01
    1.4897172E-01   2.9168943E-02   1.5772587E-01   3.3578757E-02   1.0070435E-01   1.6771792E-01   5.3672129E-02   8.9448049E-02
    1.2520760E-01   2.7135844E-02   4.0501105E-04   1.2128395E-03   2.0136879E-03   8.3361665E-03   6.2122689E-03   1.4285069E-03
    5.0352049E-04   1.5103715E-03   2.5166120E-03   4.4205850E-03   4.4491497E-03   7.4088569E-03   1.0358894E-02   1.9795813E-03
    2.7705000E-03   3.5604013E-03   1.7345761E-03   1.2512408E-03   6.6519322E-03   1.1071394E-02   1.5466226E-02   5.1166499E-03
    3.1581740E-03   1.4959678E-03   4.4325363E-03   7.4555501E-03   8.0941409E-04   2.8122187E-03   1.7240586E-03   2.4103736E-03
    3.0928757E-03   2.9081826E-04   4.8434746E-04   6.7736102E-04   2.0488083E+04   1.1041325E+03   3.3081056E+03   5.4965287E+03
    2.6267139E+02   4.4045691E+00   1.3192968E+01   2.1931060E+01   1.6182593E+01   4.8923272E-01   3.5944666E-01   6.7701062E-02
    3.0965955E-01   7.4293874E-02   2.2281247E-01   3.7108837E-01   1.2495429E-01   2.0824461E-01   2.9149763E-01   6.2348404E-02
    1.1169649E-03   3.3449708E-03   5.5541264E-03   1.8821363E-02   1.2630299E-02   3.3974647E-03   1.3419524E-03   4.0253615E-03
    6.7071772E-03   1.0382286E-02   1.0175023E-02   1.6944057E-02   2.3691435E-02   5.3583202E-03   7.4992264E-03   9.6374361E-03
    3.3104630E-03   3.5534745E-03   1.3094501E-02   2.1794949E-02   3.0447919E-02   1.1596016E-02   7.4704715E-03   3.0737815E-03
    9.1099375E-03   1.5320039E-02   2.1486714E-03   6.4286632E-03   4.5431370E-03   6.3518551E-03   8.1507343E-03   7.9960906E-04
    1.3317405E-03   1.8624836E-03   4.1105079E+04   2.4031425E+03   7.2002128E+03   1.1963896E+04   5.9350351E+02   1.1539127E+01
    3.4563785E+01   5.7458430E+01   4.3236335E+01   1.2130445E+00   9.0447326E-01   1.6599510E-01   6.3705301E-01   1.6994880E-01
    5.0969035E-01   8.4888425E-01   2.9847814E-01   4.9743403E-01   6.9630200E-01   1.5617586E-01   3.1990454E-03   9.5803998E-03
    1.5908495E-02   4.3504481E-02   2.7277593E-02   8.5299884E-03   3.6459545E-03   1.0936535E-02   1.8222845E-02   2.5001117E-02
    2.3570300E-02   3.9251122E-02   5.4882460E-02   1.4548916E-02   2.0361995E-02   2.6167852E-02   7.6652031E-03   1.0446210E-02
    2.7993318E-02   4.6593909E-02   6.5094377E-02   2.7362837E-02   1.8358761E-02   6.6303211E-03   1.9653892E-02   3.3047622E-02
    6.0195261E-03   1.6020441E-02   1.2154933E-02   1.6994377E-02   2.1807852E-02   2.3586272E-03   3.9283065E-03   5.4939461E-03
    8.3613594E+04   5.2744444E+03   1.5803323E+04   2.6259701E+04   1.3758630E+03   3.1045321E+01   9.2993297E+01   1.5459519E+02
    1.2285294E+02   3.2595779E+00   2.3100534E+00   4.2295873E-01   1.3535552E+00   3.9537128E-01   1.1857547E+00   1.9748776E+00
    7.1734299E-01   1.1955014E+00   1.6734508E+00   4.2387467E-01   9.4361971E-03   2.8259748E-02   4.6927865E-02   1.0154166E-01
    6.3186387E-02   2.1943312E-02   9.9975170E-03   2.9988947E-02   4.9968791E-02   6.1451458E-02   5.4743101E-02   9.1163336E-02
    1.2746986E-01   3.9358978E-02   5.5085207E-02   7.0792106E-02   2.0484884E-02   3.2335163E-02   6.3378572E-02   1.0549292E-01
    1.4738299E-01   6.7967725E-02   4.5567432E-02   1.4969207E-02   4.4378043E-02   7.4613764E-02   1.8152482E-02   4.2220706E-02
    3.2681479E-02   4.5694137E-02   5.8637714E-02   7.3032696E-03   1.2163725E-02   1.7011806E-02   1.5752201E+05   1.0681337E+04
    3.2003995E+04   5.3181660E+04   2.9465170E+03   7.8366932E+01   2.3474517E+02   3.9026068E+02   3.2876165E+02   8.5774306E+00
    5.5087063E+00   1.0220305E+00   2.7937413E+00   8.7431494E-01   2.6221605E+00   4.3672534E+00   1.6244942E+00   2.7073332E+00
    3.7897048E+00   1.1202169E+00   2.6489885E-02   7.9334254E-02   1.3174772E-01   2.2445647E-01   1.4829651E-01   5.3028164E-02
    2.5814381E-02   7.7433952E-02   1.2902398E-01   1.4229974E-01   1.2055599E-01   2.0076320E-01   2.8072311E-01   9.9891892E-02
    1.3980513E-01   1.7966993E-01   5.6134061E-02   9.6039722E-02   1.3908558E-01   2.3151019E-01   3.2344873E-01   1.6328749E-01
    1.0605563E-01   3.2982421E-02   9.7794925E-02   1.6440672E-01   5.3489567E-02   1.0608420E-01   8.2619427E-02   1.1551758E-01
    1.4824327E-01   2.1738025E-02   3.6205380E-02   5.0636359E-02   2.6922411E+05   1.9554539E+04   5.8591620E+04   9.7367810E+04
    5.6475355E+03   1.8065186E+02   5.4114987E+02   8.9969321E+02   7.8098482E+02   2.0888343E+01   1.2026558E+01   2.2704647E+00
    5.5207399E+00   1.8167566E+00   5.4486680E+00   9.0749579E+00   3.4305574E+00   5.7172696E+00   8.0030116E+00   2.7372893E+00
    6.9326997E-02   2.0763272E-01   3.4483003E-01   4.6665211E-01   3.3844462E-01   1.1792481E-01   6.1954728E-02   1.8584251E-01
    3.0966061E-01   3.0524520E-01   2.5212891E-01   4.1987887E-01   5.8712053E-01   2.3664806E-01   3.3120597E-01   4.2565108E-01
    1.4537408E-01   2.6153951E-01   2.8818316E-01   4.7969614E-01   6.7021927E-01   3.6755665E-01   2.3023604E-01   6.9578270E-02
    2.0634544E-01   3.4684351E-01   1.4641237E-01   2.4570134E-01   1.9463159E-01   2.7213781E-01   3.4924472E-01   6.0592214E-02
    1.0091946E-01   1.4114706E-01   4.1971455E+05   3.2559128E+04   9.7560227E+04   1.6213678E+05   9.7340486E+03   3.7824810E+02
    1.1330956E+03   1.8839432E+03   1.6252941E+03   4.6320902E+01   2.4163394E+01   4.6491407E+00   1.0456306E+01   3.5660097E+00
    1.0694957E+01   1.7813120E+01   6.7840865E+00   1.1306181E+01   1.5826400E+01   6.0815934E+00   1.6929390E-01   5.0705055E-01
    8.4216180E-01   9.2310418E-01   7.3461094E-01   2.4382665E-01   1.3897299E-01   4.1687144E-01   6.9461716E-01   6.1338557E-01
    5.0805287E-01   8.4609314E-01   1.1831324E+00   5.2854904E-01   7.3974751E-01   9.5069977E-01   3.4525865E-01   6.4688200E-01
    5.6748192E-01   9.4463098E-01   1.3198750E+00   7.7028407E-01   4.7439139E-01   1.4119197E-01   4.1883688E-01   7.0388179E-01
    3.6656966E-01   5.2474166E-01   4.3117378E-01   6.0289331E-01   7.7374828E-01   1.5625142E-01   2.6024877E-01   3.6399498E-01
    5.9645969E+05   4.9416673E+04   1.4807720E+05   2.4611145E+05   1.5219539E+04   7.1208568E+02   2.1332405E+03   3.5470764E+03
    2.9675745E+03   9.2341162E+01   4.4625253E+01   8.7679199E+00   1.8797786E+01   6.5752912E+00   1.9720368E+01   3.2846120E+01
    1.2502865E+01   2.0836980E+01   2.9167737E+01   1.2210290E+01   3.8130871E-01   1.1421067E+00   1.8971133E+00   1.7385865E+00
    1.4901213E+00   4.7182850E-01   2.9050175E-01   8.7140870E-01   1.4520054E+00   1.1635216E+00   9.8531639E-01   1.6409469E+00
    2.2946905E+00   1.1123794E+00   1.5568789E+00   2.0008747E+00   7.4498762E-01   1.4478761E+00   1.0642977E+00   1.7716929E+00
    2.4756155E+00   1.5044045E+00   9.3502921E-01   2.7494329E-01   8.1585971E-01   1.3707835E+00   8.3050182E-01   1.0361131E+00
    8.9677880E-01   1.2539743E+00   1.6094221E+00   3.6356348E-01   6.0555410E-01   8.4697678E-01   7.7143361E+05   6.8704288E+04
    2.0588069E+05   3.4221564E+05   2.1957495E+04   1.2094415E+03   3.6233736E+03   6.0252927E+03   4.8471777E+03   1.6715341E+02
    7.6313140E+01   1.5406009E+01   3.1985223E+01   1.1391883E+01   3.4166431E+01   5.6908627E+01   2.1538702E+01   3.5895959E+01
    5.0247624E+01   2.2503643E+01   7.9416690E-01   2.3788389E+00   3.9518543E+00   3.1329608E+00   2.8328548E+00   8.6685318E-01
    5.6988861E-01   1.7094828E+00   2.8484888E+00   2.1183917E+00   1.8416665E+00   3.0671917E+00   4.2893090E+00   2.2206299E+00
    3.1080094E+00   3.9944173E+00   1.4852632E+00   2.9841669E+00   1.9167380E+00   3.1908449E+00   4.4589083E+00   2.7787391E+00
    1.7819934E+00   5.1573002E-01   1.5309283E+00   2.5715211E+00   1.7222428E+00   1.9237849E+00   1.7619003E+00   2.4637823E+00
    3.1623459E+00   7.5938108E-01   1.2648580E+00   1.7691886E+00   8.9424456E+05   8.6686792E+04   2.5977914E+05   4.3185216E+05
    2.9274397E+04   1.8500480E+03   5.5428736E+03   9.2180561E+03   7.1371661E+03   2.7504973E+02   1.2051726E+02   2.5186886E+01
    5.0970979E+01   1.8369209E+01   5.5093358E+01   9.1767425E+01   3.4483235E+01   5.7469171E+01   8.0446514E+01   3.8300519E+01
    1.5265984E+00   4.5730377E+00   7.5979629E+00   5.3681820E+00   5.0347142E+00   1.5135571E+00   1.0482311E+00   3.1443701E+00
    5.2394705E+00   3.7090733E+00   3.2828819E+00   5.4676152E+00   7.6465162E+00   4.1865899E+00   5.8596466E+00   7.5309450E+00
    2.7612742E+00   5.7118794E+00   3.3009690E+00   5.4954671E+00   7.6799723E+00   4.8864060E+00   3.2731094E+00   9.2546612E-01
    2.7483781E+00   4.6150487E+00   3.2863836E+00   3.3868075E+00   3.2568127E+00   4.5544302E+00   5.8461585E+00   1.4249490E+00
    2.3735151E+00   3.3200161E+00   8.9960151E+05   9.6294325E+04   2.8858520E+05   4.7979666E+05   3.5134621E+04   2.5029272E+03
    7.4994059E+03   1.2473130E+04   9.3290914E+03   4.0200940E+02   1.7207682E+02   3.7302551E+01   7.4063512E+01   2.6826476E+01
    8.0459565E+01   1.3402294E+02   5.0167400E+01   8.3608330E+01   1.1703734E+02   5.9065554E+01   2.6578319E+00   7.9622813E+00
    1.3231023E+01   8.5238641E+00   8.1793215E+00   2.4539131E+00   1.7720038E+00   5.3154907E+00   8.8573040E+00   6.0916925E+00
    5.4108673E+00   9.0120565E+00   1.2604082E+01   7.2629836E+00   1.0165566E+01   1.3065240E+01   4.7189665E+00   9.9845448E+00
    5.3048079E+00   8.8319291E+00   1.2343742E+01   8.0381529E+00   5.6237524E+00   1.5443767E+00   4.5885505E+00   7.7023466E+00
    5.6901557E+00   5.5622402E+00   5.5266514E+00   7.7290504E+00   9.9219225E+00   2.3906844E+00   3.9822352E+00   5.5704834E+00
    7.5188841E+05   8.9861761E+04   2.6932220E+05   4.4782893E+05   3.6068638E+04   2.8748351E+03   8.6143103E+03   1.4329040E+04
    1.0419326E+04   4.9845579E+02   2.1340632E+02   4.7661577E+01   9.4091676E+01   3.3966169E+01   1.0187470E+02   1.6969966E+02
    6.3822832E+01   1.0636656E+02   1.4889594E+02   7.9110202E+01   4.0144493E+00   1.2027312E+01   1.9989108E+01   1.1998433E+01
    1.1633419E+01   3.5288285E+00   2.6400057E+00   7.9192827E+00   1.3196199E+01   8.9044514E+00   7.8468957E+00   1.3069846E+01
    1.8280214E+01   1.1055472E+01   1.5473897E+01   1.9888133E+01   7.1296225E+00   1.5253594E+01   7.6040335E+00   1.2660610E+01
    1.7696409E+01   1.1853547E+01   8.4935566E+00   2.2766656E+00   6.7677671E+00   1.1356061E+01   8.6072088E+00   8.1407792E+00
    8.2339038E+00   1.1515813E+01   1.4784283E+01   3.5177431E+00   5.8597866E+00   8.1972293E+00   4.9523232E+05   6.6420606E+04
    1.9907889E+05   3.3107397E+05   2.9652907E+04   2.6524201E+03   7.9484116E+03   1.3222924E+04   9.4003631E+03   4.9384166E+02
    2.1826336E+02   4.9513714E+01   9.9151056E+01   3.5348016E+01   1.0602074E+02   1.7661165E+02   6.7500963E+01   1.1249681E+02
    1.5747837E+02   8.6989390E+01   4.9688277E+00   1.4887811E+01   2.4747326E+01   1.4155222E+01   1.3695970E+01   4.2420368E+00
    3.2777383E+00   9.8323573E+00   1.6384219E+01   1.0739408E+01   9.4479592E+00   1.5737182E+01   2.2012153E+01   1.3916099E+01
    1.9478082E+01   2.5035104E+01   8.9732596E+00   1.9142653E+01   9.1518886E+00   1.5238678E+01   2.1301942E+01   1.4666975E+01
    1.0366072E+01   2.7721218E+00   8.2450675E+00   1.3829375E+01   1.0715135E+01   9.9536784E+00   1.0190162E+01   1.4252660E+01
    1.8299511E+01   4.4069406E+00   7.3412258E+00   1.0270088E+01   2.4888225E+05   3.7494990E+04   1.1238838E+05   1.8693153E+05
    1.8716977E+04   1.8670515E+03   5.5953283E+03   9.3094608E+03   6.5668925E+03   3.7332988E+02   1.7643812E+02   4.0348469E+01
    8.3444930E+01   2.9109429E+01   8.7310334E+01   1.4544822E+02   5.7243860E+01   9.5402627E+01   1.3355007E+02   7.5213452E+01
    4.7775239E+00   1.4315778E+01   2.3800541E+01   1.3418633E+01   1.2824452E+01   4.0648235E+00   3.2408833E+00   9.7218568E+00
    1.6200280E+01   1.0082178E+01   9.0840327E+00   1.5131586E+01   2.1166321E+01   1.3892220E+01   1.9444947E+01   2.4993042E+01
    8.8326684E+00   1.8801309E+01   8.8256975E+00   1.4696444E+01   2.0545966E+01   1.4312092E+01   9.5786616E+00   2.6441057E+00
    7.8686904E+00   1.3192661E+01   1.0416782E+01   9.7314490E+00   1.0060392E+01   1.4072021E+01   1.8069198E+01   4.5247638E+00
    7.5377434E+00   1.0545515E+01   9.9068958E+04   1.6862716E+04   5.0547689E+04   8.4085943E+04   9.4874351E+03   1.0274750E+03
    3.0794387E+03   5.1241520E+03   3.6835090E+03   2.2351810E+02   1.1495874E+02   2.6943087E+01   5.7336318E+01   1.9560816E+01
    5.8671213E+01   9.7742167E+01   4.0259674E+01   6.7096963E+01   9.3926835E+01   5.2858135E+01   3.6522536E+00   1.0944804E+01
    1.8199262E+01   1.0441477E+01   9.8588859E+00   3.1693102E+00   2.6072498E+00   7.8211550E+00   1.3033150E+01   7.6333846E+00
    7.1773422E+00   1.1956005E+01   1.6725235E+01   1.1346648E+01   1.5882142E+01   2.0414111E+01   6.9105831E+00   1.4962132E+01
    6.9766502E+00   1.1618141E+01   1.6244004E+01   1.1224153E+01   6.9877705E+00   2.0313548E+00   6.0485261E+00   1.0136833E+01
    8.1725549E+00   7.8638975E+00   8.1595851E+00   1.1413955E+01   1.4657408E+01   3.8345494E+00   6.3881299E+00   8.9375995E+00
    3.5240112E+04   6.8150791E+03   2.0430042E+04   3.3989895E+04   4.3277516E+03   4.9543793E+02   1.4849756E+03   2.4712641E+03
    1.8492406E+03   1.1915473E+02   6.6798629E+01   1.6375798E+01   3.5333613E+01   1.1882847E+01   3.5642196E+01   5.9379280E+01
    2.5731442E+01   4.2884256E+01   6.0032663E+01   3.3526331E+01   2.4797416E+00   7.4316802E+00   1.2359581E+01   7.2982491E+00
    6.8688937E+00   2.2158958E+00   1.8709930E+00   5.6125827E+00   9.3528983E+00   5.2402144E+00   5.1185455E+00   8.5267790E+00
    1.1928761E+01   8.3010059E+00   1.1619257E+01   1.4935111E+01   4.8437436E+00   1.0747340E+01   4.9540474E+00   8.2504046E+00
    1.1536448E+01   7.8613898E+00   4.6035361E+00   1.4022958E+00   4.1776667E+00   6.9986858E+00   5.7929755E+00   5.7673213E+00
    5.9602936E+00   8.3379869E+00   1.0708268E+01   2.8911545E+00   4.8166388E+00   6.7392428E+00   1.2529990E+04   2.7329284E+03
    8.1931294E+03   1.3632815E+04   1.9346476E+03   2.3368673E+02   7.0047432E+02   1.1658392E+03   9.0793540E+02   6.2313481E+01
    3.8393056E+01   9.8036815E+00   2.1432277E+01   7.1250539E+00   2.1371631E+01   3.5605817E+01   1.5919819E+01   2.6532182E+01
    3.7142015E+01   2.0990337E+01   1.6591902E+00   4.9728849E+00   8.2716487E+00   4.9695445E+00   4.7087470E+00   1.5171996E+00
    1.3004262E+00   3.9010229E+00   6.5007978E+00   3.5906277E+00   3.5669836E+00   5.9423011E+00   8.3135745E+00   5.8156054E+00
    8.1404484E+00   1.0463733E+01   3.3579706E+00   7.5800985E+00   3.4201419E+00   5.6961730E+00   7.9655946E+00   5.3926946E+00
    3.0652134E+00   9.5620213E-01   2.8501078E+00   4.7729133E+00   4.0844627E+00   4.1277482E+00   4.2183070E+00   5.9014097E+00
    7.5796424E+00   2.1065850E+00   3.5096549E+00   4.9107767E+00   4.6564651E+03   1.1346755E+03   3.4018486E+03   5.6611212E+03
    8.8677224E+02   1.1401979E+02   3.4179425E+02   5.6892483E+02   4.5596574E+02   3.3611372E+01   2.2879120E+01   5.9996982E+00
    1.3329715E+01   4.3876956E+00   1.3161071E+01   2.1927368E+01   9.9552921E+00   1.6591660E+01   2.3226561E+01   1.3528641E+01
    1.1432719E+00   3.4268214E+00   5.7008277E+00   3.4288515E+00   3.2887190E+00   1.0568838E+00   9.1262132E-01   2.7376976E+00
    4.5622388E+00   2.5386548E+00   2.5146190E+00   4.1892850E+00   5.8613067E+00   4.0799790E+00   5.7110603E+00   7.3411276E+00
    2.3804294E+00   5.4343412E+00   2.3923848E+00   3.9846718E+00   5.5726703E+00   3.7920579E+00   2.1347288E+00   6.7056526E-01
    1.9996617E+00   3.3475595E+00   2.9695429E+00   2.9899163E+00   3.0168937E+00   4.2208520E+00   5.4215796E+00   1.5532625E+00
    2.5878680E+00   3.6211413E+00   1.8463687E+03   4.9785007E+02   1.4926645E+03   2.4842656E+03   4.2748137E+02   5.8889171E+01
    1.7654059E+02   2.9388374E+02   2.3971393E+02   1.9034560E+01   1.4307389E+01   3.8237722E+00   8.6549752E+00   2.8260888E+00
    8.4770626E+00   1.4123811E+01   6.5115908E+00   1.0852352E+01   1.5192224E+01   9.1202426E+00   8.2185488E-01   2.4635694E+00
    4.0989244E+00   2.4461109E+00   2.3748420E+00   7.6235180E-01   6.6120474E-01   1.9835025E+00   3.3054409E+00   1.8649682E+00
    1.8266358E+00   3.0432170E+00   4.2580176E+00   2.9640667E+00   4.1490804E+00   5.3334113E+00   1.7500287E+00   4.0218305E+00
    1.7383445E+00   2.8954654E+00   4.0496977E+00   2.7819465E+00   1.5637773E+00   4.9201443E-01   1.4678573E+00   2.4564901E+00
    2.2398466E+00   2.2365718E+00   2.2381639E+00   3.1315046E+00   4.0226235E+00   1.1833337E+00   1.9715853E+00   2.7588962E+00
    7.9084385E+02   2.3431934E+02   7.0257182E+02   1.1694231E+03   2.2029705E+02   3.2469655E+01   9.7344133E+01   1.6206114E+02
    1.3392253E+02   1.1410544E+01   9.4448845E+00   2.5662100E+00   5.9117024E+00   1.9246511E+00   5.7731939E+00   9.6190707E+00
    4.5248256E+00   7.5411835E+00   1.0556969E+01   6.4676781E+00   6.1894052E-01   1.8554295E+00   3.0874811E+00   1.8267954E+00
    1.7907325E+00   5.7506703E-01   5.0124990E-01   1.5036712E+00   2.5058402E+00   1.4300047E+00   1.3873502E+00   2.3114228E+00
    3.2342426E+00   2.2652563E+00   3.1709248E+00   4.0761098E+00   1.3458343E+00   3.1044664E+00   1.3284530E+00   2.2128314E+00
    3.0951647E+00   2.1440956E+00   1.2061871E+00   3.8027741E-01   1.1349698E+00   1.8988221E+00   1.7608455E+00   1.7499464E+00
    1.7442508E+00   2.4405614E+00   3.1352678E+00   9.3977686E-01   1.5658258E+00   2.1911824E+00   3.6669174E+02   1.1890909E+02
    3.5654582E+02   5.9352423E+02   1.2187822E+02   1.9112021E+01   5.7300735E+01   9.5403630E+01   7.9843951E+01   7.2592596E+00
    6.5931889E+00   1.8173682E+00   4.2505241E+00   1.3884418E+00   4.1648181E+00   6.9394140E+00   3.3308104E+00   5.5512195E+00
    7.7712383E+00   4.8285074E+00   4.8831036E-01   1.4639143E+00   2.4362770E+00   1.4335660E+00   1.4142268E+00   4.5468587E-01
    3.9925799E-01   1.1977161E+00   1.9959882E+00   1.1473520E+00   1.1091504E+00   1.8479715E+00   2.5858654E+00   1.8209504E+00
    2.5490076E+00   3.2767050E+00   1.0843363E+00   2.5078250E+00   1.0684929E+00   1.7798855E+00   2.4897552E+00   1.7345297E+00
    9.7763981E-01   3.0930011E-01   9.2348527E-01   1.5445692E+00   1.4466499E+00   1.4354665E+00   1.4282966E+00   1.9985618E+00
    2.5676107E+00   7.7924179E-01   1.2983763E+00   1.8169794E+00   1.8272085E+02   6.4522504E+01   1.9347646E+02   3.2210004E+02
    7.1724630E+01   1.1908982E+01   3.5706588E+01   5.9454737E+01   5.0393251E+01   4.8651600E+00   4.8294409E+00   1.3491129E+00
    3.2066478E+00   1.0513790E+00   3.1537820E+00   5.2549380E+00   2.5677778E+00   4.2795362E+00   5.9910163E+00   3.7643003E+00
    4.0079417E-01   1.2016107E+00   1.9999667E+00   1.1748758E+00   1.1625455E+00   3.7453821E-01   3.3184754E-01   9.9549812E-01
    1.6590057E+00   9.5782099E-01   9.2675905E-01   1.5441252E+00   2.1607747E+00   1.5254218E+00   2.1353403E+00   2.7449801E+00
    9.0892762E-01   2.1057110E+00   8.9617389E-01   1.4928972E+00   2.0884391E+00   1.4597129E+00   8.2520906E-01   2.6213345E-01
    7.8293940E-01   1.3091534E+00   1.2340239E+00   1.2242664E+00   1.2178619E+00   1.7041760E+00   2.1895309E+00   6.7031910E-01
    1.1169121E+00   1.5630824E+00   9.6211131E+01   3.6805516E+01   1.1036859E+02   1.8375760E+02   4.4149914E+01   7.7333997E+00
    2.3187991E+01   3.8612920E+01   3.3133096E+01   3.3831254E+00   3.6541384E+00   1.0341127E+00   2.5001915E+00   8.2151223E-01
    2.4642804E+00   4.1061489E+00   2.0391036E+00   3.3984375E+00   4.7575673E+00   3.0189754E+00   3.3736414E-01   1.0114925E+00
    1.6837079E+00   9.8975398E-01   9.8042814E-01   3.1664135E-01   2.8315687E-01   8.4943554E-01   1.4156015E+00   8.1991243E-01
    7.9502478E-01   1.3246664E+00   1.8537403E+00   1.3103790E+00   1.8343320E+00   2.3580640E+00   7.8095583E-01   1.8112782E+00
    7.7097131E-01   1.2843754E+00   1.7968409E+00   1.2584886E+00   7.1409458E-01   2.2772487E-01   6.8039757E-01   1.1374098E+00
    1.0774100E+00   1.0692670E+00   1.0639975E+00   1.4889262E+00   1.9130811E+00   5.8988729E-01   9.8291273E-01   1.3755946E+00
    5.2057843E+01   2.1478522E+01   6.4409770E+01   1.0724741E+02   2.7685043E+01   5.1008861E+00   1.5295237E+01   2.5471557E+01
    2.2116076E+01   2.3807294E+00   2.7860244E+00   7.9841827E-01   1.9631904E+00   6.4588223E-01   1.9374610E+00   3.2283879E+00
    1.6275293E+00   2.7124983E+00   3.7973173E+00   2.4319244E+00   2.8447285E-01   8.5295233E-01   1.4199452E+00   8.3580697E-01
    8.2841215E-01   2.6821714E-01   2.4199462E-01   7.2595626E-01   1.2098292E+00   7.0273016E-01   6.8294621E-01   1.1379469E+00
    1.5924981E+00   1.1268187E+00   1.5773889E+00   2.0277838E+00   6.7172301E-01   1.5591653E+00   6.6396257E-01   1.1061465E+00
    1.5475854E+00   1.0856574E+00   6.1853429E-01   1.9795998E-01   5.9165485E-01   9.8882690E-01   9.4073146E-01   9.3408564E-01
    9.2984110E-01   1.3012377E+00   1.6720110E+00   5.1887873E-01   8.6460920E-01   1.2100612E+00   2.7621162E+01   1.2250571E+01
    3.6738198E+01   6.1176781E+01   1.6916124E+01   3.2712612E+00   9.8094122E+00   1.6336941E+01   1.4347539E+01   1.6245490E+00
    2.0528876E+00   5.9552752E-01   1.4883234E+00   4.9018975E-01   1.4704398E+00   2.4502355E+00   1.2530245E+00   2.0883385E+00
    2.9235463E+00   1.8889403E+00   2.3084028E-01   6.9217336E-01   1.1523983E+00   6.7932580E-01   6.7367240E-01   2.1864758E-01
    1.9895685E-01   5.9684971E-01   9.9467556E-01   5.7929654E-01   5.6427828E-01   9.4023855E-01   1.3158577E+00   9.3184469E-01
    1.3044631E+00   1.6769484E+00   5.5570063E-01   1.2905870E+00   5.4987931E-01   9.1611730E-01   1.2817885E+00   9.0049615E-01
    5.1517779E-01   1.6543480E-01   4.9459623E-01   8.2642712E-01   7.8944757E-01   7.8427395E-01   7.8101742E-01   1.0930079E+00
    1.4045175E+00   4.3848064E-01   7.3065462E-01   1.0226124E+00   1.3914712E+01   6.5943296E+00   1.9776307E+01   3.2934034E+01
    9.6998309E+00   1.9608712E+00   5.8802067E+00   9.7936934E+00   8.6922391E+00   1.0309137E+00   1.3978200E+00   4.1009403E-01
    1.0402839E+00   3.4296269E-01   1.0288049E+00   1.7143550E+00   8.8821737E-01   1.4803391E+00   2.0723916E+00   1.3499461E+00
    1.7172879E-01   5.1494893E-01   8.5741178E-01   5.0615342E-01   5.0223803E-01   1.6336598E-01   1.4980932E-01   4.4941354E-01
    7.4897141E-01   4.3725558E-01   4.2683254E-01   7.1123107E-01   9.9539259E-01   7.0540692E-01   9.8748661E-01   1.2694738E+00
    4.2085123E-01   9.7781524E-01   4.1682210E-01   6.9446104E-01   9.7170534E-01   6.8355947E-01   3.9258677E-01   1.2645344E-01
    3.7816083E-01   6.3174277E-01   6.0573367E-01   6.0205919E-01   5.9977830E-01   8.3939584E-01   1.0786741E+00   3.3857268E-01
    5.6418394E-01   7.8964186E-01   1.3404739E+01   6.3726814E+00   1.9111615E+01   3.1827213E+01   9.4020145E+00   1.9046857E+00
    5.7117293E+00   9.5131159E+00   8.4476208E+00   1.0041032E+00   1.3660258E+00   4.0098578E-01   1.0178990E+00   3.3560189E-01
    1.0067246E+00   1.6775628E+00   8.6967773E-01   1.4494402E+00   2.0291354E+00   1.3222773E+00   1.6853228E-01   5.0536481E-01
    8.4145734E-01   4.9677420E-01   4.9294433E-01   1.6035972E-01   1.4710791E-01   4.4130964E-01   7.3546604E-01   4.2941485E-01
    4.1922765E-01   6.9855969E-01   9.7765995E-01   6.9285945E-01   9.6992197E-01   1.2468940E+00   4.1337390E-01   9.6045253E-01
    4.0943667E-01   6.8215731E-01   9.5449196E-01   6.7148523E-01   3.8573037E-01   1.2426381E-01   3.7161777E-01   6.2080595E-01
    5.9534295E-01   5.9174411E-01   5.8952250E-01   8.2504399E-01   1.0602334E+00   3.3285932E-01   5.5466385E-01   7.7631828E-01
    3.7227162E+02   3.7672683E+02   4.7918126E+02   6.5384075E+02   9.3326362E+02   1.3744260E+03   2.0668394E+03   3.1471036E+03
    4.8304787E+03   7.4397141E+03   1.1482738E+04   1.7715651E+04   2.7326091E+04   4.2095177E+04   6.4731313E+04   9.9342249E+04
    1.5207171E+05   2.3192197E+05   3.5199112E+05   5.3314431E+05   8.0620657E+05   1.2185191E+06   1.8332230E+06   2.7408031E+06
    4.0916029E+06   6.2276980E+06   1.0128505E+07   1.6888296E+07   2.8440382E+07   4.6337628E+07   7.2473421E+07   1.0930387E+08
    1.5897718E+08   2.2406125E+08   3.0545244E+08   3.9581048E+08   4.6877900E+08   4.7899591E+08   4.0111489E+08   2.7942532E+08
    1.7634672E+08   1.0894025E+08   6.8555858E+07   4.4798411E+07   3.0676875E+07   2.2034457E+07   1.6493965E+07   1.2719954E+07
    9.9311235E+06   7.6268202E+06   5.6041793E+06   5.5053948E+06
 Number of CIV levels:          18
 CIV Oscillator date:        21-SEP-1995
    3.7227162E+02   1.9460482E-04   3.8532758E-04   6.7880505E-11   2.8904315E-09   5.7638854E-09   5.1843303E-12   7.7688992E-12
    8.7093871E-14   7.2515059E-12   1.4485744E-11   6.0892990E-14   9.1305485E-14   1.8242795E-16   1.0594647E-15   2.6808417E-15
    2.6552338E-15   2.5787396E-16   3.7672683E+02   1.9994486E-04   3.9590201E-04   6.9872197E-11   2.9747715E-09   5.9320738E-09
    5.3211112E-12   7.9738718E-12   8.9868560E-14   7.4529955E-12   1.4888247E-11   6.3295008E-14   9.4907179E-14   1.8820163E-16
    1.1021631E-15   2.7842155E-15   2.7620640E-15   2.6516815E-16   4.7918126E+02   3.5555208E-04   7.0404022E-04   1.2387410E-10
    5.2539489E-09   1.0477163E-08   9.1096404E-12   1.3651167E-11   1.6843126E-13   1.2514486E-11   2.4999293E-11   1.4196330E-13
    2.1286600E-13   3.4855990E-16   2.4622013E-15   5.9815815E-15   6.1272379E-15   4.5008193E-16   6.5384075E+02   7.5476877E-04
    1.4946149E-03   2.6337253E-10   1.1095928E-08   2.2127262E-08   1.8761690E-11   2.8115290E-11   3.9345575E-13   2.4429209E-11
    4.8800764E-11   4.0615419E-13   6.0900654E-13   8.0817736E-16   7.0426250E-15   1.6315255E-14   1.7357070E-14   9.1352807E-16
    9.3326362E+02   1.7974991E-03   3.5596562E-03   6.2520955E-10   2.6015630E-08   5.1880653E-08   4.4991719E-11   6.7422607E-11
    1.0934824E-12   5.2398381E-11   1.0467379E-10   1.3567771E-12   2.0344191E-12   2.2724044E-15   2.3523658E-14   5.2110493E-14
    5.7143177E-14   2.1523867E-15   1.3744260E+03   4.6170817E-03   9.1439411E-03   1.6027935E-09   6.5294372E-08   1.3021308E-07
    1.2428117E-10   1.8624339E-10   3.5166516E-12   1.1975346E-10   2.3922760E-10   5.0142242E-12   7.5185941E-12   7.6970194E-15
    8.7182490E-14   1.8570517E-13   2.0769394E-13   5.9264793E-15   2.0668394E+03   1.2444445E-02   2.4647362E-02   4.3389547E-09
    1.7079253E-07   3.4060911E-07   3.8997380E-10   5.8440483E-10   1.2687605E-11   2.8429045E-10   5.6792231E-10   1.9717605E-11
    2.9565697E-11   3.1005578E-14   3.4538348E-13   7.1017101E-13   8.0248994E-13   1.9401667E-14   3.1471036E+03   3.4423449E-02
    6.8183766E-02   1.2186894E-08   4.5472168E-07   9.0686440E-07   1.3527371E-09   2.0271918E-09   4.9544154E-11   6.8606022E-10
    1.3705430E-09   7.9915050E-11   1.1982949E-10   1.4387736E-13   1.4181963E-12   2.8223034E-12   3.1939272E-12   7.5629960E-14
    4.8304787E+03   9.6526095E-02   1.9120789E-01   3.5299732E-08   1.2150763E-06   2.4233177E-06   5.0297989E-09   7.5376409E-09
    2.0364935E-10   1.6610041E-09   3.3182204E-09   3.2773561E-10   4.9142817E-10   7.3983428E-13   5.9346282E-12   1.1449517E-11
    1.2869852E-11   3.4259680E-13   7.4397141E+03   2.7098545E-01   5.3683944E-01   1.0493184E-07   3.2143983E-06   6.4108772E-06
    1.9323205E-08   2.8957938E-08   8.5672710E-10   3.9819757E-09   7.9549521E-09   1.3348732E-09   2.0016025E-09   4.0195591E-12
    2.4884372E-11   4.6600928E-11   5.1668764E-11   1.7105149E-12   1.1482738E+04   7.5795379E-01   1.5016970E+00   3.2079645E-07
    8.3610631E-06   1.6675979E-05   7.4835974E-08   1.1215093E-07   3.6299348E-09   9.3953032E-09   1.8769584E-08   5.3557648E-09
    8.0308375E-09   2.2319606E-11   1.0379800E-10   1.8880039E-10   2.0564973E-10   8.9856339E-12   1.7715651E+04   2.0949572E+00
    4.1510781E+00   1.0048526E-06   2.1210847E-05   4.2305945E-05   2.8562349E-07   4.2804645E-07   1.5194853E-08   2.1638237E-08
    4.3228604E-08   2.0920874E-08   3.1370459E-08   1.2276248E-10   4.2513643E-10   7.4883268E-10   8.0510638E-10   4.7616989E-11
    2.7326091E+04   5.7139743E+00   1.1323403E+01   3.2191541E-06   5.2434156E-05   1.0458591E-04   1.0692230E-06   1.6023981E-06
    6.2228556E-08   4.8554178E-08   9.7002346E-08   7.9474527E-08   1.1917111E-07   6.6201922E-10   1.6981524E-09   2.8585389E-09
    3.1014872E-09   2.4974998E-10   4.2095177E+04   1.5313914E+01   3.0351935E+01   1.0441290E-05   1.2596746E-04   2.5126693E-04
    3.9662715E-06   5.9441610E-06   2.4551940E-07   1.0595791E-07   2.1168805E-07   2.9266081E-07   4.3884370E-07   3.5134498E-09
    6.5174884E-09   1.0186898E-08   1.1667856E-08   1.2844902E-09   6.4731313E+04   4.0186642E+01   7.9662616E+01   3.3905693E-05
    2.9305677E-04   5.8458818E-04   1.4951768E-05   2.2408241E-05   9.1767205E-07   2.2572408E-07   4.5097188E-07   1.0412218E-06
    1.5613176E-06   1.8717353E-08   2.3658433E-08   3.2915862E-08   4.2321146E-08   6.4945982E-09   9.9342249E+04   1.0269362E+02
    2.0361240E+02   1.0930507E-04   6.5881313E-04   1.3142752E-03   5.8598096E-05   8.7822802E-05   3.1747307E-06   4.7413757E-07
    9.4729751E-07   3.5352981E-06   5.3012381E-06   1.0203496E-07   8.0330871E-08   9.6515207E-08   1.4631413E-07   3.2501602E-08
    1.5207171E+05   2.5405388E+02   5.0384170E+02   3.4978021E-04   1.4350579E-03   2.8630244E-03   2.3568304E-04   3.5323408E-04
    9.8859253E-06   1.0021046E-06   2.0022018E-06   1.1246342E-05   1.6864231E-05   5.6143201E-07   2.5412683E-07   2.7517681E-07
    4.8494220E-07   1.6173530E-07   2.3192197E+05   6.0167684E+02   1.1935987E+03   1.1138574E-03   3.0539679E-03   6.0933662E-03
    9.2111396E-04   1.3805750E-03   2.7115602E-05   2.2206584E-06   4.4370224E-06   3.2941331E-05   4.9397061E-05   2.9535302E-06
    7.3650838E-07   8.2010043E-07   1.5638912E-06   7.8574517E-07   3.5199112E+05   1.3354043E+03   2.6499958E+03   3.4868736E-03
    6.3644219E-03   1.2699660E-02   3.2365134E-03   4.8510687E-03   6.6040978E-05   5.4396581E-06   1.0869206E-05   8.6140415E-05
    1.2917309E-04   1.3766208E-05   1.8843378E-06   2.4057529E-06   4.7810297E-06   3.4512643E-06   5.3314431E+05   2.7869817E+03
    5.5323174E+03   1.0657010E-02   1.2614698E-02   2.5173942E-02   9.8104643E-03   1.4704941E-02   1.4677320E-04   1.5046780E-05
    3.0066749E-05   1.9543048E-04   2.9306408E-04   5.4706940E-05   4.2717331E-06   6.5146240E-06   1.3359609E-05   1.2960556E-05
    8.0620657E+05   5.6255902E+03   1.1170828E+04   3.1323519E-02   2.3062558E-02   4.6028219E-02   2.6877630E-02   4.0288283E-02
    3.0068919E-04   4.4906729E-05   8.9736984E-05   3.8212054E-04   5.7302825E-04   1.9174421E-04   9.3098918E-06   1.7099125E-05
    3.3707933E-05   4.3238209E-05   1.2185191E+06   1.1187814E+04   2.2223100E+04   8.7457105E-02   3.9632002E-02   7.9105088E-02
    7.0295389E-02   1.0537279E-01   5.7186274E-04   1.3686630E-04   2.7351016E-04   6.4326719E-04   9.6465569E-04   6.1232004E-04
    2.0889333E-05   4.6955445E-05   7.7979577E-05   1.3556241E-04   1.8332230E+06   2.1985060E+04   4.3682582E+04   2.3330519E-01
    6.7726478E-02   1.3519246E-01   1.7469432E-01   2.6187392E-01   1.0240588E-03   4.1075500E-04   8.2086968E-04   9.6794347E-04
    1.4515615E-03   1.7560103E-03   4.8664089E-05   1.3365389E-04   1.7184675E-04   4.0058975E-04   2.7408031E+06   4.2695002E+04
    8.4849815E+04   5.9731355E-01   1.2590229E-01   2.5133616E-01   4.1089875E-01   6.1596690E-01   1.8086264E-03   1.1857006E-03
    2.3696133E-03   1.4741981E-03   2.2107759E-03   4.5572408E-03   1.1785071E-04   3.7372536E-04   3.9241898E-04   1.1117373E-03
    4.0916029E+06   8.0950892E+04   1.6090550E+05   1.4282876E+00   2.6184840E-01   5.2274918E-01   9.0154941E-01   1.3515105E+00
    3.2652416E-03   3.1616579E-03   6.3186786E-03   2.6322164E-03   3.9474196E-03   1.0770670E-02   2.8921912E-04   9.7577048E-04
    9.6689555E-04   2.8474812E-03   6.2276980E+06   1.4977476E+05   2.9775168E+05   3.1532112E+00   5.7454916E-01   1.1470705E+00
    1.8418531E+00   2.7611586E+00   6.2574477E-03   7.6761243E-03   1.5341269E-02   5.5703733E-03   8.3536920E-03   2.3581166E-02
    7.0252385E-04   2.3567805E-03   2.4694037E-03   6.7312625E-03   1.0128505E+07   2.8030078E+05   5.5730686E+05   6.6126437E+00
    1.2776392E+00   2.5508630E+00   3.6342103E+00   5.4481837E+00   1.3092979E-02   1.7524134E-02   3.5023724E-02   1.2805410E-02
    1.9203910E-02   5.0177679E-02   1.7049165E-03   5.4228336E-03   6.3315052E-03   1.5298002E-02   1.6888296E+07   5.0663249E+05
    1.0073905E+06   1.2582654E+01   2.6281673E+00   5.2473749E+00   6.7122104E+00   1.0062610E+01   2.7225911E-02   3.6107254E-02
    7.2164622E-02   2.7752569E-02   4.1619864E-02   1.0073469E-01   3.8096724E-03   1.1334321E-02   1.4696294E-02   3.2145320E-02
    2.8440382E+07   8.9885455E+05   1.7873971E+06   2.3031287E+01   5.2628810E+00   1.0508011E+01   1.2262828E+01   1.8383929E+01
    5.7463985E-02   7.2765757E-02   1.4543205E-01   5.9415960E-02   8.9104900E-02   2.0351816E-01   8.3208337E-03   2.3220462E-02
    3.2976759E-02   6.7156367E-02   4.6337628E+07   1.5379380E+06   3.0584523E+06   4.1324091E+01   1.0411867E+01   2.0789054E+01
    2.2361573E+01   3.3523788E+01   1.2257461E-01   1.4692316E-01   2.9364800E-01   1.2759784E-01   1.9135638E-01   4.1718049E-01
    1.8100679E-02   4.7499577E-02   7.3019458E-02   1.4164507E-01   7.2473421E+07   2.5557844E+06   5.0831102E+06   7.4374442E+01
    2.0768906E+01   4.1469824E+01   4.1390394E+01   6.2051806E+01   2.6692621E-01   3.0400719E-01   6.0761108E-01   2.8052775E-01
    4.2070439E-01   8.8325066E-01   4.0237182E-02   9.8822768E-02   1.6359678E-01   3.0822024E-01   1.0930387E+08   4.1627248E+06
    8.2801486E+06   1.3591052E+02   4.2250166E+01   8.4365165E+01   7.8674802E+01   1.1794945E+02   5.9969579E-01   6.5143582E-01
    1.3020271E+00   6.4073530E-01   9.6090822E-01   1.9685209E+00   9.2753692E-02   2.1334060E-01   3.7716541E-01   7.0525692E-01
    1.5897718E+08   6.6401127E+06   1.3209991E+07   2.5121952E+02   8.6960102E+01   1.7364982E+02   1.5298871E+02   2.2936446E+02
    1.3831380E+00   1.4337569E+00   2.8657071E+00   1.5154087E+00   2.2726654E+00   4.6228001E+00   2.2040934E-01   4.8271094E-01
    8.9348015E-01   1.7015273E+00   2.2406125E+08   1.0418258E+07   2.0730025E+07   4.7172887E+02   1.8122961E+02   3.6191470E+02
    3.0553353E+02   4.5807140E+02   3.2927845E+00   3.2500632E+00   6.4961693E+00   3.7426519E+00   5.6129096E+00   1.1582325E+01
    5.4283605E-01   1.1665397E+00   2.1939034E+00   4.3866364E+00   3.0545244E+08   1.6059108E+07   3.1960614E+07   9.0425575E+02
    3.8242015E+02   7.6373723E+02   6.2784814E+02   9.4132067E+02   8.1317611E+00   7.6181291E+00   1.5227353E+01   9.7342347E+00
    1.4598685E+01   3.1151790E+01   1.3937712E+00   3.0459346E+00   5.6317814E+00   1.2224822E+01   3.9581048E+08   2.3889741E+07
    4.7555986E+07   1.7584943E+03   8.0672239E+02   1.6112267E+03   1.3103728E+03   1.9646610E+03   2.0640330E+01   1.8334011E+01
    3.6647596E+01   2.6400198E+01   3.9593401E+01   8.7717651E+01   3.7018616E+00   8.4702296E+00   1.5024310E+01   3.6392609E+01
    4.6877900E+08   3.2863803E+07   6.5436511E+07   3.3600654E+03   1.6406504E+03   3.2770302E+03   2.6733070E+03   4.0082256E+03
    5.1833342E+01   4.3866636E+01   8.7687003E+01   7.1046521E+01   1.0655222E+02   2.4038957E+02   9.8054669E+00   2.3728801E+01
    4.0209436E+01   1.0912073E+02   4.7899591E+08   3.9313702E+07   7.8299787E+07   5.9607736E+03   3.0521230E+03   6.0967722E+03
    5.0401335E+03   7.5571234E+03   1.2130120E+02   9.9005992E+01   1.9791375E+02   1.7507808E+02   2.6257640E+02   5.9025047E+02
    2.4439783E+01   6.1982963E+01   1.0180736E+02   3.0135445E+02   4.0111489E+08   3.8696701E+07   7.7091733E+07   9.2273008E+03
    4.9324148E+03   9.8535321E+03   8.2764548E+03   1.2409956E+04   2.4747762E+02   1.9843477E+02   3.9668536E+02   3.6654244E+02
    5.4973392E+02   1.2341436E+03   5.3717882E+01   1.4035299E+02   2.2761422E+02   7.0611441E+02   2.7942532E+08   3.1652216E+07
    6.3074591E+07   1.2309226E+04   6.8748278E+03   1.3734989E+04   1.1693641E+04   1.7534243E+04   4.3101016E+02   3.4575536E+02
    6.9121186E+02   6.4712854E+02   9.7056168E+02   2.2047482E+03   1.0180203E+02   2.7036055E+02   4.3717376E+02   1.3811651E+03
    1.7634672E+08   2.3303170E+07   4.6449073E+07   1.4878467E+04   8.6724668E+03   1.7327740E+04   1.4919668E+04   2.2372129E+04
    6.6919753E+02   5.4167815E+02   1.0829212E+03   1.0176048E+03   1.5262156E+03   3.5177329E+03   1.7236155E+02   4.6227025E+02
    7.4764234E+02   2.3774484E+03   1.0894025E+08   1.6648484E+07   3.3192669E+07   1.7277983E+04   1.0479306E+04   2.0939329E+04
    1.8212880E+04   2.7310965E+04   9.7878277E+02   8.0126972E+02   1.6019420E+03   1.5110094E+03   2.2662500E+03   5.2620288E+03
    2.7481206E+02   7.4318852E+02   1.2031337E+03   3.8361561E+03   6.8555858E+07   1.2007097E+07   2.3944422E+07   1.9956037E+04
    1.2553639E+04   2.5085852E+04   2.2030050E+04   3.3035703E+04   1.3963008E+03   1.1574754E+03   2.3141504E+03   2.1922125E+03
    3.2879634E+03   7.6484820E+03   4.2724365E+02   1.1646328E+03   1.8881750E+03   6.0271578E+03   4.4798411E+07   8.9121389E+06
    1.7776272E+07   2.3284041E+04   1.5150312E+04   3.0276656E+04   2.6837666E+04   4.0245916E+04   1.9797869E+03   1.6627403E+03
    3.3244148E+03   3.1616023E+03   4.7419284E+03   1.1034534E+04   6.5875134E+02   1.8091897E+03   2.9384201E+03   9.3842441E+03
    3.0676875E+07   6.8731572E+06   1.3712013E+07   2.7599104E+04   1.8532658E+04   3.7038155E+04   3.3124207E+04   4.9674210E+04
    2.8135935E+03   2.3933189E+03   4.7852168E+03   4.5673049E+03   6.8503217E+03   1.5943357E+04   1.0141257E+03   2.8043299E+03
    4.5628564E+03   1.4576215E+04   2.2034457E+07   5.5168104E+06   1.1008131E+07   3.3238281E+04   2.2987022E+04   4.5942855E+04
    4.1432713E+04   6.2135057E+04   4.0145426E+03   3.4562926E+03   6.9106853E+03   6.6183520E+03   9.9266752E+03   2.3107868E+04
    1.5602943E+03   4.3416435E+03   7.0764853E+03   2.2611137E+04   1.6493965E+07   4.5830605E+06   9.1465363E+06   4.0474802E+04
    2.8776493E+04   5.7516878E+04   5.2278913E+04   7.8402018E+04   5.7304805E+03   4.9899020E+03   9.9772675E+03   9.5857044E+03
    1.4377414E+04   3.3476908E+04   2.3910384E+03   6.6917092E+03   1.0925223E+04   3.4914842E+04   1.2719954E+07   3.8983568E+06
    7.7813283E+06   4.9377118E+04   3.6031442E+04   7.2021132E+04   6.5945053E+04   9.8898533E+04   8.1175442E+03   7.1442830E+03
    1.4285212E+04   1.3765884E+04   2.0647311E+04   4.8087784E+04   3.6212504E+03   1.0189455E+04   1.6662442E+04   5.3256751E+04
    9.9311235E+06   3.3395038E+06   6.6668606E+06   5.9537708E+04   4.4530073E+04   8.9012591E+04   8.2070333E+04   1.2308365E+05
    1.1274648E+04   1.0023370E+04   2.0042403E+04   1.9369212E+04   2.9051853E+04   6.7676131E+04   5.3584275E+03   1.5154259E+04
    2.4818599E+04   7.9334124E+04   7.6268202E+06   2.8030168E+06   5.5966686E+06   6.9366121E+04   5.3122393E+04   1.0619268E+05
    9.8562471E+04   1.4781961E+05   1.5042174E+04   1.3502098E+04   2.6998830E+04   2.6164927E+04   3.9244954E+04   9.1436241E+04
    7.5963696E+03   2.1587522E+04   3.5405335E+04   1.1318618E+05   5.6041793E+06   2.2346751E+06   4.4624917E+06   7.4735593E+04
    5.8491461E+04   1.1693022E+05   1.0919038E+05   1.6376105E+05   1.8354085E+04   1.6620520E+04   3.3234974E+04   3.2292120E+04
    4.8435418E+04   1.1286358E+05   9.7997460E+03   2.7972379E+04   4.5937414E+04   1.4686859E+05   5.5053948E+06   2.2039213E+06
    4.4011075E+06   7.4781185E+04   5.8591409E+04   1.1713025E+05   1.0940663E+05   1.6408549E+05   1.8475782E+04   1.6738119E+04
    3.3470155E+04   3.2524073E+04   4.8783338E+04   1.1367305E+05   9.8909690E+03   2.8238814E+04   4.6377668E+04   1.4827603E+05
    1.4176329E-01   1.4399970E-01   1.8985146E-01   2.7524400E-01   4.3155762E-01   7.3208648E-01   1.3496245E+00   2.7004980E+00
    5.8106606E+00   1.3145100E+01   3.0537673E+01   7.1154671E+01   1.6433449E+02   3.7333195E+02   8.3056984E+02   1.8094500E+03
    3.8876309E+03   8.3315072E+03   1.7678149E+04   3.5666276E+04   6.7554401E+04   1.2403793E+05   2.2604800E+05   4.1276976E+05
    7.3416291E+05   1.2282941E+06   1.8975031E+06   2.6220348E+06   3.4863725E+06   4.7192231E+06   6.7391048E+06   1.0331287E+07
    1.7036909E+07   3.0398490E+07   5.9179709E+07   1.2533857E+08   2.7828088E+08   6.0400054E+08   1.1850759E+09   2.0377856E+09
    3.1655179E+09   4.6570442E+09   6.6828719E+09   9.4798267E+09   1.3361657E+10   1.8742610E+10   2.6146925E+10   3.6165709E+10
    4.9367100E+10   6.5972608E+10   8.3736342E+10   8.4589951E+10
