 Output format date:         27-JAN-1992         
 Completion of Model:        29-May-2002 02:49:09
 ND:                            52
 HE/He abundance:             2.00000E-01
    2.0800692E+06   2.1048453E+06   2.6742248E+06   3.6425710E+06   5.1864763E+06   7.6133152E+06   1.1402572E+07   1.7282574E+07
    2.6401476E+07   4.0487016E+07   6.2276346E+07   9.5876062E+07   1.4779487E+08   2.2791621E+08   3.5150854E+08   5.4222732E+08
    8.3661521E+08   1.2909673E+09   1.9914506E+09   3.0742385E+09   4.7419843E+09   7.3248835E+09   1.1310608E+10   1.7464290E+10
    2.6974772E+10   4.2076737E+10   6.8508700E+10   1.1204118E+11   1.8460725E+11   2.9705832E+11   4.6385581E+11   7.0560543E+11
    1.0463049E+12   1.5250465E+12   2.2016448E+12   3.1582806E+12   4.5002250E+12   6.3852372E+12   9.0463520E+12   1.2816639E+13
    1.8127239E+13   2.5587681E+13   3.6062711E+13   5.0747850E+13   7.1265103E+13   9.9787395E+13   1.3908331E+14   1.9228361E+14
    2.6240078E+14   3.5060734E+14   4.4496845E+14   4.4950275E+14
 Number of HeI levels:          45
 HeI Oscillator date:        4-OCT-1992 
    2.0892690E-02   8.4942302E-04   1.7414023E-05   7.6667528E-07   5.7150152E-09   1.3939544E-08   2.6459001E-09   1.5273143E-07
    8.5662437E-09   2.6571646E-09   2.6054314E-09   4.6630953E-09   1.6297784E-09   8.7458452E-08   7.9416911E-09   2.5540853E-09
    1.2316396E-08   4.1065539E-09   2.3871472E-09   2.8549111E-09   1.3066027E-09   6.8602306E-08   7.4633730E-09   2.5141044E-09
    2.7811801E-08   9.2754581E-09   3.6269557E-09   2.2466589E-09   1.1589189E-09   5.9503397E-08   7.1664982E-09   2.3886776E-09
    4.5553907E-08   1.5184632E-08   3.5964726E-09   2.0418472E-09   1.0775536E-09   5.4912651E-08   6.9049563E-09   2.3015547E-09
    6.4069062E-08   2.1356351E-08   4.5444434E-09   3.7447485E-08   1.1234246E-07   2.1136990E-02   8.5953587E-04   1.7621295E-05
    7.8487414E-07   5.8490220E-09   1.4271008E-08   2.7086660E-09   1.5635692E-07   8.7706874E-09   2.7201631E-09   2.6670520E-09
    4.7742295E-09   1.6685517E-09   8.9534292E-08   8.1309582E-09   2.6146650E-09   1.2608272E-08   4.2038628E-09   2.4417636E-09
    2.9232301E-09   1.3377123E-09   7.0229534E-08   7.6413320E-09   2.5737556E-09   2.8470872E-08   9.4952635E-09   3.7124600E-09
    2.3009579E-09   1.1865262E-09   6.0912386E-08   7.3375988E-09   2.4457074E-09   4.6633496E-08   1.5544495E-08   3.6812516E-09
    2.0920139E-09   1.1032621E-09   5.6206998E-08   7.0709869E-09   2.3568959E-09   6.5589053E-08   2.1863015E-08   4.6529045E-09
    3.8340157E-08   1.1502047E-07   2.6833884E-02   1.0929583E-03   2.2405401E-05   1.2617272E-06   9.3716704E-09   2.2960596E-08
    4.3532792E-09   2.5136907E-07   1.4144023E-08   4.3715988E-09   4.2793448E-09   7.6892753E-09   2.6849221E-09   1.4393224E-07
    1.3101490E-08   4.2026331E-09   2.0260661E-08   6.7549988E-09   3.8631695E-09   4.7177312E-09   2.1529777E-09   1.1285921E-07
    1.2315475E-08   4.1373179E-09   4.5752012E-08   1.5258654E-08   5.9644225E-09   3.7327950E-09   1.9099782E-09   9.7797400E-08
    1.1833811E-08   3.9443485E-09   7.4946925E-08   2.4982303E-08   5.9142469E-09   3.4236743E-09   1.7774996E-09   9.0025438E-08
    1.1446803E-08   3.8154403E-09   1.0548329E-07   3.5161091E-08   7.4692445E-09   6.1872499E-08   1.8561750E-07   3.6511015E-02
    1.4907925E-03   3.0544064E-05   2.3271665E-06   1.7200445E-08   4.2399255E-08   8.0245899E-09   4.6364827E-07   2.6233975E-08
    8.0623537E-09   7.8733148E-09   1.4221792E-08   4.9581211E-09   2.6545196E-07   2.4265315E-08   7.7518825E-09   3.7363314E-08
    1.2456031E-08   6.9553110E-09   8.7546021E-09   3.9769809E-09   2.0802067E-07   2.2818406E-08   7.6325936E-09   8.4375723E-08
    2.8139896E-08   1.0989422E-08   6.9860141E-09   3.5291123E-09   1.7997979E-07   2.1950859E-08   7.3164821E-09   1.3824278E-07
    4.6080917E-08   1.0896679E-08   6.4980139E-09   3.2890374E-09   1.6500813E-07   2.1365405E-08   7.1215027E-09   1.9477602E-07
    6.4925332E-08   1.3737693E-08   1.1480713E-07   3.4442138E-07   5.1901149E-02   2.1261598E-03   4.3512511E-05   4.6797845E-06
    3.4366620E-08   8.5402647E-08   1.6122143E-08   9.3239255E-07   5.3239585E-08   1.6219112E-08   1.5786366E-08   2.8712228E-08
    9.9849277E-09   5.3372023E-07   4.9131212E-08   1.5596534E-08   7.5165049E-08   2.5054602E-08   1.3533162E-08   1.7763144E-08
    8.0122291E-09   4.1785403E-07   4.6229816E-08   1.5359936E-08   1.6974597E-07   5.6611032E-08   2.2067413E-08   1.4358262E-08
    7.1128976E-09   3.6063476E-07   4.4552416E-08   1.4849855E-08   2.7819702E-07   9.2732319E-08   2.1881193E-08   1.3630512E-08
    6.6433342E-09   3.2855622E-07   4.3774493E-08   1.4590889E-08   3.9254336E-07   1.3084777E-07   2.7499692E-08   2.3279471E-07
    6.9838412E-07   7.5962958E-02   3.1243956E-03   6.3839595E-05   9.9678482E-06   7.2624777E-08   1.8232816E-07   3.4299536E-08
    1.9860254E-06   1.1504438E-07   3.4587132E-08   3.3519031E-08   6.1501313E-08   2.1306265E-08   1.1364899E-06   1.0579091E-07
    3.3262383E-08   1.6030860E-07   5.3422250E-08   2.7605082E-08   3.8333305E-08   1.7105406E-08   8.8846706E-07   9.9638977E-08
    3.2768424E-08   3.6202453E-07   1.2073420E-07   4.6921857E-08   3.1574947E-08   1.5194095E-08   7.6383056E-07   9.6289773E-08
    3.2094549E-08   5.9358822E-07   1.9786270E-07   4.6531726E-08   3.0823850E-08   1.4235728E-08   6.8924965E-07   9.5904438E-08
    3.1966821E-08   8.3919853E-07   2.7973281E-07   5.8187616E-08   5.0130238E-07   1.5039072E-06   1.1311861E-01   4.6741146E-03
    9.5339196E-05   2.1978932E-05   1.5867932E-07   4.0336964E-07   7.5536919E-08   4.3793087E-06   2.5932746E-07   7.6448576E-08
    7.3695092E-08   1.3670994E-07   4.7091950E-08   2.5047923E-06   2.3720690E-07   7.3522096E-08   3.5443324E-07   1.1806378E-07
    5.7625987E-08   8.6152240E-08   3.7830102E-08   1.9537711E-06   2.2374469E-07   7.2465122E-08   8.0037158E-07   2.6690721E-07
    1.0326248E-07   7.2879344E-08   3.3628143E-08   1.6696031E-06   2.1710834E-07   7.2364873E-08   1.3132002E-06   4.3773331E-07
    1.0244370E-07   7.3725191E-08   3.1647758E-08   1.4852924E-06   2.2029758E-07   7.3429501E-08   1.8613123E-06   6.2043737E-07
    1.2715602E-07   1.1211025E-06   3.3633076E-06   1.6956232E-01   7.0405934E-03   1.4343028E-04   4.9188713E-05   3.5162965E-07
    9.0709814E-07   1.6889815E-07   9.8014983E-06   5.9975968E-07   1.7182587E-07   1.6462373E-07   3.0954286E-07   1.0573316E-07
    5.6017064E-06   5.4440097E-07   1.6523668E-07   7.9706882E-07   2.6531148E-07   1.2070520E-07   1.9819646E-07   8.4997686E-08
    4.3545350E-06   5.1465349E-07   1.6297647E-07   1.7996720E-06   6.0007370E-07   2.3064702E-07   1.7379355E-07   7.5629348E-08
    3.6872264E-06   5.0224773E-07   1.6740541E-07   2.9557394E-06   9.8524625E-07   2.2900827E-07   1.8318936E-07   7.1606794E-08
    3.2134764E-06   5.2177778E-07   1.7391882E-07   4.2041299E-06   1.4013765E-06   2.8129003E-07   2.5544466E-06   7.6633399E-06
    2.5376395E-01   1.0586231E-02   2.1571688E-04   1.1023789E-04   7.8032512E-07   2.0472958E-06   3.7854279E-07   2.1968711E-05
    1.4099424E-06   3.8781682E-07   3.6916667E-07   7.0551887E-07   2.3802908E-07   1.2540247E-05   1.2660882E-06   3.7286759E-07
    1.8009650E-06   5.9866808E-07   2.5091334E-07   4.6203081E-07   1.9148954E-07   9.6980251E-06   1.2008056E-06   3.6814286E-07
    4.0650804E-06   1.3550202E-06   5.1594332E-07   4.2405309E-07   1.7060118E-07   8.1002415E-06   1.1806123E-06   3.9351294E-07
    6.6860842E-06   2.2286942E-06   5.1302887E-07   4.6578371E-07   1.6277480E-07   6.8595724E-06   1.2601250E-06   4.2002464E-07
    9.5586021E-06   3.1862003E-06   6.2120185E-07   5.8550782E-06   1.7565235E-05   3.7544897E-01   1.5718887E-02   3.2136975E-04
    2.4356644E-04   1.7097453E-06   4.5705417E-06   8.3809743E-07   4.8547446E-05   3.3324444E-06   8.6651049E-07   8.2007455E-07
    1.5971386E-06   5.2926867E-07   2.7660797E-05   2.9495182E-06   8.3275729E-07   4.0324089E-06   1.3371791E-06   5.1338152E-07
    1.0787093E-06   4.2605289E-07   2.1226201E-05   2.8100582E-06   8.2340220E-07   9.0958760E-06   3.0298174E-06   1.1383134E-06
    1.0440034E-06   3.8022541E-07   1.7380875E-05   2.7867201E-06   9.2884945E-07   1.4991369E-05   4.9971219E-06   1.1344604E-06
    1.1850175E-06   3.6599586E-07   1.4166172E-05   3.0542184E-06   1.0180319E-06   2.1594425E-05   7.1981410E-06   1.3473295E-06
    1.3302884E-05   3.9908651E-05   5.4462814E-01   2.2827355E-02   4.7068797E-04   5.2439104E-04   3.6635459E-06   9.9925359E-06
    1.8145887E-06   1.0455170E-04   7.8673800E-06   1.8980617E-06   1.7886130E-06   3.5606025E-06   1.1500143E-06   5.9404537E-05
    6.8361689E-06   1.8227252E-06   8.8685795E-06   2.9278347E-06   1.0363984E-06   2.5042078E-06   9.2603324E-07   4.5062732E-05
    6.5510456E-06   1.8060419E-06   1.9978952E-05   6.6447214E-06   2.4498204E-06   2.5588101E-06   8.2824228E-07   3.5889831E-05
    6.5492935E-06   2.1829646E-06   3.3025494E-05   1.1008496E-05   2.4490534E-06   2.9484731E-06   8.0404529E-07   2.7884966E-05
    7.3197830E-06   2.4398306E-06   4.8087872E-05   1.6029289E-05   2.8351510E-06   2.9649749E-05   8.8949248E-05   7.6820150E-01
    3.2093974E-02   6.7249201E-04   1.0851766E-03   7.5944556E-06   2.1152383E-05   3.7979559E-06   2.1647277E-04   1.8374117E-05
    4.0312885E-06   3.7840424E-06   7.7400882E-06   2.4120336E-06   1.2249185E-04   1.5617381E-05   3.8662784E-06   1.8978681E-05
    6.2157046E-06   2.0819513E-06   5.7211289E-06   1.9417169E-06   9.1377779E-05   1.5067310E-05   3.8426834E-06   4.2655175E-05
    1.4140895E-05   5.0796833E-06   6.1229840E-06   1.7410228E-06   7.0144536E-05   1.5125346E-05   5.0414777E-06   7.0808824E-05
    2.3602936E-05   5.0936540E-06   6.9766348E-06   1.6997610E-06   5.1619800E-05   1.6995259E-05   5.6648637E-06   1.0455424E-04
    3.4851410E-05   5.7154155E-06   6.4051899E-05   1.9215570E-04   1.0554837E+00   4.3656932E-02   9.3890966E-04   2.1540147E-03
    1.5263112E-05   4.3394589E-05   7.6895784E-06   4.3007377E-04   4.2471628E-05   8.3140198E-06   7.7361811E-06   1.6442157E-05
    4.8831387E-06   2.4192340E-04   3.5218742E-05   7.9575812E-06   3.9669981E-05   1.2814575E-05   4.2621284E-06   1.2856406E-05
    3.9262638E-06   1.7628075E-04   3.4196304E-05   7.9451856E-06   8.8822117E-05   2.9258480E-05   1.0157544E-05   1.4132120E-05
    3.5279291E-06   1.2930300E-04   3.4171552E-05   1.1389839E-05   1.4829571E-04   4.9431892E-05   1.0186217E-05   1.5476329E-05
    3.4456461E-06   9.0126968E-05   3.7874955E-05   1.2624495E-05   2.2238712E-04   7.4129031E-05   1.1056385E-05   1.3418312E-04
    4.0254935E-04   1.4363803E+00   5.8272457E-02   1.3015634E-03   4.1474313E-03   3.0282341E-05   8.7536935E-05   1.5276860E-05
    8.2923050E-04   9.8168613E-05   1.6905492E-05   1.5351706E-05   3.4632224E-05   9.6736890E-06   4.6265626E-04   7.9335730E-05
    1.6132366E-05   8.2458371E-05   2.6052161E-05   9.1579459E-06   2.8658601E-05   7.7602051E-06   3.2673144E-04   7.7315522E-05
    1.6218954E-05   1.8363500E-04   5.9785550E-05   1.9931880E-05   3.1452487E-05   6.9726594E-06   2.2781780E-04   7.5895032E-05
    2.5296861E-05   3.0860001E-04   1.0286665E-04   1.9791966E-05   3.2312529E-05   6.7752806E-06   1.5177301E-04   8.1490548E-05
    2.7162478E-05   4.6903820E-04   1.5634605E-04   2.0898888E-05   2.7659035E-04   8.2977104E-04   2.0011914E+00   7.8666693E-02
    1.8510147E-03   7.9657635E-03   6.1631391E-05   1.7905875E-04   3.0710898E-05   1.5956314E-03   2.3234779E-04   3.4995492E-05
    3.0308646E-05   7.4465843E-05   1.9334708E-05   8.8076059E-04   1.8309617E-04   3.3255553E-05   1.7636957E-04   5.3923614E-05
    2.1140674E-05   6.4725933E-05   1.5465392E-05   5.9830541E-04   1.7806148E-04   3.3791872E-05   3.9017833E-04   1.2458171E-04
    3.9834157E-05   6.8819666E-05   1.3819355E-05   3.9694183E-04   1.6909783E-04   5.6362700E-05   6.5899152E-04   2.1966380E-04
    3.8404293E-05   6.5374838E-05   1.3321315E-05   2.5711344E-04   1.7389489E-04   5.7962789E-05   1.0089177E-03   3.3630586E-04
    3.9931854E-05   5.7915043E-04   1.7374513E-03   2.9255233E+00   1.0979584E-01   2.7730132E-03   1.5570391E-02   1.3222289E-04
    3.7958823E-04   6.3820372E-05   3.1261537E-03   5.7067958E-04   7.5513686E-05   6.1978067E-05   1.6649613E-04   3.9869556E-05
    1.7029072E-03   4.3920421E-04   7.1393121E-05   3.9773798E-04   1.1629936E-04   5.1739146E-05   1.4973895E-04   3.1817540E-05
    1.1068807E-03   4.2270273E-04   7.3676818E-05   8.7322394E-04   2.7092994E-04   8.3061746E-05   1.5018327E-04   2.8013779E-05
    7.0463707E-04   3.8333509E-04   1.2777118E-04   1.4746292E-03   4.9154298E-04   7.6104445E-05   1.3181381E-04   2.6728164E-05
    4.5309356E-04   3.7636228E-04   1.2544950E-04   2.2547810E-03   7.5159358E-04   7.8508012E-05   1.2607910E-03   3.7823729E-03
    4.3764135E+00   1.5416495E-01   4.2745265E-03   3.0071981E-02   2.8848684E-04   8.0979033E-04   1.3304920E-04   6.0571405E-03
    1.4008343E-03   1.6523365E-04   1.3222375E-04   3.7424732E-04   8.2506485E-05   3.2499592E-03   1.0552055E-03   1.5549684E-04
    9.1909859E-04   2.5411971E-04   1.2540452E-04   3.4151655E-04   6.5673860E-05   2.0196365E-03   9.9574525E-04   1.6344019E-04
    1.9991485E-03   5.9761398E-04   1.7294171E-04   3.1797319E-04   5.6593226E-05   1.2507800E-03   8.5670525E-04   2.8555282E-04
    3.3466210E-03   1.1155401E-03   1.5151137E-04   2.6017675E-04   5.3180047E-05   8.1453530E-04   8.0515638E-04   2.6837590E-04
    5.0670038E-03   1.6890011E-03   1.5388720E-04   2.7699946E-03   8.3099838E-03   6.3937031E+00   2.0760929E-01   6.4129705E-03
    5.4555780E-02   6.0012565E-04   1.6496833E-03   2.6400499E-04   1.1046756E-02   3.2418905E-03   3.4839515E-04   2.7206206E-04
    7.9936994E-04   1.6292421E-04   5.8340114E-03   2.3949694E-03   3.2670788E-04   2.0627667E-03   5.3462185E-04   2.8081373E-04
    7.2501938E-04   1.2851578E-04   3.4852590E-03   2.1974944E-03   3.4847220E-04   4.4308474E-03   1.2695960E-03   3.3265820E-04
    6.2366582E-04   1.0972832E-04   2.1357861E-03   1.7976664E-03   5.9919054E-04   7.2813982E-03   2.4271323E-03   2.9618174E-04
    4.8403606E-04   1.0064119E-04   1.4299673E-03   1.6275074E-03   5.4248383E-04   1.0846662E-02   3.6155536E-03   2.8841232E-04
    5.8232595E-03   1.7469779E-02   9.5074673E+00   2.7981281E-01   9.6274339E-03   9.6792162E-02   1.2008561E-03   3.3266814E-03
    5.1731205E-04   1.9758734E-02   7.3212048E-03   7.3260666E-04   5.2140527E-04   1.6774378E-03   3.1864654E-04   1.0281127E-02
    5.3066498E-03   6.8490752E-04   4.6447928E-03   1.1240623E-03   6.0453907E-04   1.4837836E-03   2.4605759E-04   5.9799455E-03
    4.7058632E-03   7.3519968E-04   9.8076656E-03   2.6934875E-03   6.1212602E-04   1.1878509E-03   2.1648330E-04   3.6888916E-03
    3.6953014E-03   1.2317047E-03   1.5701508E-02   5.2338349E-03   6.0442338E-04   8.9433419E-04   1.9124066E-04   2.5638785E-03
    3.2576512E-03   1.0858479E-03   2.2956935E-02   7.6523109E-03   5.4556792E-04   1.2159229E-02   3.6477687E-02   1.5454241E+01
    4.0650542E-01   1.5682510E-02   1.8091301E-01   2.3754734E-03   7.1145994E-03   1.0788042E-03   3.7327046E-02   1.7313099E-02
    1.6369269E-03   1.0364530E-03   3.7016104E-03   6.6548804E-04   1.9205761E-02   1.2295858E-02   1.5362019E-03   1.1178717E-02
    2.5343029E-03   1.3841548E-03   3.1479618E-03   5.0166728E-04   1.1063285E-02   1.0508270E-02   1.6563545E-03   2.3102790E-02
    6.1159193E-03   1.2214629E-03   2.3844201E-03   4.6883665E-04   6.9700993E-03   8.0305118E-03   2.6767072E-03   3.5928035E-02
    1.1976010E-02   1.3572797E-03   1.7858584E-03   4.0336725E-04   5.0686834E-03   7.0058239E-03   2.3352007E-03   5.1661258E-02
    1.7220418E-02   1.1562052E-03   2.7092028E-02   8.1276085E-02   2.6620780E+01   6.2012574E-01   2.7603594E-02   3.4678998E-01
    4.6728067E-03   1.5612106E-02   2.3407178E-03   7.2423656E-02   4.1457991E-02   3.7791994E-03   2.3635026E-03   8.3140848E-03
    1.4541657E-03   3.7101118E-02   2.8861767E-02   3.6156331E-03   2.7624427E-02   5.9523169E-03   3.3420219E-03   6.7598595E-03
    1.0970400E-03   2.1541861E-02   2.3785817E-02   3.9522726E-03   5.5773996E-02   1.4420429E-02   2.7718463E-03   4.9431076E-03
    1.0598582E-03   1.4011460E-02   1.7972819E-02   5.9906613E-03   8.4547717E-02   2.8182568E-02   3.1186670E-03   3.7748346E-03
    9.3394684E-04   1.0745078E-02   1.5814753E-02   5.2714247E-03   1.2024657E-01   4.0082187E-02   2.7170857E-03   6.2646865E-02
    1.8794060E-01   4.5131859E+01   9.2620364E-01   4.8824986E-02   6.3647386E-01   9.2151080E-03   3.2664345E-02   4.9223525E-03
    1.3466569E-01   9.3351495E-02   8.4911580E-03   5.7427358E-03   1.7687445E-02   3.0978396E-03   6.9323585E-02   6.3899184E-02
    8.3791510E-03   6.4726774E-02   1.3572215E-02   7.8152503E-03   1.3772602E-02   2.4197880E-03   4.1136124E-02   5.0957281E-02
    9.3355355E-03   1.2785778E-01   3.2889842E-02   6.5240697E-03   9.9266230E-03   2.3029542E-03   2.7852885E-02   3.8710898E-02
    1.2903061E-02   1.9048212E-01   6.3494030E-02   6.7866550E-03   7.8592626E-03   2.1271674E-03   2.2569504E-02   3.4724773E-02
    1.1574590E-02   2.6956619E-01   8.9855389E-02   6.2710520E-03   1.4005978E-01   4.2017934E-01   7.4471829E+01   1.3418594E+00
    8.4069120E-02   1.1094936E+00   1.8686805E-02   6.4287572E-02   9.8267135E-03   2.3857986E-01   1.9447421E-01   1.8394947E-02
    1.3229527E-02   3.5241260E-02   6.2887228E-03   1.2414000E-01   1.3158203E-01   1.8674020E-02   1.4068165E-01   2.9469748E-02
    1.6945087E-02   2.6411442E-02   5.1176798E-03   7.5910596E-02   1.0220919E-01   2.0915402E-02   2.7326872E-01   7.1172932E-02
    1.4410080E-02   1.9145667E-02   4.7806302E-03   5.3842732E-02   7.9313928E-02   2.6436852E-02   4.0404759E-01   1.3468251E-01
    1.4103344E-02   1.5776201E-02   4.5188794E-03   4.5726131E-02   7.2404197E-02   2.4134064E-02   5.7082747E-01   1.9027581E-01
    1.3399488E-02   2.9650076E-01   8.8950227E-01   1.2622553E+02   1.9924776E+00   1.4704699E-01   1.9492164E+00   4.0238706E-02
    1.2572507E-01   1.9547594E-02   4.2873317E-01   3.9574237E-01   4.0314509E-02   2.8978978E-02   6.9652197E-02   1.2737643E-02
    2.2529349E-01   2.6609973E-01   4.1539486E-02   2.9836154E-01   6.3837873E-02   3.5393973E-02   5.0594389E-02   1.0608695E-02
    1.4261212E-01   2.0370450E-01   4.5772561E-02   5.7461907E-01   1.5321329E-01   3.0382028E-02   3.7517621E-02   1.0070069E-02
    1.0638478E-01   1.6327508E-01   5.4422790E-02   8.5098563E-01   2.8366184E-01   2.9871812E-02   3.2070296E-02   9.5344947E-03
    9.3671817E-02   1.5104965E-01   5.0348533E-02   1.2022263E+00   4.0074206E-01   2.8330481E-02   6.2450642E-01   1.8735193E+00
    2.2963376E+02   3.1805602E+00   2.7311119E-01   3.6236295E+00   9.3321005E-02   2.5597872E-01   4.0563977E-02   8.1978177E-01
    8.3030888E-01   9.2770137E-02   6.3083324E-02   1.4337410E-01   2.6869278E-02   4.3414230E-01   5.5507875E-01   9.5463653E-02
    6.5012305E-01   1.4375669E-01   7.4977153E-02   1.0192528E-01   2.2527410E-02   2.8550497E-01   4.2557094E-01   1.0223001E-01
    1.2506994E+00   3.4252554E-01   6.4817469E-02   7.8141120E-02   2.2309791E-02   2.2374537E-01   3.5305125E-01   1.1767904E-01
    1.8661391E+00   6.2204629E-01   6.6586373E-02   6.8920661E-02   2.1159047E-02   2.0250703E-01   3.3038389E-01   1.1012509E-01
    2.6398254E+00   8.7994175E-01   6.2972055E-02   1.3710350E+00   4.1131051E+00   4.6399357E+02   5.6653031E+00   5.6179343E-01
    7.3880593E+00   2.4370566E-01   5.6428204E-01   9.1824581E-02   1.7245880E+00   1.8930044E+00   2.3344362E-01   1.4668674E-01
    3.1979384E-01   6.1646715E-02   9.2204250E-01   1.2503154E+00   2.3620338E-01   1.5306541E+00   3.5095740E-01   1.7076460E-01
    2.2522979E-01   5.1840190E-02   6.3242775E-01   9.7375166E-01   2.4556900E-01   2.9484868E+00   8.2881452E-01   1.4966108E-01
    1.7917715E-01   5.3486689E-02   5.1770327E-01   8.3205539E-01   2.7734098E-01   4.4392086E+00   1.4797360E+00   1.6021326E-01
    1.6213925E-01   5.1145465E-02   4.7853532E-01   7.8663056E-01   2.6220352E-01   6.2917113E+00   2.0972369E+00   1.5246124E-01
    3.2668305E+00   9.8004916E+00   1.1475504E+03   1.2414184E+01   1.4255077E+00   1.8217762E+01   8.2124806E-01   1.4954534E+00
    2.5405352E-01   4.4028590E+00   5.2744371E+00   7.2302910E-01   4.2145037E-01   8.5710897E-01   1.7239375E-01   2.3892623E+00
    3.4043468E+00   7.0695075E-01   4.3660103E+00   1.0418203E+00   4.7334649E-01   6.0635611E-01   1.4634385E-01   1.7164721E+00
    2.7130639E+00   7.1594514E-01   8.4015303E+00   2.4252051E+00   4.2515382E-01   5.0076373E-01   1.5432917E-01   1.4584379E+00
    2.3741492E+00   7.9135283E-01   1.2751375E+01   4.2504578E+00   4.6270155E-01   4.6247218E-01   1.4892451E-01   1.3694773E+00
    2.2625005E+00   7.5414807E-01   1.8099686E+01   6.0332281E+00   4.4446558E-01   9.3953426E+00   2.8186028E+01   3.1802031E+03
    3.0966415E+01   4.1025880E+00   4.9842031E+01   3.1819901E+00   4.3860616E+00   7.9024895E-01   1.2542935E+01   1.6458498E+01
    2.5065747E+00   1.3916258E+00   2.5365926E+00   5.4069174E-01   6.9503700E+00   1.0329098E+01   2.3399095E+00   1.3787523E+01
    3.4321416E+00   1.4793830E+00   1.8253095E+00   4.6744860E-01   5.2174638E+00   8.4037888E+00   2.3239806E+00   2.6425275E+01
    7.8282658E+00   1.3683902E+00   1.5556132E+00   4.9037465E-01   4.5573285E+00   7.4796878E+00   2.4931353E+00   4.0325822E+01
    1.3441939E+01   1.4688630E+00   1.4554946E+00   4.7462879E-01   4.3189378E+00   7.1563822E+00   2.3854021E+00   5.7257374E+01
    1.9085790E+01   1.4171514E+00   2.9712577E+01   8.9137731E+01   9.0711538E+03   8.0513072E+01   1.2408230E+01   1.3978072E+02
    1.2990595E+01   1.3334085E+01   2.5980450E+00   3.7203309E+01   5.3223896E+01   9.1357070E+00   4.9578278E+00   7.7861593E+00
    1.7893378E+00   2.1207355E+01   3.2690061E+01   8.0728978E+00   4.4816190E+01   1.1779517E+01   4.9209303E+00   5.7430839E+00
    1.5741153E+00   1.6554589E+01   2.7002645E+01   7.8554566E+00   8.5712895E+01   2.6125517E+01   4.6351140E+00   5.0157992E+00
    1.6086784E+00   1.4753726E+01   2.4341162E+01   8.1134182E+00   1.3144591E+02   4.3815297E+01   4.8098790E+00   4.7281122E+00
    1.5531568E+00   1.4046459E+01   2.3314594E+01   7.7713425E+00   1.8655367E+02   6.2184553E+01   4.6372118E+00   9.6780122E+01
    2.9034037E+02   2.3288120E+04   1.9279277E+02   3.4238446E+01   3.5455975E+02   4.5431163E+01   3.7033934E+01   7.8381485E+00
    1.0117622E+02   1.5408429E+02   3.0021708E+01   1.6308563E+01   2.1880084E+01   5.4546433E+00   5.9608458E+01   9.4467850E+01
    2.5342520E+01   1.3074706E+02   3.6704988E+01   1.5229850E+01   1.6548153E+01   4.8295563E+00   4.7978168E+01   7.8822514E+01
    2.4035321E+01   2.5130634E+02   7.8825902E+01   1.4262644E+01   1.4702961E+01   4.7730662E+00   4.3356449E+01   7.1748116E+01
    2.3915158E+01   3.8758347E+02   1.2919447E+02   1.4244564E+01   1.3913804E+01   4.5891594E+00   4.1361751E+01   6.8716458E+01
    2.2904936E+01   5.4984027E+02   1.8328008E+02   1.3699246E+01   2.8521727E+02   8.5565181E+02   5.2125925E+04   4.1459927E+02
    8.1953683E+01   7.9218321E+02   1.2668748E+02   9.0701844E+01   2.0554288E+01   2.4291481E+02   3.8176234E+02   8.3679019E+01
    4.6252747E+01   5.4324764E+01   1.4563680E+01   1.4849555E+02   2.3977079E+02   6.9004892E+01   3.3171733E+02   9.8994644E+01
    4.1379239E+01   4.2031154E+01   1.2870614E+01   1.2232803E+02   2.0174139E+02   6.3795289E+01   6.4428130E+02   2.0687534E+02
    3.8053109E+01   3.7797613E+01   1.2367224E+01   1.1163527E+02   1.8505437E+02   6.1682557E+01   9.9954137E+02   3.3318042E+02
    3.6857499E+01   3.5855943E+01   1.1853419E+01   1.0663146E+02   1.7724087E+02   5.9078897E+01   1.4181283E+03   4.7270941E+02
    3.5380028E+01   7.3577030E+02   2.2073109E+03   1.0206434E+05   8.0193813E+02   1.6943408E+02   1.5646965E+03   2.8977841E+02
    1.9469319E+02   4.6599819E+01   5.1281930E+02   8.1543959E+02   1.9742826E+02   1.1145292E+02   1.1875433E+02   3.3689721E+01
    3.2661481E+02   5.3283116E+02   1.6159209E+02   7.3698055E+02   2.2951231E+02   9.6839310E+01   9.3928623E+01   2.9651105E+01
    2.7411076E+02   4.5300455E+02   1.4659600E+02   1.4476562E+03   4.7203382E+02   8.7708993E+01   8.5235147E+01   2.8017827E+01
    2.5202032E+02   4.1816724E+02   1.3938415E+02   2.2582519E+03   7.5275054E+02   8.3440822E+01   8.1028701E+01   2.6822446E+01
    2.4104914E+02   4.0078204E+02   1.3359093E+02   3.2064910E+03   1.0688303E+03   8.0060136E+01   1.6644820E+03   4.9934459E+03
    1.7362389E+05   1.3762957E+03   3.0179650E+02   2.7119103E+03   5.5811394E+02   3.6182423E+02   9.0926461E+01   9.4536505E+02
    1.5108104E+03   3.9562135E+02   2.2728480E+02   2.2658587E+02   6.6930184E+01   6.2819428E+02   1.0298976E+03   3.2326775E+02
    1.4271705E+03   4.5572116E+02   1.9353749E+02   1.8316730E+02   5.8804813E+01   5.3565844E+02   8.8632767E+02   2.9048387E+02
    2.8333887E+03   9.3201834E+02   1.7401419E+02   1.6744011E+02   5.5178770E+01   4.9551249E+02   8.2264108E+02   2.7420427E+02
    4.4420401E+03   1.4806799E+03   1.6429637E+02   1.5952722E+02   5.2848619E+01   4.7472502E+02   7.8944669E+02   2.6314299E+02
    6.3156779E+03   2.1052258E+03   1.5775983E+02   3.2809150E+03   9.8427450E+03   2.5590719E+05   2.0808261E+03   4.6663258E+02
    4.1244266E+03   9.2145388E+02   5.8445277E+02   1.5364027E+02   1.5283745E+03   2.4524298E+03   6.8222233E+02   3.9687742E+02
    3.7861938E+02   1.1504282E+02   1.0590247E+03   1.7406902E+03   5.5804204E+02   2.4185238E+03   7.8342879E+02   3.3391800E+02
    3.1259959E+02   1.0129175E+02   9.1580364E+02   1.5165491E+03   5.0039547E+02   4.8492677E+03   1.6029507E+03   2.9987971E+02
    2.8758720E+02   9.4909327E+01   8.5172230E+02   1.4145222E+03   4.7149174E+02   7.6376294E+03   2.5458762E+03   2.8261890E+02
    2.7462659E+02   9.1024739E+01   8.1751484E+02   1.3596692E+03   4.5321324E+02   1.0877115E+04   3.6257047E+03   2.7176363E+02
    5.6556408E+03   1.6966922E+04   3.2166252E+05   2.7279708E+03   6.2278314E+02   5.4405263E+03   1.2997688E+03   8.1742987E+02
    2.2351816E+02   2.1518790E+03   3.4675139E+03   1.0098964E+03   5.9234881E+02   5.4983491E+02   1.7043052E+02   1.5516282E+03
    2.5546966E+03   8.2947848E+02   3.5578979E+03   1.1624074E+03   4.9633751E+02   4.6301802E+02   1.5085469E+02   1.3586595E+03
    2.2512386E+03   7.4556700E+02   7.1999030E+03   2.3866515E+03   4.4686471E+02   4.2843064E+02   1.4152442E+02   1.2697659E+03
    2.1093616E+03   7.0309811E+02   1.1389165E+04   3.7963879E+03   4.2152607E+02   4.1009060E+02   1.3597512E+02   1.2211972E+03
    2.0312890E+03   6.7708220E+02   1.6249575E+04   5.4165248E+03   4.0604558E+02   8.4576353E+03   2.5372906E+04   3.3695260E+05
    3.0444184E+03   7.0868895E+02   6.1244790E+03   1.5490340E+03   9.7929958E+02   2.7651400E+02   2.6022881E+03   4.2109798E+03
    1.2684537E+03   7.4787382E+02   6.8360492E+02   2.1496457E+02   1.9450161E+03   3.2066412E+03   1.0492410E+03   4.4737358E+03
    1.4694405E+03   6.2798374E+02   5.8598305E+02   1.9160141E+02   1.7220631E+03   2.8547432E+03   9.4747490E+02   9.1313909E+03
    3.0319871E+03   5.6792891E+02   5.4509906E+02   1.8019551E+02   1.6166857E+03   2.6862699E+03   8.9539603E+02   1.4504046E+04
    4.8346815E+03   5.3687340E+02   5.2301971E+02   1.7347545E+02   1.5580597E+03   2.5918830E+03   8.6394376E+02   2.0733862E+04
    6.9112869E+03   5.1813850E+02   1.0803309E+04   3.2409926E+04   2.9264555E+05   2.9032648E+03   6.9236594E+02   5.9172867E+03
    1.5735956E+03   1.0101344E+03   2.9268562E+02   2.7123040E+03   4.4056335E+03   1.3601240E+03   8.0473135E+02   7.2952397E+02
    2.3188109E+02   2.0902931E+03   3.4498195E+03   1.1345298E+03   4.8188648E+03   1.5885369E+03   6.7921386E+02   6.3501640E+02
    2.0817322E+02   1.8687874E+03   3.0992325E+03   1.0300332E+03   9.9144915E+03   3.2956041E+03   6.1746722E+02   5.9363976E+02
    1.9636426E+02   1.7618734E+03   2.9280997E+03   9.7600508E+02   1.5809826E+04   5.2699416E+03   5.8525082E+02   5.7096611E+02
    1.8943502E+02   1.7015328E+03   2.8308445E+03   9.4359693E+02   2.2645318E+04   7.5484389E+03   5.6593365E+02   1.1812332E+04
    3.5436997E+04   2.1504146E+05   2.4448664E+03   6.0020418E+02   5.0758168E+03   1.4113462E+03   9.2424940E+02   2.7388501E+02
    2.5082481E+03   4.0869422E+03   1.2866502E+03   7.6346402E+02   6.8811637E+02   2.2057680E+02   1.9829066E+03   3.2753555E+03
    1.0813079E+03   4.5789374E+03   1.5138604E+03   6.4750897E+02   6.0684222E+02   1.9934968E+02   1.7882516E+03   2.9667413E+03
    9.8697656E+02   9.4913471E+03   3.1575609E+03   5.9169770E+02   5.6995278E+02   1.8863465E+02   1.6927286E+03   2.8137179E+03
    9.3788048E+02   1.5192362E+04   5.0641202E+03   5.6241915E+02   5.4949338E+02   1.8236251E+02   1.6381621E+03   2.7256881E+03
    9.0854637E+02   2.1804101E+04   7.2680332E+03   5.4492883E+02   1.1385893E+04   3.4157680E+04   1.3861838E+05   1.9027537E+03
    4.8185897E+02   4.0423481E+03   1.1674091E+03   7.8086431E+02   2.3626313E+02   2.1405891E+03   3.4963573E+03   1.1198584E+03
    6.6630804E+02   5.9722725E+02   1.9275844E+02   1.7287487E+03   2.8574876E+03   9.4641057E+02   3.9969689E+03   1.3249245E+03
    5.6684452E+02   5.3259168E+02   1.7525023E+02   1.5714391E+03   2.6079107E+03   8.6821885E+02   8.3437536E+03   2.7776532E+03
    5.2051337E+02   5.0243762E+02   1.6637331E+02   1.4932097E+03   2.4825171E+03   8.2748462E+02   1.3404235E+04   4.4680781E+03
    4.9623189E+02   4.8553654E+02   1.6118008E+02   1.4480279E+03   2.4095629E+03   8.0317401E+02   1.9275296E+04   6.4250984E+03
    4.8174037E+02   1.0075561E+04   3.0226684E+04   8.2721249E+04   1.4411635E+03   3.7590606E+02   3.1400465E+03   9.3431402E+02
    6.3833542E+02   1.9674412E+02   1.7652427E+03   2.8885817E+03   9.3913880E+02   5.6009613E+02   4.9982102E+02   1.6218930E+02
    1.4519507E+03   2.4013832E+03   7.9736028E+02   3.3601339E+03   1.1162431E+03   4.7764539E+02   4.5003879E+02   1.4828212E+02
    1.3294575E+03   2.2070073E+03   7.3509633E+02   7.0613074E+03   2.3519277E+03   4.4070039E+02   4.2633925E+02   1.4123948E+02
    1.2678627E+03   2.1082277E+03   7.0272582E+02   1.1383416E+04   3.7944716E+03   4.2142297E+02   4.1292074E+02   1.3710818E+02
    1.2318902E+03   2.0500864E+03   6.8335119E+02   1.6399710E+04   5.4665699E+03   4.0987951E+02   8.5798068E+03   2.5739420E+04
    4.8598531E+04   1.1127934E+03   2.9776331E+02   2.4859808E+03   7.5580516E+02   5.2743887E+02   1.6494713E+02   1.4690734E+03
    2.4074123E+03   7.9157461E+02   4.7286926E+02   4.2141903E+02   1.3729280E+02   1.2276992E+03   2.0316003E+03   6.7574323E+02
    2.8432432E+03   9.4598205E+02   4.0484374E+02   3.8262640E+02   1.2620785E+02   1.1315768E+03   1.8790458E+03   6.2605150E+02
    6.0121059E+03   2.0031632E+03   3.7532922E+02   3.6388456E+02   1.2060075E+02   1.0827777E+03   1.8007467E+03   6.0023554E+02
    9.7232541E+03   3.2410845E+03   3.5996882E+02   3.5315706E+02   1.1728934E+02   1.0539141E+03   1.7540368E+03   5.8467002E+02
    1.4031496E+04   4.6771653E+03   3.5069550E+02   7.3453012E+03   2.2035904E+04   2.9161223E+04   8.9412133E+02   2.4441722E+02
    2.0443509E+03   6.3107438E+02   4.4976155E+02   1.4210374E+02   1.2602304E+03   2.0677531E+03   6.8470568E+02   4.0942069E+02
    3.6571926E+02   1.1948448E+02   1.0679621E+03   1.7681722E+03   5.8872310E+02   2.4747983E+03   8.2415393E+02   3.5274847E+02
    3.3450280E+02   1.1043874E+02   9.9027517E+02   1.6448393E+03   5.4813375E+02   5.2628175E+03   1.7538787E+03   3.2863028E+02
    3.1925211E+02   1.0585056E+02   9.5048508E+02   1.5809576E+03   5.2697487E+02   8.5365327E+03   2.8455107E+03   3.1604458E+02
    3.1040855E+02   1.0311025E+02   9.2657105E+02   1.5421911E+03   5.1405620E+02   1.2336858E+04   4.1122857E+03   3.0834398E+02
    6.4598443E+03   1.9379533E+04   1.8172384E+04   7.5119736E+02   2.0907412E+02   1.7539312E+03   5.4736132E+02   3.9835836E+02
    1.2672298E+02   1.1220311E+03   1.8431061E+03   6.1252481E+02   3.6644315E+02   3.2902211E+02   1.0771846E+02   9.6278059E+02
    1.5947942E+03   5.3129430E+02   2.2322311E+03   7.4374606E+02   3.1837268E+02   3.0293388E+02   1.0009765E+02   8.9766873E+02
    1.4913817E+03   4.9706070E+02   4.7718645E+03   1.5904510E+03   2.9802692E+02   2.9006562E+02   9.6208218E+01   8.6401096E+02
    1.4373040E+03   4.7909195E+02   7.7608865E+03   2.5869620E+03   2.8733812E+02   2.8247625E+02   9.3844175E+01   8.4334325E+02
    1.4037200E+03   4.6790002E+02   1.1229165E+04   3.7430550E+03   2.8066068E+02   5.8785250E+03   1.7635575E+04   1.1894785E+04
    6.6097180E+02   1.8684451E+02   1.5728317E+03   4.9499021E+02   3.6765531E+02   1.1750953E+02   1.0404419E+03   1.7109027E+03
    5.6950196E+02   3.4080093E+02   3.0801155E+02   1.0100257E+02   9.0297329E+02   1.4963966E+03   4.9865602E+02   2.0945564E+03
    6.9804495E+02   2.9884433E+02   2.8530911E+02   9.4339742E+01   8.4618100E+02   1.4061527E+03   4.6868896E+02   4.4992026E+03
    1.4996614E+03   2.8103139E+02   2.7400038E+02   9.0908025E+01   8.1650554E+02   1.3584230E+03   4.5279929E+02   7.3349818E+03
    2.4449938E+03   2.7157674E+02   2.6717473E+02   8.8767034E+01   7.9773076E+02   1.3278130E+03   4.4259807E+02   1.0621944E+04
    3.5406477E+03   2.6548437E+02   5.5556832E+03   1.6667049E+04   8.2364742E+03   6.0915354E+02   1.7458249E+02   1.4748893E+03
    4.6732030E+02   3.5398966E+02   1.1355968E+02   1.0061173E+03   1.6560995E+03   5.5166281E+02   3.3019386E+02   3.0047401E+02
    9.8663264E+01   8.8237572E+02   1.4628717E+03   4.8755265E+02   2.0476653E+03   6.8249667E+02   2.9221624E+02   2.7988237E+02
    9.2601243E+01   8.3075151E+02   1.3807925E+03   4.6025252E+02   4.4180925E+03   1.4726673E+03   2.7598603E+02   2.6950747E+02
    8.9440503E+01   8.0340436E+02   1.3367420E+03   4.4557280E+02   7.2179330E+03   2.4059775E+03   2.6724788E+02   2.6303897E+02
    8.7392277E+01   7.8535955E+02   1.3071856E+03   4.3572220E+02   1.0456919E+04   3.4856395E+03   2.6135829E+02   5.4592779E+03
    1.6377834E+04   6.0338911E+03   5.8573236E+02   1.6992479E+02   1.4411024E+03   4.5901149E+02   3.5445923E+02   1.1406616E+02
    1.0115119E+03   1.6665199E+03   5.5532633E+02   3.3244791E+02   3.0455807E+02   1.0012147E+02   8.9577912E+02   1.4856685E+03
    4.9518223E+02   2.0796037E+03   6.9317757E+02   2.9681302E+02   2.8515333E+02   9.4395320E+01   8.4701615E+02   1.4080845E+03
    4.6935694E+02   4.5054488E+03   1.5018040E+03   2.8145700E+02   2.7523479E+02   9.1359774E+01   8.2070713E+02   1.3656163E+03
    4.5519768E+02   7.3738603E+03   2.4579533E+03   2.7302432E+02   2.6876169E+02   8.9283485E+01   8.0229568E+02   1.3352697E+03
    4.4508302E+02   1.0681543E+04   3.5605141E+03   2.6696828E+02   5.5585368E+03   1.6675610E+04   4.6335946E+03   5.8165042E+02
    1.7059235E+02   1.4526345E+03   4.6459878E+02   3.6557375E+02   1.1796879E+02   1.0471617E+03   1.7267509E+03   5.7548479E+02
    3.4457469E+02   3.1770565E+02   1.0455395E+02   9.3582292E+02   1.5526432E+03   5.1751939E+02   2.1733794E+03   7.2444998E+02
    3.1022493E+02   2.9889049E+02   9.8989620E+01   8.8840999E+02   1.4771410E+03   4.9237850E+02   4.7264372E+03   1.5754739E+03
    2.9527284E+02   2.8908820E+02   9.5971680E+01   8.6217762E+02   1.4346691E+03   4.7821505E+02   7.7467305E+03   2.5822434E+03
    2.8683175E+02   2.8227176E+02   9.3747540E+01   8.4228510E+02   1.4016142E+03   4.6719672E+02   1.1212196E+04   3.7373986E+03
    2.8022278E+02   5.8039838E+03   1.7411951E+04   3.6690768E+03   5.8698853E+02   1.7388843E+02   1.4867056E+03   4.7715041E+02
    3.8228605E+02   1.2367396E+02   1.0989114E+03   1.8135625E+03   6.0445606E+02   3.6197912E+02   3.3580209E+02   1.1061679E+02
    9.9048687E+02   1.6438920E+03   5.4794061E+02   2.3011344E+03   7.6704040E+02   3.2848339E+02   3.1732192E+02   1.0513830E+02
    9.4375590E+02   1.5693908E+03   5.2312950E+02   5.0216371E+03   1.6738767E+03   3.1372357E+02   3.0744250E+02   1.0207177E+02
    9.1698814E+02   1.5258711E+03   5.0861516E+02   8.2391880E+03   2.7463958E+03   3.0506507E+02   2.9996091E+02   9.9577567E+01
    8.9444314E+02   1.4880385E+03   4.9600291E+02   1.1903420E+04   3.9678064E+03   2.9748374E+02   6.1112261E+03   1.8333678E+04
    2.9221306E+03   5.8824327E+02   1.7589618E+02   1.5098070E+03   4.8607198E+02   3.9620810E+02   1.2848094E+02   1.1427461E+03
    1.8873580E+03   6.2907035E+02   3.7677603E+02   3.5156625E+02   1.1591490E+02   1.0383247E+03   1.7238330E+03   5.7459008E+02
    2.4130612E+03   8.0435162E+02   3.4448153E+02   3.3359425E+02   1.1057121E+02   9.9267458E+02   1.6509448E+03   5.5031458E+02
    5.2826117E+03   1.7608694E+03   3.3003535E+02   3.2364560E+02   1.0744913E+02   9.6526417E+02   1.6061308E+03   5.3536765E+02
    8.6725454E+03   2.8908483E+03   3.2110743E+02   3.1524399E+02   1.0457712E+02   9.3899033E+02   1.5615541E+03   5.2050537E+02
    1.2491299E+04   4.1637660E+03   3.1215233E+02   6.3339468E+03   1.9001840E+04   2.2458671E+03   5.6348021E+02   1.6999700E+02
    1.4647664E+03   4.7293637E+02   3.9195409E+02   1.2738758E+02   1.1341019E+03   1.8744637E+03   6.2478154E+02   3.7426101E+02
    3.5116953E+02   1.1588391E+02   1.0384270E+03   1.7245198E+03   5.7482127E+02   2.4140461E+03   8.0468086E+02   3.4464108E+02
    3.3451377E+02   1.1091290E+02   9.9587417E+02   1.6564420E+03   5.5214717E+02   5.3002213E+03   1.7667397E+03   3.3114174E+02
    3.2486070E+02   1.0784043E+02   9.6869937E+02   1.6116989E+03   5.3722308E+02   8.7025768E+03   2.9008587E+03   3.2221323E+02
    3.1557760E+02   1.0458129E+02   9.3851171E+02   1.5599088E+03   5.1995370E+02   1.2477848E+04   4.1592824E+03   3.1178291E+02
    6.2158845E+03   1.8647653E+04   1.5899805E+03   4.8828642E+02   1.4851493E+02   1.2842053E+03   4.1572138E+02   3.4983926E+02
    1.1393415E+02   1.0152221E+03   1.6791130E+03   5.5967271E+02   3.3530316E+02   3.1622649E+02   1.0443496E+02   9.3614695E+02
    1.5550876E+03   5.1834715E+02   2.1768880E+03   7.2562854E+02   3.1079852E+02   3.0228781E+02   1.0025681E+02   9.0029585E+02
    1.4975986E+03   4.9919943E+02   4.7919749E+03   1.5973245E+03   2.9939262E+02   2.9377170E+02   9.7503527E+01   8.7574748E+02
    1.4568726E+03   4.8561459E+02   7.8665317E+03   2.6221770E+03   2.9125147E+02   2.8443396E+02   9.4146318E+01   8.4431582E+02
    1.4024357E+03   4.6746084E+02   1.1217898E+04   3.7392991E+03   2.8026501E+02   5.4706192E+03   1.6411858E+04   1.5568320E+03
    4.8272135E+02   1.4687840E+02   1.2702721E+03   4.1126037E+02   3.4633620E+02   1.1280437E+02   1.0051977E+03   1.6625873E+03
    5.5416445E+02   3.3200525E+02   3.1319300E+02   1.0343703E+02   9.2721643E+02   1.5402729E+03   5.1340908E+02   2.1561503E+03
    7.1871600E+02   3.0783849E+02   2.9943856E+02   9.9313204E+01   8.9182718E+02   1.4835177E+03   4.9450580E+02   4.7469199E+03
    1.5823062E+03   2.9657789E+02   2.9101244E+02   9.6586901E+01   8.6750976E+02   1.4431599E+03   4.8104375E+02   7.7924866E+03
    2.5974954E+03   2.8850966E+02   2.8171586E+02   9.3240972E+01   8.3616906E+02   1.3888584E+03   4.6293505E+02   1.1109280E+04
    3.7030928E+03   2.7754953E+02   5.4118162E+03   1.6235449E+04
    2.0739830E+06   2.0985903E+06   2.6633670E+06   3.6202960E+06   5.1356793E+06   7.4891704E+06   1.1087004E+07   1.6469801E+07
    2.4318767E+07   3.5283442E+07   4.9798697E+07   6.7742915E+07   8.8985595E+07   1.1492056E+08   1.5093909E+08   2.0643874E+08
    2.8565985E+08   3.8006609E+08   5.0672249E+08   7.2752668E+08   1.0902365E+09   1.5767273E+09   2.1660131E+09   2.9808682E+09
    4.3109867E+09   6.7488894E+09   1.2223541E+10   2.4007144E+10   4.7918738E+10   8.8893460E+10   1.5021024E+11   2.3109789E+11
    3.2074720E+11   3.9897504E+11   4.3810065E+11   4.1771068E+11   3.4722201E+11   2.5857850E+11   1.7894507E+11   1.2010354E+11
    8.1516094E+10   5.7077421E+10   4.1491208E+10   3.1423824E+10   2.4844827E+10   2.0470412E+10   1.7451567E+10   1.5218669E+10
    1.3350616E+10   1.1465043E+10   9.3353659E+09   9.2160989E+09
 Number of He2 levels:          30
 He2 Oscillator date:        12-OCT-1995
    2.0739830E+06   1.0493216E-04   2.1605608E-09   1.1415801E-09   1.0404005E-09   1.1146051E-09   7.6448670E-10   1.5935004E-09
    1.6682506E-09   1.5889280E-09   1.8243832E-09   2.1229031E-09   2.2019515E-09   2.5490655E-09   3.1371801E-09   2.2833858E-09
    2.2780441E-09   2.2209581E-09   4.1467973E-09   4.3476187E-09   4.9099329E-09   5.4522426E-09   6.0282386E-09   6.5067893E-09
    7.0005243E-09   7.4235985E-09   7.9487373E-09   8.4923998E-09   9.0545129E-09   9.6350087E-09   2.0985903E+06   1.0798072E-04
    2.2457753E-09   1.1834185E-09   1.0781647E-09   1.1538617E-09   7.9129613E-10   1.6503434E-09   1.7298177E-09   1.6501262E-09
    1.8963838E-09   2.2079033E-09   2.2900545E-09   2.6510916E-09   3.2631406E-09   2.3750151E-09   2.3689267E-09   2.3101908E-09
    4.3114318E-09   4.5222760E-09   5.1070038E-09   5.6706618E-09   6.2693066E-09   6.7661647E-09   7.2787052E-09   7.7173976E-09
    8.2623883E-09   8.8265388E-09   9.4097706E-09   1.0012011E-08   2.6633670E+06   1.9248642E-04   4.9259251E-09   2.5009416E-09
    2.2595185E-09   2.3898019E-09   1.6609381E-09   3.4214976E-09   3.8003523E-09   3.6459956E-09   4.2100110E-09   4.9042917E-09
    5.0801049E-09   5.8782749E-09   7.2341887E-09   5.2678392E-09   5.2298353E-09   5.1342870E-09   9.4694234E-09   1.0028661E-08
    1.1312369E-08   1.2546386E-08   1.3856106E-08   1.4938744E-08   1.6054212E-08   1.7004422E-08   1.8188040E-08   1.9412068E-08
    2.0676288E-08   2.1980492E-08   3.6202960E+06   4.0554272E-04   1.3691397E-08   6.7035280E-09   6.0112041E-09   6.2822290E-09
    4.4428876E-09   8.9902676E-09   1.0575201E-08   1.0194464E-08   1.1826664E-08   1.3775028E-08   1.4265458E-08   1.6491527E-08
    2.0257148E-08   1.4837057E-08   1.4654057E-08   1.4519203E-08   2.6201315E-08   2.8129456E-08   3.1684666E-08   3.5103372E-08
    3.8729439E-08   4.1738196E-08   4.4837267E-08   4.7487102E-08   5.0773683E-08   5.4171078E-08   5.7678621E-08   6.1295686E-08
    5.1356793E+06   9.4642693E-04   4.4230767E-08   2.1065297E-08   1.8787188E-08   1.9463038E-08   1.4059863E-08   2.7769272E-08
    3.4189268E-08   3.3058855E-08   3.8501081E-08   4.4794541E-08   4.6462872E-08   5.3628998E-08   6.5572866E-08   4.8678752E-08
    4.7862223E-08   4.7971790E-08   8.3703165E-08   9.1340484E-08   1.0275996E-07   1.1378569E-07   1.2547608E-07   1.3529220E-07
    1.4541244E-07   1.5417426E-07   1.6492359E-07   1.7604054E-07   1.8752317E-07   1.9936962E-07   7.4891704E+06   2.3593468E-03
    1.5779014E-07   7.3810172E-08   6.5612602E-08   6.7626852E-08   5.0090823E-08   9.6020589E-08   1.2205173E-07   1.1822981E-07
    1.3810373E-07   1.6034722E-07   1.6694771E-07   1.9223003E-07   2.3315057E-07   1.7703177E-07   1.7358978E-07   1.7635786E-07
    2.9390451E-07   3.2623063E-07   3.6684149E-07   4.0631989E-07   4.4818431E-07   4.8391568E-07   5.2082535E-07   5.5332931E-07
    5.9266381E-07   6.3339472E-07   6.7551699E-07   7.1902596E-07   1.1087004E+07   6.1088294E-03   5.9670655E-07   2.7640860E-07
    2.4532439E-07   2.5233818E-07   1.9242464E-07   3.5620200E-07   4.6192855E-07   4.4822269E-07   5.2465146E-07   6.0738148E-07
    6.3624762E-07   7.3004817E-07   8.7474899E-07   6.8608954E-07   6.7301794E-07   6.9373574E-07   1.0929684E-06   1.2317762E-06
    1.3857348E-06   1.5366168E-06   1.6967219E-06   1.8357173E-06   1.9796525E-06   2.1086391E-06   2.2626937E-06   2.4224957E-06
    2.5880370E-06   2.7593103E-06   1.6469801E+07   1.6041722E-02   2.3108536E-06   1.0667195E-06   9.4650204E-07   9.7357687E-07
    7.6784696E-07   1.3657664E-06   1.7903717E-06   1.7426531E-06   2.0419267E-06   2.3555283E-06   2.4881389E-06   2.8415628E-06
    3.3494880E-06   2.7399241E-06   2.7009535E-06   2.8235460E-06   4.1801732E-06   4.7630685E-06   5.3634704E-06   5.9567638E-06
    6.5868760E-06   7.1428289E-06   7.7200133E-06   8.2457287E-06   8.8662681E-06   9.5111410E-06   1.0180364E-05   1.0873953E-05
    2.4318767E+07   4.2060485E-02   8.9644533E-06   4.1433754E-06   3.6789873E-06   3.7892420E-06   3.1066686E-06   5.2815794E-06
    6.9480526E-06   6.8061701E-06   7.9725860E-06   9.1613524E-06   9.7771739E-06   1.1100223E-05   1.2826488E-05   1.1031767E-05
    1.0989529E-05   1.1633926E-05   1.6171197E-05   1.8526229E-05   2.0872575E-05   2.3209727E-05   2.5693555E-05   2.7920521E-05
    3.0237796E-05   3.2381615E-05   3.4882923E-05   3.7486390E-05   4.0192251E-05   4.3000735E-05   3.5283442E+07   1.0817207E-01
    3.4018807E-05   1.5803587E-05   1.4053203E-05   1.4505144E-05   1.2426745E-05   2.0085064E-05   2.6347153E-05   2.6115057E-05
    3.0523634E-05   3.4940589E-05   3.7721317E-05   4.2541317E-05   4.8117555E-05   4.3712015E-05   4.4240912E-05   4.7350443E-05
    6.2088866E-05   7.1120211E-05   8.0062693E-05   8.9038321E-05   9.8577580E-05   1.0727954E-04   1.1635035E-04   1.2487755E-04
    1.3469896E-04   1.4493221E-04   1.5557866E-04   1.6663962E-04   4.9798697E+07   2.6919369E-01   1.2428582E-04   5.8205943E-05
    5.1874382E-05   5.3680977E-05   4.8300749E-05   7.3834304E-05   9.5986745E-05   9.6990176E-05   1.1283000E-04   1.2872796E-04
    1.4058439E-04   1.5754004E-04   1.7474673E-04   1.6764164E-04   1.7302144E-04   1.8702104E-04   2.3337023E-04   2.6615040E-04
    2.9887056E-04   3.3195402E-04   3.6708827E-04   3.9975733E-04   4.3385129E-04   4.6644287E-04   5.0343322E-04   5.4199222E-04
    5.8212568E-04   6.2383929E-04   6.7742915E+07   6.3568067E-01   4.2758150E-04   2.0220637E-04   1.8075253E-04   1.8757427E-04
    1.7799429E-04   2.5627270E-04   3.2828580E-04   3.4100723E-04   3.9372771E-04   4.4809043E-04   4.9429136E-04   5.5148859E-04
    6.0347962E-04   6.0815458E-04   6.4061248E-04   6.9862907E-04   8.3876072E-04   9.5033658E-04   1.0631664E-03   1.1780490E-03
    1.2998761E-03   1.4154571E-03   1.5361573E-03   1.6534753E-03   1.7845681E-03   1.9212126E-03   2.0634290E-03   2.2112370E-03
    8.8985595E+07   1.4039292E+00   1.3661207E-03   6.5214343E-04   5.8523933E-04   6.0909505E-04   6.1110220E-04   8.2679594E-04
    1.0390898E-03   1.1169466E-03   1.2776886E-03   1.4517780E-03   1.6133995E-03   1.7988034E-03   1.9589852E-03   2.0554337E-03
    2.2058619E-03   2.4234195E-03   2.8297107E-03   3.1842894E-03   3.5474095E-03   3.9195064E-03   4.3133669E-03   4.6943607E-03
    5.0923259E-03   5.4850783E-03   5.9174426E-03   6.3679402E-03   6.8366307E-03   7.3235717E-03   1.1492056E+08   2.8692998E+00
    4.0087811E-03   1.9271169E-03   1.7379772E-03   1.8141641E-03   1.9239250E-03   2.4478824E-03   3.0136262E-03   3.3539993E-03
    3.8077798E-03   4.3232476E-03   4.8278512E-03   5.4012756E-03   5.9064649E-03   6.3857920E-03   6.9561366E-03   7.6827899E-03
    8.8037082E-03   9.8480997E-03   1.0928339E-02   1.2041348E-02   1.3217202E-02   1.4374202E-02   1.5582718E-02   1.6790722E-02
    1.8103463E-02   1.9470508E-02   2.0892005E-02   2.2368099E-02   1.5093909E+08   5.4434138E+00   1.0824587E-02   5.2228164E-03
    4.7385985E-03   4.9610414E-03   5.5411950E-03   6.6601774E-03   8.0435324E-03   9.1898629E-03   1.0432326E-02   1.1850225E-02
    1.3281222E-02   1.4955175E-02   1.6519291E-02   1.8222096E-02   2.0057898E-02   2.2225110E-02   2.5155842E-02   2.8008878E-02
    3.0980367E-02   3.4055452E-02   3.7298440E-02   4.0534149E-02   4.3913382E-02   4.7325138E-02   5.0994162E-02   5.4812734E-02
    5.8781171E-02   6.2899779E-02   2.0643874E+08   9.7815841E+00   2.7395149E-02   1.3213763E-02   1.2078446E-02   1.2683583E-02
    1.4824232E-02   1.6970331E-02   2.0160250E-02   2.3286707E-02   2.6737571E-02   3.0456436E-02   3.4279141E-02   3.8888556E-02
    4.3452179E-02   4.8504204E-02   5.3728763E-02   5.9630289E-02   6.6949368E-02   7.4284261E-02   8.1955058E-02   8.9920283E-02
    9.8307513E-02   1.0676842E-01   1.1560254E-01   1.2459005E-01   1.3417630E-01   1.4414771E-01   1.5450486E-01   1.6524828E-01
    2.8565985E+08   1.7330937E+01   6.7844330E-02   3.2382862E-02   2.9903711E-02   3.1502211E-02   3.8202166E-02   4.2106749E-02
    4.9355358E-02   5.6875065E-02   6.6544710E-02   7.6208062E-02   8.6256645E-02   9.8479362E-02   1.1102961E-01   1.2469653E-01
    1.3859496E-01   1.5391377E-01   1.7188252E-01   1.9024338E-01   2.0947341E-01   2.2949426E-01   2.5054796E-01   2.7197236E-01
    2.9433598E-01   3.1722214E-01   3.4147508E-01   3.6668948E-01   3.9286616E-01   4.2000580E-01   3.8006609E+08   3.1196582E+01
    1.7251984E-01   7.9242557E-02   7.4046977E-02   7.8264509E-02   9.7341376E-02   1.0465755E-01   1.2151250E-01   1.3951840E-01
    1.6563335E-01   1.9085167E-01   2.1735612E-01   2.4897021E-01   2.8203277E-01   3.1754255E-01   3.5363622E-01   3.9282902E-01
    4.3716999E-01   4.8304748E-01   5.3108102E-01   5.8119352E-01   6.3383227E-01   6.8777034E-01   7.4405871E-01   8.0192682E-01
    8.6293487E-01   9.2633233E-01   9.9211956E-01   1.0602965E+00   5.0672249E+08   5.5721120E+01   4.5061934E-01   1.9122894E-01
    1.7940637E-01   1.9027887E-01   2.3876380E-01   2.5462481E-01   2.9488999E-01   3.4019646E-01   4.0428843E-01   4.6776510E-01
    5.3546209E-01   6.1296063E-01   6.9496228E-01   7.8263860E-01   8.7278564E-01   9.6967830E-01   1.0767188E+00   1.1882970E+00
    1.3050263E+00   1.4270060E+00   1.5550154E+00   1.6869057E+00   1.8245113E+00   1.9664840E+00   2.1155476E+00   2.2703865E+00
    2.4309973E+00   2.5973745E+00   7.2752668E+08   9.6865204E+01   1.1816818E+00   4.5402443E-01   4.1937182E-01   4.4657151E-01
    5.5601435E-01   5.9830906E-01   6.9560741E-01   8.1027412E-01   9.5435399E-01   1.1049984E+00   1.2680868E+00   1.4474099E+00
    1.6389647E+00   1.8438096E+00   2.0573992E+00   2.2855455E+00   2.5337276E+00   2.7936398E+00   3.0655354E+00   3.3500314E+00
    3.6483542E+00   3.9570886E+00   4.2791325E+00   4.6123432E+00   4.9610246E+00   5.3230799E+00   5.6984878E+00   6.0872206E+00
    1.0902365E+09   1.6601891E+02   3.0574477E+00   1.0854021E+00   9.6437567E-01   1.0290184E+00   1.2649910E+00   1.3823738E+00
    1.6124519E+00   1.8895544E+00   2.2044107E+00   2.5475474E+00   2.9226596E+00   3.3254918E+00   3.7585966E+00   4.2224467E+00
    4.7109583E+00   5.2312432E+00   5.7916541E+00   6.3805323E+00   6.9972390E+00   7.6431894E+00   8.3200687E+00   9.0230852E+00
    9.7562525E+00   1.0516553E+01   1.1309950E+01   1.2133473E+01   1.2987034E+01   1.3870521E+01   1.5767273E+09   2.8830577E+02
    8.0036405E+00   2.7430776E+00   2.2865547E+00   2.4158826E+00   2.9287082E+00   3.2406034E+00   3.7794229E+00   4.4324335E+00
    5.1365836E+00   5.9170220E+00   6.7747066E+00   7.6873923E+00   8.6728402E+00   9.7306748E+00   1.0851997E+01   1.2045064E+01
    1.3321840E+01   1.4666684E+01   1.6077531E+01   1.7556405E+01   1.9105190E+01   2.0718206E+01   2.2400035E+01   2.4147038E+01
    2.5966025E+01   2.7853347E+01   2.9808674E+01   3.1831592E+01   2.1660131E+09   5.0692807E+02   2.0985460E+01   7.3943985E+00
    5.7202292E+00   5.8603889E+00   6.9512846E+00   7.7162808E+00   8.9742534E+00   1.0490718E+01   1.2107580E+01   1.3900548E+01
    1.5877307E+01   1.7985305E+01   2.0266794E+01   2.2720797E+01   2.5332687E+01   2.8110765E+01   3.1070886E+01   3.4193086E+01
    3.7473401E+01   4.0913507E+01   4.4514632E+01   4.8271839E+01   5.2188448E+01   5.6261034E+01   6.0494508E+01   6.4885161E+01
    6.9431780E+01   7.4132840E+01   2.9808682E+09   8.8855135E+02   5.2750191E+01   2.0184971E+01   1.4793152E+01   1.4533027E+01
    1.6755477E+01   1.8448974E+01   2.1327770E+01   2.4772738E+01   2.8513006E+01   3.2652280E+01   3.7229764E+01   4.2145392E+01
    4.7471311E+01   5.3204471E+01   5.9320383E+01   6.5824326E+01   7.2734768E+01   8.0027943E+01   8.7697102E+01   9.5741519E+01
    1.0415964E+02   1.1295081E+02   1.2211258E+02   1.3164327E+02   1.4153905E+02   1.5179692E+02   1.6241245E+02   1.7338000E+02
    4.3109867E+09   1.5423756E+03   1.2426516E+02   5.2814432E+01   3.7725685E+01   3.5755048E+01   4.0010568E+01   4.3613625E+01
    5.0026525E+01   5.7718937E+01   6.6324960E+01   7.5865411E+01   8.6434666E+01   9.7858832E+01   1.1024086E+02   1.2356686E+02
    1.3779726E+02   1.5292863E+02   1.6897741E+02   1.8591665E+02   2.0373488E+02   2.2242489E+02   2.4197755E+02   2.6240210E+02
    2.8368044E+02   3.0581366E+02   3.2877394E+02   3.5255726E+02   3.7714741E+02   4.0252373E+02   6.7488894E+09   2.7062574E+03
    2.7969005E+02   1.3220649E+02   9.4301443E+01   8.7406016E+01   9.4962380E+01   1.0314514E+02   1.1740326E+02   1.3480606E+02
    1.5477484E+02   1.7704555E+02   2.0172948E+02   2.2853273E+02   2.5757409E+02   2.8880790E+02   3.2216928E+02   3.5763702E+02
    3.9521414E+02   4.3486845E+02   4.7657884E+02   5.2032197E+02   5.6606955E+02   6.1384604E+02   6.6359463E+02   7.1531313E+02
    7.6891295E+02   8.2437240E+02   8.8163080E+02   9.4060975E+02   1.2223541E+10   5.1162817E+03   6.4747943E+02   3.3733142E+02
    2.4457029E+02   2.2427526E+02   2.3758891E+02   2.5856443E+02   2.9298382E+02   3.3575123E+02   3.8554976E+02   4.4143132E+02
    5.0332362E+02   5.7071436E+02   6.4366397E+02   7.2204921E+02   8.0575052E+02   8.9470927E+02   9.8888774E+02   1.0882334E+03
    1.1926972E+03   1.3022095E+03   1.4166852E+03   1.5361524E+03   1.6604436E+03   1.7895033E+03   1.9230617E+03   2.0609791E+03
    2.2029965E+03   2.3487735E+03   2.4007144E+10   9.9734333E+03   1.4654094E+03   8.2502777E+02   6.1346996E+02   5.6136293E+02
    5.8576490E+02   6.4016957E+02   7.2513955E+02   8.3136962E+02   9.5554969E+02   1.0952760E+03   1.2498325E+03   1.4182832E+03
    1.6004465E+03   1.7960273E+03   2.0047805E+03   2.2265613E+03   2.4612257E+03   2.7086464E+03   2.9686796E+03   3.2411108E+03
    3.5256700E+03   3.8222838E+03   4.1304319E+03   4.4497595E+03   4.7793885E+03   5.1185892E+03   5.4662292E+03   5.8207931E+03
    4.7918738E+10   1.9887429E+04   3.2752399E+03   1.9654333E+03   1.5061077E+03   1.3853881E+03   1.4388813E+03   1.5825137E+03
    1.7976188E+03   2.0652462E+03   2.3772459E+03   2.7281290E+03   3.1156043E+03   3.5378160E+03   3.9939775E+03   4.4833964E+03
    5.0055206E+03   5.5599684E+03   6.1463016E+03   6.7641187E+03   7.4129206E+03   8.0919774E+03   8.8003367E+03   9.5372783E+03
    1.0300973E+04   1.1089617E+04   1.1899948E+04   1.2728409E+04   1.3569834E+04   1.4417172E+04   8.8893460E+10   3.8741305E+04
    6.9318551E+03   4.3600485E+03   3.4358551E+03   3.2087620E+03   3.3566621E+03   3.7246809E+03   4.2523241E+03   4.9009272E+03
    5.6524054E+03   6.4953679E+03   7.4243904E+03   8.4357818E+03   9.5275161E+03   1.0698039E+04   1.1946076E+04   1.3270589E+04
    1.4670311E+04   1.6143897E+04   1.7689586E+04   1.9304842E+04   2.0986242E+04   2.2730124E+04   2.4529803E+04   2.6377300E+04
    2.8260004E+04   3.0162062E+04   3.2060858E+04   3.3925130E+04   1.5021024E+11   7.3603187E+04   1.4006539E+04   9.0585179E+03
    7.3137564E+03   6.9927831E+03   7.4366462E+03   8.3483282E+03   9.5937328E+03   1.1099899E+04   1.2831498E+04   1.4767002E+04
    1.6895498E+04   1.9209922E+04   2.1705882E+04   2.4379994E+04   2.7229262E+04   3.0250801E+04   3.3440920E+04   3.6795161E+04
    4.0307443E+04   4.3969039E+04   4.7767801E+04   5.1688440E+04   5.5706502E+04   5.9789604E+04   6.3889230E+04   6.7939807E+04
    7.1848454E+04   7.5487089E+04   2.3109789E+11   1.3800872E+05   2.7652128E+04   1.8059177E+04   1.4956951E+04   1.4718742E+04
    1.5981796E+04   1.8172176E+04   2.1033905E+04   2.4437680E+04   2.8320318E+04   3.2643823E+04   3.7388096E+04   4.2540110E+04
    4.8090871E+04   5.4032942E+04   6.0358937E+04   6.7060611E+04   7.4126864E+04   8.1543031E+04   8.9288439E+04   9.7333153E+04
    1.0563433E+05   1.1413319E+05   1.2274022E+05   1.3132994E+05   1.3971808E+05   1.4764832E+05   1.5476387E+05   1.6058810E+05
    3.2074720E+11   2.5531264E+05   5.3716802E+04   3.5092329E+04   2.9962526E+04   3.0403276E+04   3.3702527E+04   3.8791438E+04
    4.5211277E+04   5.2740197E+04   6.1269941E+04   7.0735930E+04   8.1102587E+04   9.2346061E+04   1.0444784E+05   1.1739080E+05
    1.3115562E+05   1.4571805E+05   1.6104396E+05   1.7708548E+05   1.9377318E+05   2.1100490E+05   2.2863064E+05   2.4643427E+05
    2.6409099E+05   2.8113329E+05   2.9688502E+05   3.1041377E+05   3.2048373E+05   3.2558263E+05   3.9897504E+11   4.6739547E+05
    1.0322192E+05   6.7671952E+04   5.9850846E+04   6.2588278E+04   7.0697519E+04   8.2256865E+04   9.6467240E+04   1.1295174E+05
    1.3152623E+05   1.5208143E+05   1.7455395E+05   1.9889849E+05   2.2507471E+05   2.5303993E+05   2.8274030E+05   3.1410207E+05
    3.4701768E+05   3.8132975E+05   4.1680392E+05   4.5308826E+05   4.8965454E+05   5.2571924E+05   5.6011135E+05   5.9114368E+05
    6.1645724E+05   6.3298043E+05   6.3709393E+05   6.2523258E+05   4.3810065E+11   8.4141695E+05   1.9498484E+05   1.2979932E+05
    1.1930774E+05   1.2836518E+05   1.4744145E+05   1.7318470E+05   2.0423288E+05   2.3995291E+05   2.8003239E+05   3.2428486E+05
    3.7259398E+05   4.2486770E+05   4.8101076E+05   5.4090859E+05   6.0440313E+05   6.7126458E+05   7.4114704E+05   8.1352731E+05
    8.8760616E+05   9.6215856E+05   1.0353149E+06   1.1042700E+06   1.1648986E+06   1.2114559E+06   1.2365364E+06   1.2318341E+06
    1.1900997E+06   1.1082828E+06   4.1771068E+11   1.4615289E+06   3.5566235E+05   2.4388384E+05   2.3338974E+05   2.5779814E+05
    3.0053062E+05   3.5598437E+05   4.2191793E+05   4.9729661E+05   5.8159922E+05   6.7450661E+05   7.7579770E+05   8.8527184E+05
    1.0026897E+06   1.1277308E+06   1.2599235E+06   1.3985515E+06   1.5425050E+06   1.6900559E+06   1.8385026E+06   1.9836362E+06
    2.1190017E+06   2.2350302E+06   2.3183062E+06   2.3518452E+06   2.3175493E+06   2.2019902E+06   2.0043021E+06   1.7414835E+06
    3.4722201E+11   2.4031878E+06   6.1632595E+05   4.4098127E+05   4.3931881E+05   4.9695152E+05   5.8695894E+05   7.0050204E+05
    8.3407364E+05   9.8605059E+05   1.1555872E+06   1.3421362E+06   1.5452634E+06   1.7645089E+06   1.9992575E+06   2.2486145E+06
    2.5112002E+06   2.7848438E+06   3.0660891E+06   3.3494170E+06   3.6260464E+06   3.8822362E+06   4.0972613E+06   4.2419246E+06
    4.2796407E+06   4.1734713E+06   3.9009363E+06   3.4718140E+06   2.9350688E+06   2.3640481E+06   2.5857850E+11   3.7439853E+06
    1.0193160E+06   7.6847515E+05   7.9577709E+05   9.1956434E+05   1.0988155E+06   1.3203177E+06   1.5788255E+06   1.8718737E+06
    2.1981100E+06   2.5565775E+06   2.9463861E+06   3.3664460E+06   3.8151674E+06   4.2900922E+06   4.7872851E+06   5.3003593E+06
    5.8188844E+06   6.3258836E+06   6.7941929E+06   7.1820346E+06   7.4298114E+06   7.4632298E+06   7.2105229E+06   6.6371314E+06
    5.7822608E+06   4.7631347E+06   3.7301570E+06   2.8051997E+06   1.7894507E+11   5.5984322E+06   1.6353656E+06   1.3070463E+06
    1.4031243E+06   1.6523647E+06   1.9951118E+06   2.4122999E+06   2.8962743E+06   3.4433306E+06   4.0512806E+06   4.7183713E+06
    5.4426848E+06   6.2215675E+06   7.0508892E+06   7.9239571E+06   8.8296942E+06   9.7496103E+06   1.0652874E+07   1.1488912E+07
    1.2178097E+07   1.2604750E+07   1.2623982E+07   1.2100202E+07   1.0982781E+07   9.3777628E+06   7.5372211E+06   5.7479814E+06
    4.2113578E+06   3.0035090E+06   1.2010354E+11   8.1536229E+06   2.5901462E+06   2.1991335E+06   2.4387392E+06   2.9202549E+06
    3.5591368E+06   4.3282046E+06   5.2163114E+06   6.2178230E+06   7.3290574E+06   8.5465854E+06   9.8660508E+06   1.1280833E+07
    1.2780082E+07   1.4345522E+07   1.5945959E+07   1.7528068E+07   1.9001972E+07   2.0222188E+07   2.0972077E+07   2.0976196E+07
    1.9980237E+07   1.7909507E+07   1.5007420E+07   1.1782837E+07   8.7605569E+06   6.2604199E+06   4.3630178E+06   3.0003231E+06
    8.1516094E+10   1.1683088E+07   4.0919639E+06   3.6827586E+06   4.2018469E+06   5.1055681E+06   6.2749793E+06   7.6711804E+06
    9.2777580E+06   1.1085898E+07   1.3089046E+07   1.5280029E+07   1.7648535E+07   2.0177740E+07   2.2838860E+07   2.5581707E+07
    2.8318278E+07   3.0895876E+07   3.3059369E+07   3.4416443E+07   3.4454348E+07   3.2694127E+07   2.9011464E+07   2.3908496E+07
    1.8369261E+07   1.3334371E+07   9.3046658E+06   6.3419472E+06   4.2741609E+06   2.8721097E+06   5.7077421E+10   1.6620898E+07
    6.4879376E+06   6.1601652E+06   7.2050291E+06   8.8688134E+06   1.0983234E+07   1.3491991E+07   1.6370474E+07   1.9604322E+07
    2.3181077E+07   2.7084829E+07   3.1290377E+07   3.5754280E+07   4.0399297E+07   4.5086538E+07   4.9567619E+07   5.3412630E+07
    5.5934076E+07   5.6196027E+07   5.3289082E+07   4.6960305E+07   3.8165167E+07   2.8754699E+07   2.0408813E+07   1.3918957E+07
    9.2831510E+06   6.1328776E+06   4.0472283E+06   2.6815518E+06   4.1491208E+10   2.3646532E+07   1.0345206E+07   1.0308070E+07
    1.2325126E+07   1.5349847E+07   1.9141993E+07   2.3619149E+07   2.8743595E+07   3.4490710E+07   4.0835166E+07   4.7739981E+07
    5.5141990E+07   6.2927185E+07   7.0885609E+07   7.8630156E+07   8.5465034E+07   9.0225972E+07   9.1241853E+07   8.6779393E+07
    7.6237596E+07   6.1305849E+07   4.5401778E+07   3.1551799E+07   2.1046314E+07   1.3738014E+07   8.8959048E+06   5.7636590E+06
    3.7550952E+06   2.4668827E+06   3.1423824E+10   3.3801366E+07   1.6575717E+07   1.7253252E+07   2.1045756E+07   2.6493493E+07
    3.3251294E+07   4.1197405E+07   5.0272446E+07   6.0431631E+07   7.1620265E+07   8.3749248E+07   9.6657008E+07   1.1003973E+08
    1.2332047E+08   1.3542113E+08   1.4444549E+08   1.4749421E+08   1.4128731E+08   1.2432031E+08   9.9329222E+07   7.2516772E+07
    4.9421871E+07   3.2262420E+07   2.0611291E+07   1.3077413E+07   8.3141745E+06   5.3231903E+06   3.4412713E+06   2.2490345E+06
    2.4844827E+10   4.8630506E+07   2.6625928E+07   2.8844427E+07   3.5837663E+07   4.5564563E+07   5.7527991E+07   7.1546578E+07
    8.7523633E+07   1.0537242E+08   1.2496895E+08   1.4609305E+08   1.6832478E+08   1.9084496E+08   2.1206327E+08   2.2903230E+08
    2.3691445E+08   2.2964275E+08   2.0353081E+08   1.6243761E+08   1.1735429E+08   7.8594911E+07   5.0245940E+07   3.1414313E+07
    1.9519738E+07   1.2169037E+07   7.6507249E+06   4.8632485E+06   3.1290555E+06   2.0384653E+06   2.0470412E+10   7.0334502E+07
    4.2747392E+07   4.8054870E+07   6.0733651E+07   7.7934697E+07   9.8942959E+07   1.2348577E+08   1.5139887E+08   1.8250412E+08
    2.1651065E+08   2.5286504E+08   2.9046403E+08   3.2708866E+08   3.5840660E+08   3.7675236E+08   3.7135741E+08   3.3371860E+08
    2.6786898E+08   1.9250162E+08   1.2705122E+08   7.9624429E+07   4.8713803E+07   2.9624841E+07   1.8094699E+07   1.1160588E+07
    6.9692156E+06   4.4105388E+06   2.8294543E+06   1.8395972E+06   1.7451567E+10   1.0178688E+08   6.8257904E+07   7.9431420E+07
    1.0200457E+08   1.3203148E+08   1.6848989E+08   2.1096546E+08   2.5916552E+08   3.1270719E+08   3.7089483E+08   4.3232731E+08
    4.9410083E+08   5.5026283E+08   5.8945741E+08   5.9373193E+08   5.4505795E+08   4.4387046E+08   3.1961172E+08   2.0877652E+08
    1.2848363E+08   7.6928726E+07   4.5758467E+07   2.7356568E+07   1.6535773E+07   1.0132869E+07   6.3011409E+06   3.9768284E+06
    2.5465082E+06   1.6535250E+06   1.5218669E+10   1.4613797E+08   1.0751148E+08   1.2923854E+08   1.6847511E+08   2.1984748E+08
    2.8191301E+08   3.5403504E+08   4.3566920E+08   5.2597282E+08   6.2328106E+08   7.2407321E+08   8.2082410E+08   8.9812525E+08
    9.2859670E+08   8.7793590E+08   7.3342108E+08   5.3474609E+08   3.4813219E+08   2.1105959E+08   1.2377213E+08   7.1976985E+07
    4.2078338E+07   2.4897126E+07   1.4954015E+07   9.1270764E+06   5.6610172E+06   3.5666734E+06   2.2811836E+06   1.4800253E+06
    1.3350616E+10   2.0562639E+08   1.6513878E+08   2.0470057E+08   2.7066101E+08   3.5591358E+08   4.5846769E+08   5.7733649E+08
    7.1148110E+08   8.5905345E+08   1.0161505E+09   1.1741708E+09   1.3143996E+09   1.3997666E+09   1.3734589E+09   1.1924362E+09
    8.9346651E+08   5.8625614E+08   3.5223339E+08   2.0274394E+08   1.1527701E+08   6.5844876E+07   3.8091584E+07   2.2396921E+07
    1.3400142E+07   8.1584453E+06   5.0520052E+06   3.1794832E+06   2.0320070E+06   1.3176606E+06   1.1465043E+10   2.7780408E+08
    2.4265432E+08   3.0976177E+08   4.1517957E+08   5.4997438E+08   7.1150696E+08   8.9825630E+08   1.1082588E+09   1.3376207E+09
    1.5776642E+09   1.8086418E+09   1.9876601E+09   2.0361899E+09   1.8626445E+09   1.4630899E+09   9.8537990E+08   5.9336475E+08
    3.3691777E+08   1.8756522E+08   1.0464272E+08   5.9126926E+07   3.3989180E+07   1.9908416E+07   1.1882775E+07   7.2234531E+06
    4.4684409E+06   2.8102588E+06   1.7951697E+06   1.1636878E+06   9.3353659E+09   3.4288866E+08   3.2350320E+08   4.2426398E+08
    5.7578274E+08   7.6786844E+08   9.9731351E+08   1.2619340E+09   1.5583913E+09   1.8795369E+09   2.2087906E+09   2.5076897E+09
    2.6945873E+09   2.6371890E+09   2.2376488E+09   1.6024909E+09   9.9358547E+08   5.6495922E+08   3.1001190E+08   1.6931379E+08
    9.3458431E+07   5.2487768E+07   3.0064986E+07   1.7571526E+07   1.0473515E+07   6.3610735E+06   3.9326224E+06   2.4722715E+06
    1.5788234E+06   1.0232446E+06   9.2160989E+09   3.4535610E+08   3.2704215E+08   4.2946243E+08   5.8318771E+08   7.7799590E+08
    1.0106587E+09   1.2789595E+09   1.5794852E+09   1.9049053E+09   2.2381887E+09   2.5398030E+09   2.7259613E+09   2.6618262E+09
    2.2505331E+09   1.6052196E+09   9.9197134E+08   5.6282289E+08   3.0845688E+08   1.6834958E+08   9.2891085E+07   5.2157899E+07
    2.9872233E+07   1.7457510E+07   1.0405042E+07   6.3192834E+06   3.9067028E+06   2.4559415E+06   1.5683792E+06   1.0164688E+06
    6.0862610E+03   6.2549453E+03   1.0857722E+04   2.2274886E+04   5.0797021E+04   1.2414464E+05   3.1556826E+05   8.1277337E+05
    2.0827085E+06   5.2035734E+06   1.2477648E+07   2.8133145E+07   5.8809277E+07   1.1299565E+08   2.0056944E+08   3.3578856E+08
    5.5095534E+08   9.1090117E+08   1.4847280E+09   2.3467117E+09   3.6517475E+09   5.7481556E+09   9.1445933E+09   1.4483419E+10
    2.2663779E+10   3.5327834E+10   5.6285126E+10   8.8033957E+10   1.3668832E+11   2.0816440E+11   3.1364455E+11   4.7450533E+11
    7.2555308E+11   1.1260619E+12   1.7635252E+12   2.7405332E+12   4.1529363E+12   6.1265440E+12   8.8672178E+12   1.2696232E+13
    1.8045243E+13   2.5529856E+13   3.6020062E+13   5.0714641E+13   7.1237520E+13   9.9762751E+13   1.3905955E+14   1.9225903E+14
    2.6237385E+14   3.5057694E+14   4.4493484E+14   4.4946903E+14
