 Output format date:         27-JAN-1992         
 Completion of Model:        29-May-2002 02:49:09
 ND:                            52
 HYD/He abundance:            1.00000E+00
    1.0400346E+07   1.0524227E+07   1.3371124E+07   1.8212855E+07   2.5932382E+07   3.8066576E+07   5.7012861E+07   8.6412871E+07
    1.3200738E+08   2.0243508E+08   3.1138173E+08   4.7938031E+08   7.3897437E+08   1.1395811E+09   1.7575427E+09   2.7111366E+09
    4.1830761E+09   6.4548366E+09   9.9572528E+09   1.5371193E+10   2.3709922E+10   3.6624418E+10   5.6553039E+10   8.7321449E+10
    1.3487386E+11   2.1038369E+11   3.4254350E+11   5.6020591E+11   9.2303627E+11   1.4852916E+12   2.3192791E+12   3.5280272E+12
    5.2315245E+12   7.6252323E+12   1.1008224E+13   1.5791403E+13   2.2501125E+13   3.1926186E+13   4.5231760E+13   6.4083195E+13
    9.0636193E+13   1.2793840E+14   1.8031356E+14   2.5373925E+14   3.5632552E+14   4.9893698E+14   6.9541654E+14   9.6141807E+14
    1.3120039E+15   1.7530367E+15   2.2248422E+15   2.2475138E+15
 Number of HI levels:           30
 HI Oscillator date:         12-OCT-1995
    3.0659955E-02   4.5154244E-07   4.2899635E-07   5.5694625E-07   7.1212300E-07   1.0123030E-06   1.2326232E-06   1.2090166E-06
    1.2734862E-06   2.5124531E-06   2.8236324E-06   3.0461776E-06   3.8494788E-06   4.4150622E-06   4.9063020E-06   5.5089383E-06
    6.1816499E-06   7.0100492E-06   7.9544829E-06   8.9095451E-06   9.8909267E-06   1.0929949E-05   1.2023729E-05   1.3129267E-05
    1.4279731E-05   1.5487653E-05   1.6715601E-05   1.7980517E-05   1.9304574E-05   2.0677371E-05   3.1023732E-02   4.6223845E-07
    4.3916324E-07   5.7015695E-07   7.2902448E-07   1.0362971E-06   1.2619344E-06   1.2380025E-06   1.3038644E-06   2.5720616E-06
    2.8907053E-06   3.1189727E-06   3.9408953E-06   4.5200027E-06   5.0239768E-06   5.6420885E-06   6.3318401E-06   7.1801410E-06
    8.1468306E-06   9.1247238E-06   1.0129551E-05   1.1193346E-05   1.2313209E-05   1.3445185E-05   1.4623152E-05   1.5859934E-05
    1.7117296E-05   1.8412540E-05   1.9768303E-05   2.1173966E-05   3.9479167E-02   7.4329543E-07   7.0645934E-07   9.1748082E-07
    1.1733645E-06   1.6667444E-06   2.0327066E-06   2.0015538E-06   2.1029183E-06   4.1376612E-06   4.6533828E-06   5.0362514E-06
    6.3431346E-06   7.2799699E-06   8.1292452E-06   9.1613898E-06   1.0305757E-05   1.1679011E-05   1.3230252E-05   1.4809656E-05
    1.6431937E-05   1.8147695E-05   1.9954130E-05   2.1782582E-05   2.3685130E-05   2.5681997E-05   2.7714685E-05   2.9809511E-05
    3.2000903E-05   3.4272710E-05   5.3941565E-02   1.3724076E-06   1.3050145E-06   1.6956997E-06   2.1695195E-06   3.0785148E-06
    3.7628607E-06   3.7260792E-06   3.9037557E-06   7.6429786E-06   8.6068122E-06   9.3597958E-06   1.1734198E-05   1.3489880E-05
    1.5167905E-05   1.7162759E-05   1.9358825E-05   2.1920916E-05   2.4785200E-05   2.7723744E-05   3.0740059E-05   3.3925729E-05
    3.7280615E-05   4.0682601E-05   4.4222095E-05   4.7935365E-05   5.1721457E-05   5.5625436E-05   5.9706253E-05   6.3936244E-05
    7.7200126E-02   2.7668947E-06   2.6328018E-06   3.4235804E-06   4.3833980E-06   6.2108763E-06   7.6143384E-06   7.5991604E-06
    7.9401754E-06   1.5414793E-05   1.7398861E-05   1.9049868E-05   2.3746558E-05   2.7387553E-05   3.1059979E-05   3.5279464E-05
    3.9893503E-05   4.5131623E-05   5.0926365E-05   5.6916394E-05   6.3060575E-05   6.9539224E-05   7.6364046E-05   8.3299859E-05
    9.0515474E-05   9.8081150E-05   1.0580969E-04   1.1378389E-04   1.2211203E-04   1.3074326E-04   1.1421119E-01   5.9254601E-06
    5.6435639E-06   7.3465023E-06   9.4171546E-06   1.3317298E-05   1.6389333E-05   1.6529059E-05   1.7235768E-05   3.3015419E-05
    3.7410129E-05   4.1332978E-05   5.1208646E-05   5.9349501E-05   6.7927561E-05   7.7394625E-05   8.7686288E-05   9.9093770E-05
    1.1159044E-04   1.2459589E-04   1.3793108E-04   1.5196891E-04   1.6675997E-04   1.8182955E-04   1.9750661E-04   2.1393356E-04
    2.3074843E-04   2.4810960E-04   2.6622419E-04   2.8499490E-04   1.7298279E-01   1.3203940E-05   1.2591945E-05   1.6415716E-05
    2.1079898E-05   2.9736393E-05   3.6769488E-05   3.7592917E-05   3.9190750E-05   7.3544179E-05   8.3850056E-05   9.3710513E-05
    1.1544315E-04   1.3458969E-04   1.5531705E-04   1.7732647E-04   2.0113537E-04   2.2702310E-04   2.5514004E-04   2.8456392E-04
    3.1474451E-04   3.4646750E-04   3.7989266E-04   4.1404343E-04   4.4957227E-04   4.8677311E-04   5.2493376E-04   5.6436219E-04
    6.0546115E-04   6.4804121E-04   2.6628782E-01   3.0125332E-05   2.8779259E-05   3.7592680E-05   4.8396729E-05   6.8063321E-05
    8.4636300E-05   8.8046097E-05   9.2034518E-05   1.6767003E-04   1.9291058E-04   2.1854316E-04   2.6797833E-04   3.1419781E-04
    3.6477129E-04   4.1684881E-04   4.7295900E-04   5.3311059E-04   5.9797661E-04   6.6613817E-04   7.3614169E-04   8.0963319E-04
    8.8704629E-04   9.6637953E-04   1.0489239E-03   1.1352832E-03   1.2240594E-03   1.3158496E-03   1.4114350E-03   1.5104475E-03
    4.1548631E-01   6.9830847E-05   6.6865613E-05   8.7568147E-05   1.1312023E-04   1.5852533E-04   1.9840758E-04   2.1090434E-04
    2.2198773E-04   3.8849050E-04   4.5242240E-04   5.2020127E-04   6.3549047E-04   7.4818549E-04   8.7142070E-04   9.9579646E-04
    1.1293776E-03   1.2712246E-03   1.4233203E-03   1.5835901E-03   1.7485403E-03   1.9215577E-03   2.1037081E-03   2.2909521E-03
    2.4858117E-03   2.6895075E-03   2.8993280E-03   3.1164170E-03   3.3422703E-03   3.5761806E-03   6.5538695E-01   1.6321544E-04
    1.5675410E-04   2.0595380E-04   2.6713421E-04   3.7301604E-04   4.7021212E-04   5.1301997E-04   5.4658385E-04   9.0945424E-04
    1.0742448E-03   1.2532491E-03   1.5256705E-03   1.7996842E-03   2.0974705E-03   2.3951256E-03   2.7140254E-03   3.0507448E-03
    3.4102286E-03   3.7896651E-03   4.1812363E-03   4.5917320E-03   5.0235806E-03   5.4688152E-03   5.9322648E-03   6.4163385E-03
    6.9158752E-03   7.4330236E-03   7.9705934E-03   8.5272465E-03   1.0457939E+00   3.8409196E-04   3.7027914E-04   4.8839182E-04
    6.3594275E-04   8.8586042E-04   1.1250365E-03   1.2653263E-03   1.3720334E-03   2.1537152E-03   2.5800831E-03   3.0474259E-03
    3.6951865E-03   4.3577806E-03   5.0724632E-03   5.7859676E-03   6.5489790E-03   7.3523671E-03   8.2073358E-03   9.1105065E-03
    1.0045307E-02   1.1025005E-02   1.2054819E-02   1.3119391E-02   1.4227785E-02   1.5384638E-02   1.6580306E-02   1.7818745E-02
    1.9105125E-02   2.0436949E-02   1.6852086E+00   9.0530864E-04   8.7678589E-04   1.1615346E-03   1.5151725E-03   2.1130922E-03
    2.7032140E-03   3.1453915E-03   3.4834225E-03   5.1471241E-03   6.2358777E-03   7.4291819E-03   8.9649023E-03   1.0551990E-02
    1.2253029E-02   1.3959369E-02   1.5781622E-02   1.7698691E-02   1.9734243E-02   2.1885087E-02   2.4117723E-02   2.6457359E-02
    2.8914647E-02   3.1460720E-02   3.4112195E-02   3.6877756E-02   3.9739738E-02   4.2705238E-02   4.5783546E-02   4.8970036E-02
    2.7413720E+00   2.1335287E-03   2.0776021E-03   2.7649900E-03   3.5947161E-03   5.0551025E-03   6.5116271E-03   7.8518265E-03
    8.8834669E-03   1.2410524E-02   1.5133169E-02   1.8107257E-02   2.1726353E-02   2.5495629E-02   2.9518886E-02   3.3588895E-02
    3.7931148E-02   4.2501141E-02   4.7346092E-02   5.2464822E-02   5.7792487E-02   6.3375595E-02   6.9234883E-02   7.5317459E-02
    8.1653048E-02   8.8257399E-02   9.5098751E-02   1.0218946E-01   1.0954570E-01   1.1715888E-01   4.4882130E+00   4.9970464E-03
    4.8977441E-03   6.5477022E-03   8.4157503E-03   1.2056023E-02   1.5639364E-02   1.9504171E-02   2.2485034E-02   2.9988455E-02
    3.6615280E-02   4.3835032E-02   5.2274384E-02   6.1128285E-02   7.0561476E-02   8.0202131E-02   9.0480623E-02   1.0130992E-01
    1.1277901E-01   1.2489218E-01   1.3752958E-01   1.5077399E-01   1.6466371E-01   1.7910478E-01   1.9414864E-01   2.0982261E-01
    2.2607077E-01   2.4291357E-01   2.6037781E-01   2.7844717E-01   7.3794459E+00   1.1573407E-02   1.1436024E-02   1.5353590E-02
    1.9378658E-02   2.8516697E-02   3.7299404E-02   4.7775090E-02   5.5956154E-02   7.2088045E-02   8.7777642E-02   1.0487699E-01
    1.2431720E-01   1.4486059E-01   1.6674835E-01   1.8935329E-01   2.1344235E-01   2.3885719E-01   2.6575554E-01   2.9415232E-01
    3.2383720E-01   3.5495099E-01   3.8756017E-01   4.2150383E-01   4.5686689E-01   4.9369369E-01   5.3188774E-01   5.7147979E-01
    6.1251026E-01   6.5494636E-01   1.2184566E+01   2.6472526E-02   2.6409526E-02   3.5586451E-02   4.4284730E-02   6.6693534E-02
    8.8034351E-02   1.1442903E-01   1.3606109E-01   1.7129321E-01   2.0760225E-01   2.4729927E-01   2.9158573E-01   3.3869577E-01
    3.8894844E-01   4.4134820E-01   4.9716964E-01   5.5614375E-01   6.1853287E-01   6.8436860E-01   7.5330108E-01   8.2555712E-01
    9.0124379E-01   9.8009557E-01   1.0622435E+00   1.1477517E+00   1.2364549E+00   1.3283898E+00   1.4236050E+00   1.5220269E+00
    2.0259052E+01   6.0208323E-02   6.0441362E-02   8.1700075E-02   1.0240200E-01   1.5432855E-01   2.0508231E-01   2.6705377E-01
    3.2263040E-01   4.0086635E-01   4.8373593E-01   5.7461935E-01   6.7472882E-01   7.8177835E-01   8.9616246E-01   1.0163645E+00
    1.1443851E+00   1.2797905E+00   1.4229930E+00   1.5740467E+00   1.7323934E+00   1.8983776E+00   2.0721565E+00   2.2533010E+00
    2.4419925E+00   2.6383024E+00   2.8419381E+00   3.0529091E+00   3.2712293E+00   3.4967069E+00   3.4025918E+01   1.3803810E-01
    1.3736091E-01   1.8671260E-01   2.4203340E-01   3.5476257E-01   4.7201753E-01   6.1116874E-01   7.4898803E-01   9.2446886E-01
    1.1123188E+00   1.3183674E+00   1.5435692E+00   1.7852808E+00   2.0439913E+00   2.3174121E+00   2.6085649E+00   2.9167737E+00
    3.2426548E+00   3.5862835E+00   3.9467885E+00   4.3246561E+00   4.7200816E+00   5.1323615E+00   5.5616894E+00   6.0080683E+00
    6.4709246E+00   6.9500964E+00   7.4453760E+00   7.9561802E+00   5.7682291E+01   3.2241293E-01   3.0840721E-01   4.2423081E-01
    5.7245009E-01   8.0985201E-01   1.0749311E+00   1.3837212E+00   1.7107618E+00   2.1035433E+00   2.5265637E+00   2.9894471E+00
    3.4932709E+00   4.0354897E+00   4.6166291E+00   5.2332900E+00   5.8898459E+00   6.5852772E+00   7.3204360E+00   8.0953786E+00
    8.9087561E+00   9.7611540E+00   1.0652698E+01   1.1582161E+01   1.2549536E+01   1.3554447E+01   1.4595567E+01   1.5672008E+01
    1.6782609E+01   1.7925403E+01   9.8821273E+01   7.8325396E-01   6.8403922E-01   9.5053826E-01   1.3195141E+00   1.8289571E+00
    2.4242353E+00   3.1119402E+00   3.8644938E+00   4.7392234E+00   5.6868484E+00   6.7214381E+00   7.8451806E+00   9.0566310E+00
    1.0356162E+01   1.1738788E+01   1.3210659E+01   1.4770220E+01   1.6418524E+01   1.8155447E+01   1.9978788E+01   2.1888957E+01
    2.3885571E+01   2.5966141E+01   2.8129631E+01   3.0374134E+01   3.2695952E+01   3.5091396E+01   3.7555594E+01   4.0081473E+01
    1.7089425E+02   2.0289459E+00   1.5333421E+00   2.0947858E+00   2.9443512E+00   4.0628174E+00   5.3938766E+00   6.9261117E+00
    8.6262717E+00   1.0559725E+01   1.2665292E+01   1.4962857E+01   1.7456155E+01   2.0145743E+01   2.3032113E+01   2.6107888E+01
    2.9381701E+01   3.2850904E+01   3.6516529E+01   4.0377746E+01   4.4430370E+01   4.8673573E+01   5.3104873E+01   5.7718082E+01
    6.2508105E+01   6.7467331E+01   7.2583893E+01   7.7843599E+01   8.3227432E+01   8.8709005E+01   2.9811232E+02   5.6293196E+00
    3.6857832E+00   4.7522337E+00   6.6197579E+00   9.0912807E+00   1.2058645E+01   1.5472037E+01   1.9283500E+01   2.3557500E+01
    2.8236011E+01   3.3346075E+01   3.8892710E+01   4.4877851E+01   5.1302474E+01   5.8156594E+01   6.5450600E+01   7.3179631E+01
    8.1343226E+01   8.9937724E+01   9.8953840E+01   1.0838521E+02   1.1822127E+02   1.2844382E+02   1.3903226E+02   1.4995747E+02
    1.6117766E+02   1.7263812E+02   1.8426432E+02   1.9595365E+02   5.1890540E+02   1.5652925E+01   9.5996072E+00   1.1500902E+01
    1.5548246E+01   2.0985461E+01   2.7542551E+01   3.5089398E+01   4.3578916E+01   5.3066200E+01   6.3518571E+01   7.4959002E+01
    8.7390777E+01   1.0081365E+02   1.1522698E+02   1.3062195E+02   1.4700042E+02   1.6435356E+02   1.8267232E+02   2.0194176E+02
    2.2213852E+02   2.4323379E+02   2.6518612E+02   2.8793546E+02   3.1140134E+02   3.3547140E+02   3.5998837E+02   3.8473574E+02
    4.0941406E+02   4.3361045E+02   8.9883648E+02   4.1425348E+01   2.5720023E+01   2.8917938E+01   3.7704269E+01   4.9509887E+01
    6.3867849E+01   8.0585395E+01   9.9620160E+01   1.2096548E+02   1.4461015E+02   1.7054284E+02   1.9875336E+02   2.2923043E+02
    2.6196413E+02   2.9695421E+02   3.3416451E+02   3.7357442E+02   4.1514203E+02   4.5881087E+02   5.0450830E+02   5.5212099E+02
    6.0149041E+02   6.5239744E+02   7.0452681E+02   7.5743405E+02   8.1049425E+02   8.6282635E+02   9.1320292E+02   9.5994251E+02
    1.5638461E+03   1.0264093E+02   6.6932920E+01   7.1304423E+01   9.0604477E+01   1.1598552E+02   1.4770766E+02   1.8533147E+02
    2.2858437E+02   2.7725938E+02   3.3131598E+02   3.9066006E+02   4.5524394E+02   5.2502656E+02   5.9996922E+02   6.8007790E+02
    7.6521723E+02   8.5531515E+02   9.5021877E+02   1.0497223E+03   1.1535586E+03   1.2612999E+03   1.3723391E+03   1.4858215E+03
    1.6004908E+03   1.7145461E+03   1.8254278E+03   1.9295203E+03   2.0218572E+03   2.0958841E+03   2.8100557E+03   2.4476863E+02
    1.6916225E+02   1.7264009E+02   2.1625643E+02   2.7277111E+02   3.4572767E+02   4.3340380E+02   5.3458896E+02   6.4860454E+02
    7.7526036E+02   9.1430166E+02   1.0655955E+03   1.2290243E+03   1.4044619E+03   1.5918657E+03   1.7908429E+03   2.0010972E+03
    2.2220782E+03   2.4530117E+03   2.6928259E+03   2.9398434E+03   3.1916151E+03   3.4445855E+03   3.6934867E+03   3.9307009E+03
    4.1454510E+03   4.3229709E+03   4.4442173E+03   4.4868297E+03   5.6075198E+03   6.1088869E+02   4.4525601E+02   4.4061031E+02
    5.5075247E+02   6.9315898E+02   8.8017906E+02   1.1055024E+03   1.3653383E+03   1.6579927E+03   1.9828041E+03   2.3391783E+03
    2.7267557E+03   3.1451693E+03   3.5939605E+03   4.0727153E+03   4.5801507E+03   5.1148892E+03   5.6746207E+03   6.2559329E+03
    6.8538099E+03   7.4604734E+03   8.0642541E+03   8.6478144E+03   9.1855977E+03   9.6413886E+03   9.9667020E+03   1.0102269E+04
    9.9862519E+03   9.5714613E+03   1.1864640E+04   1.5116696E+03   1.1486329E+03   1.1182161E+03   1.4102704E+03   1.7872975E+03
    2.2798904E+03   2.8706331E+03   3.5500612E+03   4.3144545E+03   5.1619346E+03   6.0911238E+03   7.1009733E+03   8.1902103E+03
    9.3570346E+03   1.0599159E+04   1.1911793E+04   1.3288564E+04   1.4719153E+04   1.6187706E+04   1.7669903E+04   1.9127824E+04
    2.0503849E+04   2.1712865E+04   2.2634877E+04   2.3115113E+04   2.2981416E+04   2.2089676E+04   2.0394182E+04   1.8007908E+04
    2.6227345E+04   3.7326946E+03   2.9191182E+03   2.8569670E+03   3.6619641E+03   4.6930601E+03   6.0176241E+03   7.5945898E+03
    9.4028480E+03   1.1434536E+04   1.3684803E+04   1.6150109E+04   1.8826937E+04   2.1710342E+04   2.4792721E+04   2.8062848E+04
    3.1500480E+04   3.5075323E+04   3.8738180E+04   4.2410968E+04   4.5970686E+04   4.9225931E+04   5.1892361E+04   5.3577963E+04
    5.3807752E+04   5.2131786E+04   4.8328233E+04   4.2616353E+04   3.5697073E+04   2.8517128E+04   5.6624115E+04   8.6308424E+03
    6.8627488E+03   6.9301721E+03   9.0473816E+03   1.1737787E+04   1.5125855E+04   1.9129735E+04   2.3708076E+04   2.8845192E+04
    3.4529527E+04   4.0751282E+04   4.7498172E+04   5.4751095E+04   6.2479104E+04   7.0632941E+04   7.9127607E+04   8.7827089E+04
    9.6506873E+04   1.0480353E+05   1.1214450E+05   1.1767377E+05   1.2023894E+05   1.1855429E+05   1.1166220E+05   9.9608230E+04
    8.3837013E+04   6.6772223E+04   5.0770614E+04   3.7291401E+04   1.1676301E+05   1.8522664E+04   1.4893837E+04   1.5801311E+04
    2.0980022E+04   2.7528348E+04   3.5633612E+04   4.5150843E+04   5.6007457E+04   6.8173514E+04   8.1622047E+04   9.6324532E+04
    1.1223868E+05   1.2929444E+05   1.4737404E+05   1.6628090E+05   1.8567615E+05   2.0499427E+05   2.2329068E+05   2.3904495E+05
    2.4997186E+05   2.5305114E+05   2.4518245E+05   2.2472685E+05   1.9327241E+05   1.5585240E+05   1.1873390E+05   8.6579200E+04
    6.1290711E+04   4.2642690E+04   2.2887115E+05   3.7344275E+04   3.0460500E+04   3.4193965E+04   4.6044967E+04   6.0987734E+04
    7.9245619E+04   1.0057868E+05   1.2486665E+05   1.5205127E+05   1.8206733E+05   2.1482926E+05   2.5019610E+05   2.8792430E+05
    3.2759095E+05   3.6846399E+05   4.0926275E+05   4.4780110E+05   4.8046191E+05   5.0172269E+05   5.0435074E+05   4.8141753E+05
    4.3064085E+05   3.5837596E+05   2.7820691E+05   2.0391138E+05   1.4345941E+05   9.8422125E+04   6.6668127E+04   4.4972630E+04
    4.2304496E+05   7.0923366E+04   5.9329433E+04   7.0356590E+04   9.5837296E+04   1.2789227E+05   1.6670229E+05   2.1188850E+05
    2.6325467E+05   3.2067925E+05   3.8399692E+05   4.5295208E+05   5.2709621E+05   6.0562792E+05   6.8711294E+05   7.6899137E+05
    8.4672436E+05   9.1258755E+05   9.5446145E+05   9.5629434E+05   9.0323814E+05   7.9244382E+05   6.4153299E+05   4.8211815E+05
    3.4182250E+05   2.3314536E+05   1.5561379E+05   1.0291581E+05   6.7994355E+04   4.5100219E+04   7.4366206E+05   1.2873221E+05
    1.1207446E+05   1.3966234E+05   1.9210225E+05   2.5791137E+05   3.3707392E+05   4.2900627E+05   5.3337779E+05   6.4991126E+05
    7.7816800E+05   9.1739208E+05   1.0661989E+06   1.2220366E+06   1.3802015E+06   1.5321064E+06   1.6625619E+06   1.7468755E+06
    1.7513058E+06   1.6443952E+06   1.4219142E+06   1.1250946E+06   8.2195296E+05   5.6570445E+05   3.7508818E+05   2.4403130E+05
    1.5776805E+05   1.0215634E+05   6.6551893E+04   4.3730052E+04   1.2536333E+06   2.2603321E+05   2.0791129E+05   2.7059297E+05
    3.7541168E+05   5.0659595E+05   6.6366766E+05   8.4572511E+05   1.0521666E+06   1.2823094E+06   1.5349511E+06   1.8078692E+06
    2.0968469E+06   2.3938666E+06   2.6837682E+06   2.9386860E+06   3.1111730E+06   3.1332264E+06   2.9383585E+06   2.5162166E+06
    1.9539433E+06   1.3919772E+06   9.3193016E+05   6.0146245E+05   3.8168530E+05   2.4127650E+05   1.5310089E+05   9.7934412E+04
    6.3289398E+04   4.1360864E+04   2.0313560E+06   3.8592337E+05   3.7987063E+05   5.1299196E+05   7.1733644E+05   9.7235036E+05
    1.2766705E+06   1.6288552E+06   2.0276928E+06   2.4714231E+06   2.9567092E+06   3.4770727E+06   4.0198043E+06   4.5600189E+06
    5.0499870E+06   5.4041084E+06   5.4915172E+06   5.1730435E+06   4.4136680E+06   3.3810748E+06   2.3571049E+06   1.5382279E+06
    9.6723666E+05   5.9884297E+05   3.7005824E+05   2.3001314E+05   1.4438372E+05   9.1708230E+04   5.8986835E+04   3.8424908E+04
    3.1639267E+06   6.4235831E+05   6.8160422E+05   9.4883691E+05   1.3365626E+06   1.8190805E+06   2.3934953E+06   3.0573567E+06
    3.8080048E+06   4.6408425E+06   5.5466837E+06   6.5069754E+06   7.4841202E+06   8.4028606E+06   9.1202593E+06   9.4001278E+06
    8.9601435E+06   7.6824379E+06   5.8507929E+06   4.0132380E+06   2.5604841E+06   1.5705868E+06   9.4889448E+05   5.7302240E+05
    3.4865785E+05   2.1460622E+05   1.3386811E+05   8.4676579E+04   5.4310971E+04   3.5309908E+04   4.7697683E+06   1.0527068E+06
    1.2054452E+06   1.7198744E+06   2.4395936E+06   3.3329264E+06   4.3944138E+06   5.6195490E+06   7.0021274E+06   8.5301311E+06
    1.0178510E+07   1.1894803E+07   1.3569594E+07   1.4982675E+07   1.5737759E+07   1.5292652E+07   1.3303624E+07   1.0166708E+07
    6.9064624E+06   4.3224610E+06   2.5893528E+06   1.5264420E+06   9.0018279E+05   5.3566684E+05   3.2297602E+05   1.9765405E+05
    1.2283004E+05   7.7498533E+04   4.9620676E+04   3.2221077E+04   7.0213833E+06   1.7183538E+06   2.1129665E+06   3.0759336E+06
    4.3923914E+06   6.0224508E+06   7.9563099E+06   1.0184958E+07   1.2693339E+07   1.5449964E+07   1.8386626E+07   2.1355490E+07
    2.4042276E+07   2.5831034E+07   2.5752665E+07   2.2948191E+07   1.7779044E+07   1.2052056E+07   7.4270396E+06   4.3494049E+06
    2.5006783E+06   1.4386030E+06   8.3615224E+05   4.9320307E+05   2.9574406E+05   1.8035035E+05   1.1181469E+05   7.0436067E+04
    4.5048579E+04   2.9229024E+04   1.0171938E+07   2.8194195E+06   3.6887867E+06   5.4611601E+06   7.8484515E+06   1.0797887E+07
    1.4291914E+07   1.8311111E+07   2.2817930E+07   2.7729246E+07   3.2858105E+07   3.7786975E+07   4.1629887E+07   4.2792233E+07
    3.9408706E+07   3.1305019E+07   2.1373344E+07   1.3031580E+07   7.4698434E+06   4.1861635E+06   2.3460806E+06   1.3297897E+06
    7.6613458E+05   4.4947494E+05   2.6860503E+05   1.6343548E+05   1.0117569E+05   6.3668166E+04   4.0690298E+04   2.6387365E+04
    1.4566246E+07   4.6569510E+06   6.4128865E+06   9.6323140E+06   1.3926210E+07   1.9220557E+07   2.5483035E+07   3.2669411E+07
    4.0684574E+07   4.9307808E+07   5.8024167E+07   6.5662344E+07   6.9838408E+07   6.7015427E+07   5.5300120E+07   3.8513913E+07
    2.3410028E+07   1.3168366E+07   7.1913884E+06   3.9208260E+06   2.1634709E+06   1.2152915E+06   6.9639951E+05   4.0719376E+05
    2.4281255E+05   1.4752986E+05   9.1239837E+04   5.7376490E+04   3.6651482E+04   2.3759882E+04   2.0737382E+07   7.7378473E+06
    1.1111323E+07   1.6903698E+07   2.4575762E+07   3.4017832E+07   4.5167465E+07   5.7919959E+07   7.2031705E+07   8.6912361E+07
    1.0113938E+08   1.1149585E+08   1.1213461E+08   9.7386503E+07   7.0312188E+07   4.3090687E+07   2.3895718E+07   1.2722121E+07
    6.7385641E+06   3.6126682E+06   1.9746217E+06   1.1030704E+06   6.2995969E+05   3.6755826E+05   2.1887103E+05   1.3285806E+05
    8.2112722E+04   5.1613302E+04   3.2959264E+04   2.1361296E+04   2.9522704E+07   1.2910655E+07   1.9208730E+07   2.9561665E+07
    4.3202136E+07   5.9959617E+07   7.9706362E+07   1.0218771E+08   1.2677288E+08   1.5186888E+08   1.7355691E+08   1.8341255E+08
    1.6945619E+08   1.2921466E+08   8.1146481E+07   4.4710768E+07   2.3244761E+07   1.1947290E+07   6.2100962E+06   3.2952132E+06
    1.7905629E+06   9.9676101E+05   5.6801383E+05   3.3095330E+05   1.9689163E+05   1.1944111E+05   7.3788178E+04   4.6366478E+04
    2.9602209E+04   1.9182481E+04   4.2215803E+07   2.1583105E+07   3.3135771E+07   5.1539469E+07   7.5683785E+07   1.0529162E+08
    1.4008687E+08   1.7943809E+08   2.2169477E+08   2.6252998E+08   2.9134066E+08   2.8811136E+08   2.3641876E+08   1.5554121E+08
    8.6275345E+07   4.3976377E+07   2.1921265E+07   1.1023510E+07   5.6640064E+06   2.9862930E+06   1.6166982E+06   8.9795427E+05
    5.1098278E+05   2.9744904E+05   1.7684964E+05   1.0723748E+05   6.6229461E+04   4.1608091E+04   2.6560295E+04   1.7209440E+04
    6.0743698E+07   3.6064816E+07   5.6973511E+07   8.9493095E+07   1.3200227E+08   1.8402859E+08   2.4494838E+08   3.1317552E+08
    3.8435518E+08   4.4675649E+08   4.7301051E+08   4.2386767E+08   3.0022530E+08   1.7121591E+08   8.6287926E+07   4.1753127E+07
    2.0272470E+07   1.0058236E+07   5.1310888E+06   2.6944246E+06   1.4552146E+06   8.0707372E+05   4.5883487E+05   2.6692758E+05
    1.5863663E+05   9.6165910E+04   5.9379805E+04   3.7299581E+04   2.3807586E+04   1.5424742E+04   8.7855124E+07   6.0071178E+07
    9.7437278E+07   1.5446153E+08   2.2876625E+08   3.1950193E+08   4.2521631E+08   5.4189488E+08   6.5800815E+08   7.4232441E+08
    7.3068710E+08   5.7291893E+08   3.4662116E+08   1.7552235E+08   8.2766477E+07   3.8749778E+07   1.8511367E+07   9.1082937E+06
    4.6255279E+06   2.4226545E+06   1.3063953E+06   7.2382967E+05   4.1124939E+05   2.3914452E+05   1.4208475E+05   8.6115367E+04
    5.3166680E+04   3.3393623E+04   2.1313065E+04   1.3807910E+04   1.2714146E+08   9.9284540E+07   1.6506381E+08   2.6391763E+08
    3.9235522E+08   5.4876648E+08   7.2971860E+08   9.2504898E+08   1.1044620E+09   1.1886220E+09   1.0521505E+09   7.0335628E+08
    3.6833308E+08   1.7095609E+08   7.7216128E+07   3.5420504E+07   1.6752088E+07   8.1996845E+06   4.1520575E+06   2.1709910E+06
    1.1694773E+06   6.4754391E+05   3.6775041E+05   2.1378903E+05   1.2699582E+05   7.6960129E+04   4.7510050E+04   2.9838867E+04
    1.9043460E+04   1.2337150E+04   1.8254096E+08   1.6153440E+08   2.7484903E+08   4.4299796E+08   6.6087053E+08   9.2528989E+08
    1.2281692E+09   1.5441208E+09   1.7958038E+09   1.7996737E+09   1.3851551E+09   7.8615412E+08   3.6720729E+08   1.6078436E+08
    7.0699092E+07   3.2026031E+07   1.5052287E+07   7.3432132E+06   3.7113841E+06   1.9384101E+06   1.0434700E+06   5.7751955E+05
    3.2788863E+05   1.9057950E+05   1.1319436E+05   6.8590451E+04   4.2340683E+04   2.6591165E+04   1.6970288E+04   1.0993867E+04
    2.5685403E+08   2.5585043E+08   4.4496704E+08   7.2265038E+08   1.0814801E+09   1.5150861E+09   2.0048772E+09   2.4894877E+09
    2.7829919E+09   2.5229482E+09   1.6522062E+09   8.1185123E+08   3.4974650E+08   1.4758461E+08   6.3833087E+07   2.8691717E+07
    1.3432049E+07   6.5387597E+06   3.3007339E+06   1.7226585E+06   9.2690230E+05   5.1285370E+05   2.9111897E+05   1.6918658E+05
    1.0047972E+05   6.0882612E+04   3.7581280E+04   2.3601558E+04   1.5062112E+04   9.7576015E+03   3.4702679E+08   3.8716309E+08
    6.8761483E+08   1.1248352E+09   1.6882854E+09   2.3654777E+09   3.1159843E+09   3.8010011E+09   4.0184501E+09   3.2113009E+09
    1.7918674E+09   7.8831683E+08   3.2213242E+08   1.3287630E+08   5.6893467E+07   2.5448920E+07   1.1884106E+07   5.7772151E+06
    2.9139654E+06   1.5200649E+06   8.1764688E+05   4.5231619E+05   2.5672352E+05   1.4918544E+05   8.8596490E+04   5.3680550E+04
    3.3134940E+04   2.0808934E+04   1.3279814E+04   8.6029578E+03   4.2834749E+08   5.3027775E+08   9.6009226E+08   1.5810074E+09
    2.3791376E+09   3.3327718E+09   4.3662901E+09   5.2138431E+09   5.1659509E+09   3.6381843E+09   1.7890908E+09   7.3306852E+08
    2.9048798E+08   1.1828608E+08   5.0354058E+07   2.2460308E+07   1.0472941E+07   5.0869950E+06   2.5645875E+06   1.3374234E+06
    7.1927463E+05   3.9785285E+05   2.2579560E+05   1.3120705E+05   7.7917599E+04   4.7209467E+04   2.9140336E+04   1.8300228E+04
    1.1678802E+04   7.5657967E+03   4.3147049E+08   5.3678280E+08   9.7275866E+08   1.6023755E+09   2.4115946E+09   3.3782022E+09
    4.4245996E+09   5.2777710E+09   5.2125067E+09   3.6498493E+09   1.7856415E+09   7.2972283E+08   2.8884348E+08   1.1756224E+08
    5.0035512E+07   2.2315941E+07   1.0405062E+07   5.0538721E+06   2.5478440E+06   1.3286778E+06   7.1456660E+05   3.9524715E+05
    2.2431624E+05   1.3034723E+05   7.7406924E+04   4.6900034E+04   2.8949332E+04   1.8180276E+04   1.1602253E+04   7.5162075E+03
    1.0400346E+07   1.0524227E+07   1.3371124E+07   1.8212855E+07   2.5932382E+07   3.8066576E+07   5.7012861E+07   8.6412871E+07
    1.3200738E+08   2.0243508E+08   3.1138173E+08   4.7938031E+08   7.3897437E+08   1.1395810E+09   1.7575427E+09   2.7111366E+09
    4.1830760E+09   6.4548364E+09   9.9572525E+09   1.5371192E+10   2.3709921E+10   3.6624415E+10   5.6553034E+10   8.7321437E+10
    1.3487383E+11   2.1038363E+11   3.4254336E+11   5.6020556E+11   9.2303545E+11   1.4852898E+12   2.3192754E+12   3.5280202E+12
    5.2315118E+12   7.6252102E+12   1.1008186E+13   1.5791340E+13   2.2501023E+13   3.1926023E+13   4.5231504E+13   6.4082794E+13
    9.0635569E+13   1.2793744E+14   1.8031207E+14   2.5373697E+14   3.5632203E+14   4.9893168E+14   6.9540855E+14   9.6140622E+14
    1.3119868E+15   1.7530128E+15   2.2248116E+15   2.2474829E+15
