-8.0 5.00000e-02	3.3451e+03	1.000e+07	2.287e+05	4.712e-13	7.069e-06	1.000e+00
-7.9 5.00000e-02	3.5161e+03	1.000e+07	2.615e+05	5.881e-13	8.873e-06	1.000e+00
-7.8 5.00000e-02	3.6930e+03	1.000e+07	2.987e+05	7.343e-13	1.113e-05	1.000e+00
-7.7 5.00000e-02	3.8798e+03	1.000e+07	3.412e+05	9.171e-13	1.396e-05	1.000e+00
-7.6 5.00000e-02	4.0795e+03	1.000e+07	3.896e+05	1.145e-12	1.750e-05	1.000e+00
-7.5 5.00000e-02	4.2863e+03	1.000e+07	4.447e+05	1.430e-12	2.192e-05	1.000e+00
-7.4 5.00000e-02	4.5018e+03	1.000e+07	5.072e+05	1.785e-12	2.744e-05	1.000e+00
-7.3 5.00000e-02	4.7234e+03	1.000e+07	5.778e+05	2.226e-12	3.431e-05	1.000e+00
-7.2 5.00000e-02	4.9488e+03	1.000e+07	6.575e+05	2.775e-12	4.287e-05	1.000e+00
-7.1 5.00000e-02	5.1741e+03	1.000e+07	7.471e+05	3.457e-12	5.351e-05	1.000e+00
-7.0 5.00000e-02	5.3991e+03	1.000e+07	8.478e+05	4.302e-12	6.672e-05	1.000e+00
-6.9 5.00000e-02	5.6239e+03	1.000e+07	9.607e+05	5.348e-12	8.308e-05	1.000e+00
-6.8 5.00000e-02	5.8468e+03	1.000e+07	1.087e+06	6.642e-12	1.033e-04	1.000e+00
-6.7 5.00000e-02	6.0670e+03	1.000e+07	1.228e+06	8.243e-12	1.282e-04	1.000e+00
-6.6 5.00000e-02	6.2841e+03	1.000e+07	1.384e+06	1.021e-11	1.589e-04	1.000e+00
-6.5 5.00000e-02	6.4977e+03	1.000e+07	1.558e+06	1.262e-11	1.965e-04	1.000e+00
-6.4 5.00000e-02	6.7065e+03	1.000e+07	1.750e+06	1.557e-11	2.424e-04	1.000e+00
-6.3 5.00000e-02	6.9099e+03	1.000e+07	1.973e+06	1.917e-11	2.983e-04	1.000e+00
-6.2 5.00000e-02	7.1081e+03	1.000e+07	2.209e+06	2.353e-11	3.660e-04	1.000e+00
-6.1 5.00000e-02	7.3000e+03	1.000e+07	2.466e+06	2.878e-11	4.477e-04	1.000e+00
-6.0 5.00000e-02	7.4871e+03	1.000e+07	2.748e+06	3.508e-11	5.456e-04	1.000e+00
-5.9 5.00000e-02	7.6669e+03	1.000e+07	3.053e+06	4.259e-11	6.623e-04	1.000e+00
-5.8 5.00000e-02	7.8408e+03	1.000e+07	3.382e+06	5.149e-11	8.005e-04	1.000e+00
-5.7 5.00000e-02	8.0096e+03	1.000e+07	3.736e+06	6.195e-11	9.627e-04	1.000e+00
-5.6 5.00000e-02	8.1740e+03	1.000e+07	4.113e+06	7.412e-11	1.152e-03	1.000e+00
-5.5 5.00000e-02	8.3352e+03	1.000e+07	4.513e+06	8.817e-11	1.369e-03	1.000e+00
-5.4 5.00000e-02	8.4939e+03	1.000e+07	4.933e+06	1.042e-10	1.617e-03	1.000e+00
-5.3 5.00000e-02	8.6511e+03	1.000e+07	5.398e+06	1.226e-10	1.897e-03	1.000e+00
-5.2 5.00000e-02	8.8079e+03	1.000e+07	5.820e+06	1.424e-10	2.208e-03	1.000e+00
-5.1 5.00000e-02	8.9658e+03	1.000e+07	6.312e+06	1.649e-10	2.548e-03	1.000e+00
-5.0 5.00000e-02	9.1261e+03	1.000e+07	6.740e+06	1.882e-10	2.915e-03	1.000e+00
-4.9 5.00000e-02	9.2902e+03	1.000e+07	7.198e+06	2.135e-10	3.305e-03	1.000e+00
-4.8 5.00000e-02	9.4600e+03	1.000e+07	7.647e+06	2.399e-10	3.712e-03	1.000e+00
-4.7 5.00000e-02	9.6373e+03	1.000e+07	8.079e+06	2.671e-10	4.130e-03	1.000e+00
-4.6 5.00000e-02	9.8245e+03	1.000e+07	8.489e+06	2.946e-10	4.554e-03	1.000e+00
-4.5 5.00000e-02	1.0024e+04	1.000e+07	8.871e+06	3.221e-10	4.977e-03	1.000e+00
-4.4 5.00000e-02	1.0237e+04	1.000e+07	9.283e+06	3.512e-10	5.398e-03	1.000e+00
-4.3 5.00000e-02	1.0468e+04	1.000e+07	9.596e+06	3.782e-10	5.814e-03	1.000e+00
-4.2 5.00000e-02	1.0718e+04	1.000e+07	9.875e+06	4.051e-10	6.228e-03	1.000e+00
-4.1 5.00000e-02	1.0989e+04	1.000e+07	1.012e+07	4.321e-10	6.645e-03	1.000e+00
-4.0 5.00000e-02	1.1283e+04	1.000e+07	1.039e+07	4.613e-10	7.070e-03	1.000e+00
-3.9 5.00000e-02	1.1599e+04	1.000e+07	1.040e+07	4.841e-10	7.514e-03	1.000e+00
-3.8 5.00000e-02	1.1939e+04	1.000e+07	1.058e+07	5.151e-10	7.983e-03	1.000e+00
-3.7 5.00000e-02	1.2302e+04	1.000e+07	1.077e+07	5.490e-10	8.486e-03	1.000e+00
-3.6 5.00000e-02	1.2683e+04	1.000e+07	1.091e+07	5.842e-10	9.027e-03	1.000e+00
-3.5 5.00000e-02	1.3082e+04	1.000e+07	1.111e+07	6.244e-10	9.606e-03	1.000e+00
-3.4 5.00000e-02	1.3496e+04	1.000e+07	1.116e+07	6.605e-10	1.022e-02	1.000e+00
-3.3 5.00000e-02	1.3922e+04	1.000e+07	1.133e+07	7.034e-10	1.086e-02	1.000e+00
-3.2 5.00000e-02	1.4359e+04	1.000e+07	1.142e+07	7.443e-10	1.151e-02	1.000e+00
-3.1 5.00000e-02	1.4800e+04	1.000e+07	1.146e+07	7.830e-10	1.217e-02	1.000e+00
-3.0 5.00000e-02	1.5243e+04	1.000e+07	1.154e+07	8.245e-10	1.283e-02	1.000e+00
-2.9 5.00000e-02	1.5681e+04	1.000e+07	1.161e+07	8.658e-10	1.347e-02	1.000e+00
-2.8 5.00000e-02	1.6114e+04	1.000e+07	1.168e+07	9.067e-10	1.411e-02	1.000e+00
-2.7 5.00000e-02	1.6544e+04	1.000e+07	1.177e+07	9.492e-10	1.473e-02	1.000e+00
-2.6 5.00000e-02	1.6980e+04	1.000e+07	1.181e+07	9.884e-10	1.533e-02	1.000e+00
-2.5 5.00000e-02	1.7441e+04	1.000e+07	1.185e+07	1.027e-09	1.592e-02	1.000e+00
-2.4 5.00000e-02	1.7949e+04	1.000e+07	1.187e+07	1.062e-09	1.648e-02	1.000e+00
-2.3 5.00000e-02	1.8527e+04	1.000e+07	1.190e+07	1.099e-09	1.704e-02	1.000e+00
-2.2 5.00000e-02	1.9189e+04	1.000e+07	1.192e+07	1.136e-09	1.758e-02	1.000e+00
-2.1 5.00000e-02	1.9942e+04	1.000e+07	1.195e+07	1.174e-09	1.812e-02	1.000e+00
-2.0 5.00000e-02	2.0784e+04	1.000e+07	1.196e+07	1.211e-09	1.868e-02	1.000e+00
-1.9 5.00000e-02	2.1709e+04	1.000e+07	1.198e+07	1.249e-09	1.925e-02	1.000e+00
-1.8 5.00000e-02	2.2713e+04	1.000e+07	1.199e+07	1.288e-09	1.983e-02	1.000e+00
-1.7 5.00000e-02	2.3804e+04	1.000e+07	1.201e+07	1.326e-09	2.041e-02	1.000e+00
-1.6 5.00000e-02	2.5007e+04	1.000e+07	1.201e+07	1.361e-09	2.096e-02	1.000e+00
-1.5 5.00000e-02	2.6367e+04	1.000e+07	1.202e+07	1.397e-09	2.148e-02	1.000e+00
-1.4 5.00000e-02	2.7959e+04	1.000e+07	1.203e+07	1.433e-09	2.198e-02	1.000e+00
-1.3 5.00000e-02	2.9879e+04	1.000e+07	1.203e+07	1.471e-09	2.245e-02	1.000e+00
-1.2 5.00000e-02	3.2249e+04	1.000e+07	1.204e+07	1.512e-09	2.291e-02	1.000e+00
-1.1 5.00000e-02	3.5233e+04	1.000e+07	1.204e+07	1.556e-09	2.336e-02	1.000e+00
-1.0 5.00000e-02	3.9078e+04	1.000e+07	1.204e+07	1.603e-09	2.381e-02	1.000e+00
-0.9 5.00000e-02	4.4173e+04	1.000e+07	1.205e+07	1.652e-09	2.425e-02	1.000e+00
-0.8 5.00000e-02	5.1222e+04	1.000e+07	1.205e+07	1.703e-09	2.468e-02	1.000e+00
-0.7 5.00000e-02	6.1487e+04	1.000e+07	1.206e+07	1.751e-09	2.506e-02	1.000e+00
-0.6 5.00000e-02	7.6926e+04	1.000e+07	1.206e+07	1.796e-09	2.535e-02	1.000e+00
-0.5 5.00000e-02	9.7830e+04	1.000e+07	1.206e+07	1.848e-09	2.573e-02	1.000e+00
-0.4 5.00000e-02	1.1918e+05	1.000e+07	1.206e+07	1.916e-09	2.642e-02	1.000e+00
-0.3 5.00000e-02	1.3701e+05	1.000e+07	1.207e+07	1.922e-09	2.665e-02	1.000e+00
-0.2 5.00000e-02	1.5239e+05	1.000e+07	1.207e+07	1.744e-09	2.526e-02	1.000e+00
-0.1 5.00000e-02	1.7083e+05	1.000e+07	1.207e+07	1.459e-09	2.295e-02	1.000e+00
0.0 5.00000e-02	1.9921e+05	1.000e+07	1.207e+07	1.243e-09	2.121e-02	1.000e+00
0.1 5.00000e-02	2.4302e+05	1.000e+07	1.208e+07	1.102e-09	1.997e-02	1.000e+00
0.2 5.00000e-02	3.1128e+05	1.000e+07	1.208e+07	9.884e-10	1.884e-02	1.000e+00
0.3 5.00000e-02	4.1533e+05	1.000e+07	1.208e+07	8.901e-10	1.788e-02	1.000e+00
0.4 5.00000e-02	5.3310e+05	1.000e+07	1.208e+07	8.412e-10	1.782e-02	1.000e+00
0.5 5.00000e-02	6.3446e+05	1.000e+07	1.208e+07	8.429e-10	1.875e-02	1.000e+00
0.6 5.00000e-02	7.1896e+05	1.000e+07	1.208e+07	8.740e-10	2.030e-02	1.000e+00
0.7 5.00000e-02	7.9654e+05	1.000e+07	1.208e+07	9.182e-10	2.222e-02	1.000e+00
0.8 5.00000e-02	8.7536e+05	1.000e+07	1.208e+07	9.614e-10	2.430e-02	1.000e+00
0.9 5.00000e-02	9.6292e+05	1.000e+07	1.208e+07	9.849e-10	2.634e-02	1.000e+00
1.0 5.00000e-02	1.0670e+06	1.000e+07	1.208e+07	9.689e-10	2.810e-02	1.000e+00
1.1 5.00000e-02	1.1969e+06	1.000e+07	1.208e+07	9.124e-10	2.964e-02	1.000e+00
1.2 5.00000e-02	1.3631e+06	1.000e+07	1.209e+07	8.424e-10	3.145e-02	1.000e+00
1.3 5.00000e-02	1.5783e+06	1.000e+07	1.209e+07	7.898e-10	3.419e-02	1.000e+00
1.4 5.00000e-02	1.8590e+06	1.000e+07	1.209e+07	7.687e-10	3.835e-02	1.000e+00
1.5 5.00000e-02	2.2262e+06	1.000e+07	1.209e+07	7.798e-10	4.423e-02	1.000e+00
1.6 5.00000e-02	2.7020e+06	1.000e+07	1.209e+07	8.209e-10	5.218e-02	1.000e+00
1.7 5.00000e-02	3.3090e+06	1.000e+07	1.209e+07	8.902e-10	6.261e-02	1.000e+00
1.8 5.00000e-02	4.0697e+06	1.000e+07	1.209e+07	9.890e-10	7.609e-02	1.000e+00
1.9 5.00000e-02	5.0043e+06	1.000e+07	1.209e+07	1.122e-09	9.333e-02	1.000e+00
2.0 5.00000e-02	6.1210e+06	1.000e+07	1.209e+07	1.299e-09	1.153e-01	1.000e+00
2.1 5.00000e-02	7.4046e+06	1.000e+07	1.209e+07	1.531e-09	1.432e-01	1.000e+00
2.2 5.00000e-02	8.8084e+06	1.000e+07	1.209e+07	1.834e-09	1.785e-01	1.000e+00
2.3 5.00000e-02	1.0262e+07	1.000e+07	1.209e+07	2.227e-09	2.232e-01	1.000e+00
2.4 5.00000e-02	1.1689e+07	1.000e+07	1.209e+07	2.731e-09	2.796e-01	1.000e+00
2.5 5.00000e-02	1.3030e+07	1.000e+07	1.209e+07	3.373e-09	3.508e-01	1.000e+00
2.6 5.00000e-02	1.4243e+07	1.000e+07	1.209e+07	4.189e-09	4.406e-01	1.000e+00
2.7 5.00000e-02	1.5310e+07	1.000e+07	1.209e+07	5.222e-09	5.537e-01	1.000e+00
2.8 5.00000e-02	1.6226e+07	1.000e+07	1.209e+07	6.526e-09	6.961e-01	1.000e+00
2.9 5.00000e-02	1.7001e+07	1.000e+07	1.209e+07	8.170e-09	8.755e-01	1.000e+00
3.0 5.00000e-02	1.7646e+07	1.000e+07	1.209e+07	1.024e-08	1.101e+00	1.000e+00
3.1 5.00000e-02	1.8179e+07	1.000e+07	1.209e+07	1.286e-08	1.386e+00	1.000e+00
3.2 5.00000e-02	1.8614e+07	1.000e+07	1.209e+07	1.614e-08	1.744e+00	1.000e+00
3.3 5.00000e-02	1.8969e+07	1.000e+07	1.209e+07	2.029e-08	2.195e+00	1.000e+00
3.4 5.00000e-02	1.9255e+07	1.000e+07	1.209e+07	2.550e-08	2.762e+00	1.000e+00
3.5 5.00000e-02	1.9486e+07	1.000e+07	1.209e+07	3.207e-08	3.477e+00	1.000e+00
3.6 5.00000e-02	1.9672e+07	1.000e+07	1.209e+07	4.034e-08	4.377e+00	1.000e+00
3.7 5.00000e-02	1.9821e+07	1.000e+07	1.209e+07	5.075e-08	5.509e+00	1.000e+00
3.8 5.00000e-02	1.9940e+07	1.000e+07	1.209e+07	6.386e-08	6.935e+00	1.000e+00
3.9 5.00000e-02	2.0035e+07	1.000e+07	1.209e+07	8.036e-08	8.730e+00	1.000e+00
4.0 5.00000e-02	2.0111e+07	1.000e+07	1.209e+07	1.011e-07	1.099e+01	1.000e+00
4.1 5.00000e-02	2.0172e+07	1.000e+07	1.209e+07	1.273e-07	1.384e+01	1.000e+00
4.2 5.00000e-02	2.0221e+07	1.000e+07	1.209e+07	1.602e-07	1.742e+01	1.000e+00
4.3 5.00000e-02	2.0260e+07	1.000e+07	1.209e+07	2.017e-07	2.193e+01	1.000e+00
4.4 5.00000e-02	2.0291e+07	1.000e+07	1.209e+07	2.539e-07	2.760e+01	1.000e+00
4.5 5.00000e-02	2.0317e+07	1.000e+07	1.209e+07	3.196e-07	3.475e+01	1.000e+00
4.6 5.00000e-02	2.0337e+07	1.000e+07	1.209e+07	4.023e-07	4.375e+01	1.000e+00
4.7 5.00000e-02	2.0354e+07	1.000e+07	1.209e+07	5.065e-07	5.507e+01	1.000e+00
4.8 5.00000e-02	2.0369e+07	1.000e+07	1.209e+07	6.377e-07	6.933e+01	1.000e+00
4.9 5.00000e-02	2.0381e+07	1.000e+07	1.209e+07	8.028e-07	8.728e+01	1.000e+00
5.0 5.00000e-02	2.0392e+07	1.000e+07	1.209e+07	1.011e-06	1.099e+02	1.000e+00
5.1 5.00000e-02	2.0403e+07	1.000e+07	1.209e+07	1.273e-06	1.383e+02	1.000e+00
5.2 5.00000e-02	2.0413e+07	1.000e+07	1.209e+07	1.603e-06	1.741e+02	1.000e+00
5.3 5.00000e-02	2.0424e+07	1.000e+07	1.209e+07	2.018e-06	2.192e+02	1.000e+00
5.4 5.00000e-02	2.0435e+07	1.000e+07	1.209e+07	2.542e-06	2.760e+02	1.000e+00
5.5 5.00000e-02	2.0449e+07	1.000e+07	1.209e+07	3.202e-06	3.475e+02	1.000e+00
5.6 5.00000e-02	2.0464e+07	1.000e+07	1.209e+07	4.034e-06	4.374e+02	1.000e+00
5.7 5.00000e-02	2.0483e+07	1.000e+07	1.209e+07	5.082e-06	5.507e+02	1.000e+00
5.8 5.00000e-02	2.0506e+07	1.000e+07	1.209e+07	6.405e-06	6.933e+02	1.000e+00
5.9 5.00000e-02	2.0534e+07	1.000e+07	1.209e+07	8.074e-06	8.728e+02	1.000e+00
6.0 5.00000e-02	2.0569e+07	1.000e+07	1.209e+07	1.018e-05	1.099e+03	1.000e+00
6.1 5.00000e-02	2.0613e+07	1.000e+07	1.209e+07	1.284e-05	1.383e+03	1.000e+00
6.2 5.00000e-02	2.0668e+07	1.000e+07	1.209e+07	1.621e-05	1.741e+03	1.000e+00
6.3 5.00000e-02	2.0737e+07	1.000e+07	1.209e+07	2.048e-05	2.192e+03	1.000e+00
6.4 5.00000e-02	2.0823e+07	1.000e+07	1.209e+07	2.589e-05	2.760e+03	1.000e+00
6.5 5.00000e-02	2.0932e+07	1.000e+07	1.209e+07	3.276e-05	3.475e+03	1.000e+00
6.6 5.00000e-02	2.1068e+07	1.000e+07	1.209e+07	4.151e-05	4.374e+03	1.000e+00
6.7 5.00000e-02	2.1240e+07	1.000e+07	1.209e+07	5.269e-05	5.507e+03	1.000e+00
6.8 5.00000e-02	2.1457e+07	1.000e+07	1.209e+07	6.701e-05	6.933e+03	1.000e+00
6.9 5.00000e-02	2.1729e+07	1.000e+07	1.209e+07	8.543e-05	8.728e+03	1.000e+00
7.0 5.00000e-02	2.2072e+07	1.000e+07	1.209e+07	1.092e-04	1.099e+04	1.000e+00
