i converge       t_e       t_r        ip        xi      i01      i02      i03      i04      i05      i06      i07      i08      i09
- -------- --------- --------- --------- --------- -------- -------- -------- -------- -------- -------- -------- -------- --------
1        3 7.650e+03 7.090e+07 4.730e-07 3.480e-05    0.477    0.508    0.015 4.15e-05    7e-08 3.89e-10 4.88e-13 1.27e-18    1e-20
1        3 7.650e+03 7.090e+07 6.410e-07 4.710e-05    0.437    0.544   0.0189 5.89e-05 1.04e-07 6.47e-10 8.55e-13  2.6e-18    1e-20
1        3 7.650e+03 7.090e+07 8.670e-07 6.370e-05    0.393    0.583   0.0241 8.63e-05 1.61e-07 1.13e-09 1.58e-12 5.72e-18    1e-20
1        3 7.650e+03 7.090e+07 1.170e-06 8.620e-05     0.35     0.62   0.0305 0.000127 2.48e-07 1.98e-09 2.91e-12 1.26e-17    1e-20
1        3 7.650e+03 7.090e+07 1.590e-06 1.170e-04    0.308    0.654   0.0385 0.000186 3.82e-07  3.5e-09 5.41e-12 2.81e-17    1e-20
1        3 7.650e+03 7.090e+07 2.150e-06 1.580e-04    0.268    0.684   0.0484 0.000274 5.93e-07 6.21e-09 1.01e-11 6.33e-17    1e-20
1        3 7.650e+03 7.090e+07 2.900e-06 2.140e-04     0.23    0.709   0.0607 0.000406 9.24e-07 1.11e-08 1.92e-11 1.45e-16    1e-20
1        3 7.650e+03 7.090e+07 3.930e-06 2.890e-04    0.195    0.729   0.0757 0.000604 1.45e-06 2.01e-08  3.7e-11 3.38e-16    1e-20
1        3 7.650e+03 7.090e+07 5.320e-06 3.910e-04    0.162    0.742   0.0941 0.000903  2.3e-06 3.68e-08 7.23e-11 8.08e-16    1e-20
1        3 7.650e+03 7.090e+07 7.200e-06 5.290e-04    0.133    0.749    0.117  0.00136  3.7e-06 6.81e-08 1.45e-10 1.98e-15    1e-20
1        3 7.650e+03 7.090e+07 9.740e-06 7.160e-04    0.107    0.747    0.144  0.00205 6.04e-06 1.28e-07 2.96e-10 5.03e-15 2.02e-20
1        3 7.650e+03 7.090e+07 1.320e-05 9.690e-04   0.0858    0.736    0.175  0.00304 9.71e-06 2.34e-07 5.92e-10 1.24e-14 6.13e-20
1        3 7.650e+03 7.090e+07 1.780e-05 1.310e-03   0.0661    0.715    0.214  0.00466 1.64e-05 4.54e-07 1.28e-09 3.38e-14 2.11e-19
1        3 7.650e+03 7.090e+07 2.410e-05 1.770e-03   0.0497    0.683     0.26  0.00715 2.83e-05  8.9e-07 2.85e-09 9.57e-14 7.58e-19
1        3 7.650e+03 7.090e+07 3.260e-05 2.400e-03   0.0363     0.64    0.313    0.011 4.96e-05 1.76e-06 6.52e-09 2.81e-13 2.85e-18
1        3 7.650e+03 7.090e+07 4.420e-05 3.250e-03   0.0257    0.587    0.371   0.0167 8.82e-05 3.51e-06 1.52e-08 8.49e-13 1.12e-17
1        1 8.610e+03 7.090e+07 5.970e-05 4.390e-03   0.0164    0.511    0.446   0.0261 0.000169 7.11e-06 4.07e-08 3.12e-12 5.62e-17
1        3 1.040e+04 7.090e+07 8.080e-05 5.940e-03  0.00909    0.415    0.533   0.0427 0.000359 1.55e-05 1.28e-07 1.44e-11 3.81e-16
1        3 1.040e+04 7.090e+07 1.090e-04 8.040e-03  0.00582    0.347    0.585   0.0612 0.000633 2.97e-05    3e-07 4.43e-11 1.53e-15
1        3 1.040e+04 7.090e+07 1.480e-04 1.090e-02  0.00349    0.279    0.629   0.0878  0.00115 5.88e-05 7.44e-07 1.47e-10 6.79e-15
1        3 1.040e+04 7.090e+07 2.000e-04 1.470e-02  0.00206    0.219    0.655    0.122  0.00203 0.000113 1.77e-06 4.66e-10 2.86e-14
1        3 1.040e+04 7.090e+07 2.710e-04 1.990e-02  0.00114    0.164    0.664    0.167  0.00364  0.00022 4.38e-06 1.56e-09 1.29e-13
1        3 1.040e+04 7.090e+07 3.670e-04 2.700e-02 0.000611    0.119    0.652    0.221  0.00638 0.000423 1.06e-05 5.09e-09 5.73e-13
1        3 1.040e+04 7.090e+07 4.960e-04 3.650e-02 0.000317   0.0835     0.62    0.285   0.0109   0.0008 2.51e-05 1.63e-08 2.49e-12
1        3 1.040e+04 7.090e+07 6.710e-04 4.930e-02 0.000166   0.0581    0.573    0.349   0.0175  0.00143 5.51e-05 4.76e-08 9.62e-12
1        3 1.040e+04 7.090e+07 9.080e-04 6.680e-02 8.17e-05   0.0385    0.511    0.419   0.0279  0.00262 0.000123 1.43e-07 3.91e-11
1        3 1.040e+04 7.090e+07 1.230e-03 9.030e-02 3.88e-05   0.0246     0.44    0.487   0.0433  0.00472  0.00027 4.24e-07 1.56e-10
1        3 1.040e+04 7.090e+07 1.660e-03 1.220e-01 1.77e-05   0.0152    0.366    0.545    0.065  0.00842 0.000581 1.23e-06 6.08e-10
1        3 1.040e+04 7.090e+07 2.250e-03 1.650e-01 8.16e-06  0.00926    0.297    0.586   0.0923   0.0143  0.00118  3.3e-06 2.17e-09
1        3 1.040e+04 7.090e+07 3.040e-03 2.240e-01 3.46e-06   0.0053    0.229     0.61    0.129   0.0247  0.00244  9.2e-06 8.15e-09
1        3 1.040e+04 7.090e+07 4.120e-03 3.030e-01 1.41e-06  0.00291    0.169    0.608    0.173   0.0416  0.00494 2.52e-05 3.01e-08
1        3 1.040e+04 7.090e+07 5.570e-03 4.100e-01 5.45e-07  0.00152    0.119    0.579    0.222    0.068  0.00979 6.74e-05 1.09e-07
1        3 1.040e+04 7.090e+07 7.540e-03 5.540e-01    2e-07 0.000753   0.0799    0.523     0.27    0.107   0.0188 0.000175 3.81e-07
1        3 1.040e+04 7.090e+07 1.020e-02 7.500e-01 6.89e-08  0.00035   0.0502    0.444     0.31     0.16   0.0349 0.000438 1.29e-06
1        3 1.040e+04 7.090e+07 1.380e-02 1.010e+00 2.21e-08 0.000152   0.0294    0.352    0.331    0.225   0.0617  0.00105 4.16e-06
1        3 1.040e+04 7.090e+07 1.870e-02 1.370e+00 6.55e-09 6.08e-05   0.0159    0.257    0.327    0.294    0.103  0.00236 1.27e-05
1        3 1.040e+04 7.090e+07 2.530e-02 1.860e+00 1.78e-09 2.24e-05  0.00792    0.173    0.298    0.356     0.16  0.00496 3.61e-05
1        3 1.040e+04 7.090e+07 3.420e-02 2.510e+00 4.46e-10 7.56e-06  0.00362    0.107    0.249    0.398    0.233  0.00975 9.58e-05
1        3 1.040e+04 7.090e+07 4.630e-02 3.400e+00 1.03e-10 2.36e-06  0.00153   0.0611    0.192    0.412    0.316   0.0179 0.000238
1        3 1.040e+04 7.090e+07 6.260e-02 4.600e+00  2.2e-11 6.84e-07 0.000599   0.0324    0.137    0.397    0.402   0.0308 0.000553
1        3 1.040e+04 7.090e+07 8.470e-02 6.230e+00 4.41e-12 1.85e-07  0.00022   0.0161   0.0923    0.358    0.482     0.05  0.00121
1        3 1.040e+04 7.090e+07 1.150e-01 8.430e+00 8.36e-13 4.75e-08 7.61e-05  0.00752   0.0584    0.306    0.549   0.0769  0.00253
1        3 1.040e+04 7.090e+07 1.550e-01 1.140e+01  1.5e-13 1.15e-08  2.5e-05  0.00334   0.0351    0.248    0.596    0.113  0.00503
1        3 1.040e+04 7.090e+07 2.100e-01 1.540e+01 2.55e-14 2.67e-09 7.82e-06  0.00141   0.0201    0.192    0.618    0.159  0.00955
1        3 1.040e+04 7.090e+07 2.840e-01 2.090e+01  3.9e-15  5.9e-10 2.34e-06 0.000573    0.011    0.142    0.615    0.214   0.0174
1        3 1.040e+04 7.090e+07 3.840e-01 2.820e+01 5.41e-16 1.25e-10 6.71e-07 0.000222  0.00578    0.101    0.587    0.276   0.0304
1        3 1.040e+04 7.090e+07 5.190e-01 3.820e+01 7.56e-17 2.54e-11 1.84e-07 8.25e-05   0.0029   0.0682    0.537    0.341   0.0507
1        3 1.040e+04 7.090e+07 7.030e-01 5.170e+01 6.02e-18  4.9e-12 4.81e-08 2.92e-05  0.00139   0.0442     0.47    0.404   0.0813
1        3 1.040e+04 7.090e+07 9.510e-01 6.990e+01 3.18e-18 9.06e-13  1.2e-08 9.86e-06 0.000635   0.0273    0.392    0.456    0.124
1        3 1.040e+04 7.090e+07 1.290e+00 9.470e+01    1e-20 1.59e-13 2.86e-09 3.17e-06 0.000276   0.0161    0.312    0.491    0.181
1        3 1.040e+04 7.090e+07 1.740e+00 1.280e+02    1e-20 2.67e-14 6.49e-10 9.74e-07 0.000115  0.00902    0.237    0.503    0.251
1        3 1.040e+04 7.090e+07 2.360e+00 1.730e+02 1.19e-17 4.31e-15  1.4e-10 2.84e-07 4.53e-05  0.00482    0.171    0.492    0.332
1        3 1.040e+04 7.090e+07 3.190e+00 2.340e+02    1e-20 6.29e-16 2.89e-11 7.94e-08 1.71e-05  0.00246    0.118     0.46     0.42
1        3 1.040e+04 7.090e+07 4.310e+00 3.170e+02 3.63e-18  1.1e-16 5.72e-12 2.12e-08  6.2e-06  0.00121   0.0782    0.412    0.509
1        3 1.040e+04 7.090e+07 5.840e+00 4.290e+02    1e-20    1e-20 1.09e-12 5.47e-09 2.16e-06 0.000569   0.0499    0.356    0.594
1        3 1.040e+04 7.090e+07 7.900e+00 5.810e+02    1e-20    1e-20 2.01e-13 1.37e-09  7.3e-07  0.00026   0.0308    0.297    0.672
1        3 1.040e+04 7.090e+07 1.070e+01 7.860e+02    1e-20    1e-20 3.61e-14 3.32e-10  2.4e-07 0.000116   0.0185    0.242    0.739
1        3 1.040e+04 7.090e+07 1.450e+01 1.060e+03  5.9e-19  2.4e-18 6.35e-15 7.89e-11 7.71e-08 5.03e-05   0.0109    0.193    0.796
1        3 1.040e+04 7.090e+07 1.960e+01 1.440e+03 1.12e-18 4.49e-18 1.11e-15 1.84e-11 2.44e-08 2.15e-05  0.00631    0.151    0.843
1        3 1.040e+04 7.090e+07 2.650e+01 1.950e+03    1e-20    1e-20 1.86e-16 4.24e-12 7.59e-09 9.06e-06   0.0036    0.116     0.88
1        3 1.040e+04 7.090e+07 3.580e+01 2.630e+03 4.24e-19  1.7e-18 3.75e-17 9.67e-13 2.34e-09 3.78e-06  0.00203   0.0888    0.909
1        3 1.040e+04 7.090e+07 4.850e+01 3.570e+03    1e-20    1e-20 3.16e-18 2.18e-13 7.15e-10 1.56e-06  0.00114   0.0672    0.932
1        3 1.040e+04 7.090e+07 6.560e+01 4.820e+03 1.42e-19  5.7e-19 2.93e-18 4.91e-14 2.17e-10 6.43e-07 0.000632   0.0506    0.949
1        3 1.040e+04 7.090e+07 8.870e+01 6.520e+03 1.66e-19 6.66e-19 2.55e-18  1.1e-14 6.58e-11 2.63e-07  0.00035   0.0379    0.962
1        3 1.040e+04 7.090e+07 1.200e+02 8.830e+03    1e-20    1e-20    1e-20 2.44e-15 1.98e-11 1.07e-07 0.000193   0.0283    0.972
1        3 1.040e+04 7.090e+07 1.620e+02 1.190e+04 5.96e-20 2.39e-19 8.69e-19 5.46e-16 5.97e-12 4.37e-08 0.000106   0.0211    0.979
1        3 1.040e+04 7.090e+07 2.200e+02 1.620e+04  6.6e-20 2.65e-19 9.59e-19 1.24e-16 1.79e-12 1.77e-08 5.84e-05   0.0157    0.984
1        3 1.040e+04 7.090e+07 2.970e+02 2.190e+04    1e-20    1e-20    1e-20  2.6e-17 5.36e-13 7.19e-09  3.2e-05   0.0116    0.988
1        3 1.040e+04 7.090e+07 4.020e+02 2.960e+04 3.79e-20 1.52e-19  5.5e-19 7.69e-18  1.6e-13 2.91e-09 1.76e-05  0.00862    0.991
1        3 1.040e+04 7.090e+07 5.440e+02 4.000e+04    1e-20 2.46e-20 8.88e-20 1.59e-18  4.8e-14 1.18e-09 9.61e-06  0.00638    0.994
1        3 1.040e+04 7.090e+07 7.370e+02 5.420e+04    1e-20    1e-20    1e-20 1.24e-19 1.43e-14 4.76e-10 5.26e-06  0.00473    0.995
1        3 1.040e+04 7.090e+07 9.970e+02 7.330e+04    1e-20    1e-20    1e-20    1e-20 4.28e-15 1.92e-10 2.88e-06   0.0035    0.997
1        3 1.040e+04 7.090e+07 1.350e+03 9.920e+04 2.88e-20 1.16e-19 4.18e-19 1.37e-18 1.28e-15 7.78e-11 1.57e-06  0.00259    0.997
1        3 1.040e+04 7.090e+07 1.820e+03 1.340e+05    1e-20 2.62e-20 9.47e-20 3.11e-19 3.83e-16 3.14e-11 8.59e-07  0.00191    0.998
1        3 1.040e+04 7.090e+07 2.470e+03 1.820e+05    1e-20    1e-20    1e-20    1e-20 1.14e-16 1.27e-11  4.7e-07  0.00141    0.999
1        3 1.040e+04 7.090e+07 3.340e+03 2.460e+05    1e-20    1e-20    1e-20 3.16e-20 3.41e-17 5.13e-12 2.57e-07  0.00105    0.999
1        3 1.040e+04 7.090e+07 4.520e+03 3.320e+05    1e-20 2.73e-20 9.86e-20 3.21e-19 1.12e-17 2.07e-12  1.4e-07 0.000773    0.999
1        3 1.040e+04 7.090e+07 6.120e+03 4.500e+05    1e-20 1.43e-20 5.16e-20 1.68e-19 3.58e-18 8.35e-13 7.66e-08 0.000571    0.999
1        3 1.040e+04 7.090e+07 8.280e+03 6.090e+05    1e-20    1e-20    1e-20    1e-20 9.04e-19 3.37e-13 4.18e-08 0.000422      1.0
1        3 1.040e+04 7.090e+07 1.120e+04 8.230e+05    1e-20    1e-20    1e-20    1e-20 2.71e-19 1.36e-13 2.29e-08 0.000312      1.0
1        3 1.040e+04 7.090e+07 1.510e+04 1.110e+06    1e-20    1e-20    1e-20    1e-20 8.08e-20  5.5e-14 1.25e-08 0.000231      1.0
1        3 1.040e+04 7.090e+07 2.050e+04 1.510e+06    1e-20    1e-20    1e-20    1e-20 2.41e-20 2.22e-14 6.82e-09 0.000171      1.0
1        3 1.040e+04 7.090e+07 2.770e+04 2.040e+06    1e-20    1e-20    1e-20    1e-20    1e-20 8.97e-15 3.73e-09 0.000126      1.0
1        3 1.040e+04 7.090e+07 3.750e+04 2.760e+06    1e-20    1e-20    1e-20    1e-20    1e-20 3.62e-15 2.04e-09 9.32e-05      1.0
1        3 1.040e+04 7.090e+07 5.070e+04 3.730e+06    1e-20    1e-20    1e-20    1e-20    1e-20 1.46e-15 1.11e-09 6.89e-05      1.0
1        3 1.040e+04 7.090e+07 6.870e+04 5.050e+06    1e-20    1e-20    1e-20    1e-20    1e-20  5.9e-16 6.07e-10 5.09e-05      1.0
1        3 1.040e+04 7.090e+07 9.290e+04 6.830e+06    1e-20    1e-20    1e-20    1e-20    1e-20 2.38e-16 3.32e-10 3.76e-05      1.0
1        3 1.040e+04 7.090e+07 1.260e+05 9.250e+06    1e-20    1e-20    1e-20    1e-20    1e-20 9.62e-17 1.81e-10 2.78e-05      1.0
1        3 1.040e+04 7.090e+07 1.700e+05 1.250e+07    1e-20    1e-20    1e-20    1e-20    1e-20 3.88e-17  9.9e-11 2.06e-05      1.0
1        3 1.040e+04 7.090e+07 2.300e+05 1.690e+07    1e-20    1e-20    1e-20    1e-20    1e-20 1.57e-17 5.41e-11 1.52e-05      1.0
1        3 1.040e+04 7.090e+07 3.110e+05 2.290e+07    1e-20    1e-20    1e-20    1e-20    1e-20 6.33e-18 2.96e-11 1.12e-05      1.0
1        3 1.040e+04 7.090e+07 4.210e+05 3.100e+07    1e-20    1e-20    1e-20    1e-20    1e-20 2.55e-18 1.61e-11  8.3e-06      1.0
1        3 1.040e+04 7.090e+07 5.700e+05 4.200e+07    1e-20    1e-20    1e-20    1e-20    1e-20 1.03e-18 8.81e-12 6.13e-06      1.0
1        3 1.040e+04 7.090e+07 7.720e+05 5.680e+07    1e-20    1e-20    1e-20    1e-20    1e-20 4.16e-19 4.81e-12 4.53e-06      1.0
1        3 1.040e+04 7.090e+07 1.040e+06 7.680e+07    1e-20    1e-20    1e-20    1e-20    1e-20 1.68e-19 2.63e-12 3.35e-06      1.0
1        3 1.040e+04 7.090e+07 1.410e+06 1.040e+08    1e-20    1e-20    1e-20    1e-20    1e-20 6.78e-20 1.44e-12 2.48e-06      1.0
1        3 1.040e+04 7.090e+07 1.910e+06 1.410e+08    1e-20    1e-20    1e-20    1e-20    1e-20 2.74e-20 7.85e-13 1.83e-06      1.0
1        3 1.040e+04 7.090e+07 2.590e+06 1.900e+08    1e-20    1e-20    1e-20    1e-20    1e-20 1.11e-20 4.29e-13 1.35e-06      1.0
1        3 1.040e+04 7.090e+07 3.500e+06 2.570e+08    1e-20    1e-20    1e-20    1e-20    1e-20    1e-20 2.34e-13    1e-06      1.0
1        3 1.040e+04 7.090e+07 4.730e+06 3.480e+08    1e-20    1e-20    1e-20    1e-20    1e-20    1e-20 1.28e-13 7.39e-07      1.0
