i converge       t_e       t_r        ip        xi      i01      i02      i03      i04      i05      i06      i07      i08      i09      i10      i11      i12      i13      i14      i15
- -------- --------- --------- --------- --------- -------- -------- -------- -------- -------- -------- -------- -------- -------- -------- -------- -------- -------- -------- --------
1        3 7.650e+03 7.090e+07 4.730e-07 3.480e-05    0.302    0.692  0.00454  0.00106 0.000143    4e-07  1.4e-10  9.2e-14 2.47e-18    1e-20    1e-20    1e-20    1e-20    1e-20    1e-20
1        3 7.650e+03 7.090e+07 6.410e-07 4.710e-05    0.272    0.721  0.00541  0.00129 0.000177    5e-07 2.04e-10 1.36e-13 4.21e-18    1e-20    1e-20    1e-20    1e-20    1e-20    1e-20
1        3 7.650e+03 7.090e+07 8.670e-07 6.370e-05    0.241     0.75  0.00654   0.0016 0.000222 6.42e-07 3.07e-10 2.09e-13 7.56e-18 1.03e-20    1e-20    1e-20    1e-20    1e-20    1e-20
1        3 7.650e+03 7.090e+07 1.170e-06 8.620e-05    0.212    0.778  0.00793  0.00198 0.000278 8.29e-07 4.65e-10 3.25e-13 1.37e-17 1.91e-20    1e-20    1e-20    1e-20    1e-20    1e-20
1        3 7.650e+03 7.090e+07 1.590e-06 1.170e-04    0.185    0.803  0.00961  0.00244  0.00035 1.08e-06  7.1e-10 5.13e-13 2.51e-17 3.61e-20    1e-20    1e-20    1e-20    1e-20    1e-20
1        3 7.650e+03 7.090e+07 2.150e-06 1.580e-04    0.159    0.825   0.0117  0.00302 0.000443 1.42e-06  1.1e-09 8.22e-13 4.66e-17 6.96e-20    1e-20    1e-20    1e-20    1e-20    1e-20
1        3 7.650e+03 7.090e+07 2.900e-06 2.140e-04    0.136    0.845   0.0142  0.00373 0.000562  1.9e-06 1.72e-09 1.34e-12 8.82e-17 1.38e-19    1e-20    1e-20    1e-20    1e-20    1e-20
1        3 7.650e+03 7.090e+07 3.930e-06 2.890e-04    0.115    0.862   0.0174  0.00463 0.000719 2.59e-06 2.73e-09 2.26e-12 1.71e-16  2.8e-19    1e-20    1e-20    1e-20    1e-20    1e-20
1        3 7.650e+03 7.090e+07 5.320e-06 3.910e-04   0.0964    0.876   0.0213  0.00576 0.000927 3.59e-06 4.44e-09  3.9e-12  3.4e-16 5.91e-19    1e-20    1e-20    1e-20    1e-20    1e-20
1        3 7.650e+03 7.090e+07 7.200e-06 5.290e-04   0.0796    0.886   0.0263  0.00719  0.00121 5.12e-06  7.4e-09 6.97e-12    7e-16  1.3e-18    1e-20    1e-20    1e-20    1e-20    1e-20
1        3 7.650e+03 7.090e+07 9.740e-06 7.160e-04    0.065    0.892   0.0325  0.00903   0.0016 7.52e-06 1.27e-08  1.3e-11  1.5e-15    3e-18    1e-20    1e-20    1e-20    1e-20    1e-20
1        3 7.650e+03 7.090e+07 1.320e-05 9.690e-04   0.0531    0.894   0.0399   0.0112  0.00211 1.11e-05 2.18e-08 2.43e-11 3.19e-15 6.92e-18    1e-20    1e-20    1e-20    1e-20    1e-20
1        3 7.650e+03 7.090e+07 1.780e-05 1.310e-03   0.0421    0.891   0.0498   0.0143  0.00288 1.75e-05 4.06e-08 4.98e-11 7.51e-15 1.79e-17    1e-20    1e-20    1e-20    1e-20    1e-20
1        3 7.650e+03 7.090e+07 2.410e-05 1.770e-03   0.0329    0.882   0.0624   0.0183  0.00401 2.88e-05 7.89e-08 1.08e-10 1.87e-14 4.94e-17    1e-20    1e-20    1e-20    1e-20    1e-20
1        3 7.650e+03 7.090e+07 3.260e-05 2.400e-03   0.0252    0.867   0.0784   0.0235  0.00571 4.93e-05 1.61e-07 2.48e-10 4.94e-14 1.46e-16  2.3e-20    1e-20    1e-20    1e-20    1e-20
1        3 7.650e+03 7.090e+07 4.420e-05 3.250e-03    0.019    0.844   0.0984   0.0303  0.00827 8.77e-05 3.45e-07 6.03e-10 1.39e-13 4.59e-16 8.41e-20    1e-20    1e-20    1e-20    1e-20
1        1 8.610e+03 7.090e+07 5.970e-05 4.390e-03   0.0152    0.806    0.125   0.0397   0.0131 0.000186 9.23e-07 1.89e-09 5.47e-13 1.98e-15 4.41e-19    1e-20    1e-20    1e-20    1e-20
1        3 1.040e+04 7.090e+07 8.080e-05 5.940e-03   0.0145    0.752    0.158   0.0527   0.0226 0.000463  3.1e-06 7.71e-09 3.01e-12 1.19e-14 3.42e-18 6.44e-20    1e-20    1e-20    1e-20
1        3 1.040e+04 7.090e+07 1.090e-04 8.040e-03   0.0105    0.697    0.191   0.0677   0.0335 0.000884  7.4e-06 2.14e-08 9.61e-12 4.34e-14 1.45e-17 3.07e-19    1e-20    1e-20    1e-20
1        3 1.040e+04 7.090e+07 1.480e-04 1.090e-02  0.00716    0.624    0.228   0.0878   0.0507  0.00177  1.9e-05 6.52e-08  3.4e-11 1.78e-13 6.95e-17 1.68e-18    1e-20    1e-20    1e-20
1        3 1.040e+04 7.090e+07 2.000e-04 1.470e-02  0.00474    0.542    0.263    0.111   0.0746  0.00343 4.76e-05 1.95e-07 1.17e-10 7.09e-13 3.23e-16 8.93e-18    1e-20    1e-20    1e-20
1        3 1.040e+04 7.090e+07 2.710e-04 1.990e-02  0.00292    0.448    0.294     0.14    0.109  0.00674 0.000123  6.2e-07 4.29e-10 3.06e-12 1.64e-15 5.22e-17 2.86e-20    1e-20    1e-20
1        3 1.040e+04 7.090e+07 3.670e-04 2.700e-02   0.0017     0.35    0.311     0.17    0.153   0.0128  0.00031 1.94e-06 1.54e-09  1.3e-11 8.16e-15    3e-16 1.97e-19    1e-20    1e-20
1        3 1.040e+04 7.090e+07 4.960e-04 3.650e-02 0.000935    0.259     0.31    0.201    0.206   0.0231 0.000746  5.9e-06  5.4e-09 5.38e-11 3.98e-14 1.69e-15 1.33e-18    1e-20    1e-20
1        3 1.040e+04 7.090e+07 6.710e-04 4.930e-02 0.000503    0.184    0.293    0.225    0.258   0.0384  0.00163 1.62e-05  1.7e-08 1.97e-10 1.71e-13 8.22e-15 7.76e-18    1e-20    1e-20
1        3 1.040e+04 7.090e+07 9.080e-04 6.680e-02 0.000246    0.121    0.259    0.244    0.311   0.0622  0.00353 4.53e-05  5.5e-08 7.46e-10 7.72e-13  4.2e-14 4.83e-17    1e-20    1e-20
1        3 1.040e+04 7.090e+07 1.230e-03 9.030e-02 0.000113   0.0743    0.215    0.252    0.355   0.0958  0.00727 0.000121 1.73e-07 2.72e-09 3.39e-12 2.06e-13 2.93e-16 1.14e-20    1e-20
1        3 1.040e+04 7.090e+07 1.660e-03 1.220e-01 4.83e-05   0.0429    0.167    0.249    0.386     0.14   0.0143 0.000313 5.31e-07 9.53e-09 1.46e-11 9.79e-13 1.73e-15 9.06e-20    1e-20
1        3 1.040e+04 7.090e+07 2.250e-03 1.650e-01 2.04e-05    0.024    0.124    0.234    0.399    0.192   0.0259 0.000739  1.5e-06 3.02e-08 5.64e-11 4.13e-12 9.11e-15 6.32e-19    1e-20
1        3 1.040e+04 7.090e+07 3.040e-03 2.240e-01 7.69e-06   0.0122   0.0849    0.208    0.393    0.255   0.0461  0.00175 4.35e-06 9.76e-08 2.29e-10 1.81e-11 5.08e-14 4.75e-18    1e-20
1        3 1.040e+04 7.090e+07 4.120e-03 3.030e-01 2.69e-06  0.00575    0.054    0.173    0.366     0.32   0.0779  0.00393 1.22e-05 3.03e-07 8.97e-10 7.64e-11 2.74e-13 3.46e-17    1e-20
1        3 1.040e+04 7.090e+07 5.570e-03 4.100e-01 8.65e-07  0.00249   0.0316    0.134    0.321    0.378    0.124   0.0084 3.31e-05 8.97e-07 3.39e-09 3.08e-10 1.43e-12 2.43e-16 1.34e-20
1        3 1.040e+04 7.090e+07 7.540e-03 5.540e-01 2.55e-07 0.000993    0.017   0.0956    0.264     0.42    0.186   0.0169 8.52e-05 2.52e-06 1.22e-08 1.18e-09 7.06e-12 1.62e-15 1.21e-19
1        3 1.040e+04 7.090e+07 1.020e-02 7.500e-01 6.85e-08  0.00036  0.00832   0.0624    0.202    0.435     0.26   0.0317 0.000208 6.68e-06 4.15e-08 4.31e-09 3.32e-11 1.03e-14 1.04e-18
1        3 1.040e+04 7.090e+07 1.380e-02 1.010e+00 1.67e-08 0.000118   0.0037   0.0372    0.144     0.42    0.339   0.0556 0.000478 1.68e-05 1.34e-07 1.49e-08 1.49e-10 6.24e-14 8.46e-18
1        3 1.040e+04 7.090e+07 1.870e-02 1.370e+00 3.71e-09 3.56e-05   0.0015   0.0203   0.0962    0.378    0.412   0.0911  0.00103 4.01e-05  4.1e-07 4.94e-08 6.31e-10 3.58e-13 6.57e-17
1        3 1.040e+04 7.090e+07 2.530e-02 1.860e+00 7.55e-10  9.8e-06  0.00056   0.0101   0.0599    0.318    0.469     0.14  0.00211 9.13e-05 1.19e-06 1.57e-07 2.56e-09 1.97e-12 4.87e-16
1        3 1.040e+04 7.090e+07 3.420e-02 2.510e+00 1.42e-10 2.49e-06 0.000192   0.0047   0.0351    0.252    0.502    0.202  0.00407 0.000199 3.31e-06  4.8e-07    1e-08 1.04e-11 3.48e-15
1        3 1.040e+04 7.090e+07 4.630e-02 3.400e+00 2.48e-11 5.88e-07 6.14e-05  0.00202   0.0194    0.188    0.507    0.276  0.00743 0.000421 8.84e-06 1.43e-06 3.78e-08  5.3e-11  2.4e-14
1        3 1.040e+04 7.090e+07 6.260e-02 4.600e+00 4.05e-12  1.3e-07 1.83e-05 0.000815   0.0101    0.133    0.485    0.357   0.0129 0.000861 2.28e-05 4.18e-06  1.4e-07 2.65e-10 1.62e-13
1        3 1.040e+04 7.090e+07 8.470e-02 6.230e+00 6.23e-13  2.7e-08 5.16e-06  0.00031  0.00505   0.0897    0.442     0.44   0.0214  0.00172 5.74e-05  1.2e-05 5.06e-07  1.3e-09 1.08e-12
1        3 1.040e+04 7.090e+07 1.150e-01 8.430e+00 9.11e-14 5.34e-09 1.38e-06 0.000112  0.00241   0.0578    0.385    0.517   0.0339  0.00334 0.000141  3.4e-05 1.81e-06 6.26e-09 7.03e-12
1        3 1.040e+04 7.090e+07 1.550e-01 1.140e+01 1.26e-14    1e-09  3.5e-07 3.83e-05   0.0011   0.0356    0.321    0.584   0.0516  0.00635  0.00034 9.54e-05 6.41e-06 3.01e-08 4.57e-11
1        3 1.040e+04 7.090e+07 2.100e-01 1.540e+01 1.67e-15  1.8e-10  8.5e-08 1.26e-05  0.00048   0.0211    0.257    0.633   0.0754   0.0118 0.000806 0.000266 2.26e-05 1.43e-07 2.95e-10
1        3 1.040e+04 7.090e+07 2.840e-01 2.090e+01 2.12e-16 3.09e-11 1.98e-08 3.96e-06 0.000202    0.012    0.198    0.659    0.106   0.0214  0.00188 0.000736 7.93e-05 6.81e-07 1.89e-09
1        3 1.040e+04 7.090e+07 3.840e-01 2.820e+01 2.51e-17 5.09e-12  4.4e-09 1.19e-06 8.18e-05  0.00657    0.147    0.659    0.143   0.0376  0.00428  0.00202 0.000277 3.22e-06 1.21e-08
1        3 1.040e+04 7.090e+07 5.190e-01 3.820e+01 2.76e-18 7.99e-13 9.35e-10 3.42e-07 3.15e-05  0.00343    0.103    0.629    0.185   0.0636  0.00945  0.00544 0.000952  1.5e-05  7.6e-08
1        3 1.040e+04 7.090e+07 7.030e-01 5.170e+01 2.68e-18 1.17e-13 1.86e-10  9.2e-08 1.14e-05  0.00168   0.0687    0.565    0.225    0.102     0.02   0.0143   0.0032 6.81e-05 4.68e-07
1        3 1.040e+04 7.090e+07 9.510e-01 6.990e+01 1.51e-18  1.6e-14 3.41e-11 2.28e-08 3.83e-06 0.000762   0.0421    0.468    0.252    0.152   0.0394   0.0353   0.0102 0.000293 2.73e-06
1        3 1.040e+04 7.090e+07 1.290e+00 9.470e+01  3.3e-18 2.01e-15 5.54e-12 5.02e-09 1.14e-06 0.000306   0.0229    0.344     0.25    0.203   0.0696   0.0793   0.0298  0.00116 1.46e-05
1        3 1.040e+04 7.090e+07 1.740e+00 1.280e+02 3.61e-18 3.05e-16 7.62e-13 9.35e-10 2.85e-07 0.000104   0.0105    0.214     0.21    0.228    0.105    0.153   0.0752  0.00396 6.73e-05
1        3 1.040e+04 7.090e+07 2.360e+00 1.730e+02    1e-20    1e-20 8.44e-14  1.4e-10 5.78e-08 2.85e-05  0.00389    0.107    0.142    0.208    0.127    0.243    0.157   0.0111 0.000257
1        3 1.040e+04 7.090e+07 3.190e+00 2.340e+02    1e-20    1e-20 7.32e-15 1.67e-11 9.33e-09 6.22e-06  0.00115   0.0428    0.077    0.151    0.125    0.312    0.265   0.0255 0.000795
1        3 1.040e+04 7.090e+07 4.310e+00 3.170e+02 6.49e-18 1.99e-16 4.38e-16 1.65e-12 1.24e-09 1.12e-06  0.00028   0.0141   0.0343   0.0907    0.101    0.333    0.376    0.049  0.00206
1        3 1.040e+04 7.090e+07 5.840e+00 4.290e+02 2.22e-18  6.8e-17 2.13e-16  1.4e-13 1.43e-10 1.75e-07 5.91e-05  0.00403   0.0133   0.0473   0.0706    0.311    0.467   0.0823   0.0047
1        3 1.040e+04 7.090e+07 7.900e+00 5.810e+02    1e-20    1e-20    1e-20  1.1e-14 1.49e-11 2.46e-08 1.13e-05  0.00104  0.00462   0.0222   0.0448    0.263    0.528    0.126  0.00972
1        3 1.040e+04 7.090e+07 1.070e+01 7.860e+02    1e-20    1e-20    1e-20 8.19e-16 1.43e-12 3.19e-09 1.98e-06 0.000247  0.00149  0.00967   0.0263    0.207    0.557     0.18   0.0188
1        3 1.040e+04 7.090e+07 1.450e+01 1.060e+03    1e-20    1e-20    1e-20    1e-20 1.29e-13 3.89e-10 3.26e-07  5.5e-05 0.000448  0.00394   0.0145    0.153    0.553    0.241   0.0341
1        3 1.040e+04 7.090e+07 1.960e+01 1.440e+03    1e-20    1e-20    1e-20    1e-20 1.09e-14 4.46e-11 5.06e-08 1.16e-05 0.000127  0.00151   0.0075    0.107    0.519    0.307   0.0586
1        3 1.040e+04 7.090e+07 2.650e+01 1.950e+03 1.83e-19 5.61e-18 6.75e-18 5.68e-17  8.6e-16 4.82e-12  7.4e-09 2.29e-06 3.41e-05 0.000547  0.00367   0.0703    0.461    0.369   0.0953
1        3 1.040e+04 7.090e+07 3.580e+01 2.630e+03    1e-20    1e-20    1e-20    1e-20 5.35e-17 4.92e-13 1.02e-09 4.27e-07 8.62e-06 0.000187   0.0017   0.0438    0.388     0.42    0.147
1        3 1.040e+04 7.090e+07 4.850e+01 3.570e+03    1e-20    1e-20    1e-20    1e-20    1e-20 4.72e-14 1.33e-10 7.51e-08 2.05e-06 6.02e-05 0.000739   0.0258    0.308    0.451    0.214
1        3 1.040e+04 7.090e+07 6.560e+01 4.820e+03 9.75e-20 2.98e-18 3.59e-18 3.01e-17 1.81e-17 4.29e-15 1.64e-11 1.25e-08 4.63e-07 1.84e-05 0.000305   0.0144    0.232    0.459    0.294
1        3 1.040e+04 7.090e+07 8.870e+01 6.520e+03    1e-20    1e-20    1e-20    1e-20    1e-20 3.17e-16 1.91e-12 1.98e-09 9.88e-08 5.31e-06 0.000119  0.00757    0.165    0.443    0.384
1        3 1.040e+04 7.090e+07 1.200e+02 8.830e+03    1e-20    1e-20    1e-20    1e-20    1e-20    1e-20 2.12e-13 2.97e-10 2.01e-08 1.46e-06 4.43e-05  0.00381    0.112    0.407    0.477
1        3 1.040e+04 7.090e+07 1.620e+02 1.190e+04    1e-20    1e-20    1e-20    1e-20    1e-20    1e-20 2.25e-14 4.26e-11  3.9e-09 3.83e-07 1.57e-05  0.00183    0.073    0.358    0.567
1        3 1.040e+04 7.090e+07 2.200e+02 1.620e+04  1.8e-20  5.5e-19 6.62e-19 5.56e-18 3.27e-18 5.76e-18 2.31e-15 5.89e-12 7.29e-10 9.69e-08 5.38e-06 0.000846   0.0457    0.303     0.65
1        3 1.040e+04 7.090e+07 2.970e+02 2.190e+04 3.49e-20 1.07e-18 1.28e-18 1.08e-17 6.35e-18 1.08e-17 2.48e-16  7.9e-13 1.32e-10 2.38e-08 1.79e-06  0.00038   0.0277    0.249    0.723
1        3 1.040e+04 7.090e+07 4.020e+02 2.960e+04    1e-20 1.88e-19 2.26e-19  1.9e-18 1.12e-18 1.91e-18 2.56e-17 1.03e-13 2.34e-11 5.69e-09 5.78e-07 0.000166   0.0164      0.2    0.784
1        3 1.040e+04 7.090e+07 5.440e+02 4.000e+04    1e-20 2.23e-19 2.68e-19 2.25e-18 1.32e-18 2.26e-18 6.37e-18 1.32e-14 4.05e-12 1.33e-09 1.83e-07 7.14e-05  0.00954    0.157    0.834
1        3 1.040e+04 7.090e+07 7.370e+02 5.420e+04    1e-20    1e-20    1e-20    1e-20    1e-20    1e-20    1e-20 1.66e-15 6.92e-13 3.08e-10 5.74e-08 3.02e-05  0.00546    0.121    0.873
1        3 1.040e+04 7.090e+07 9.970e+02 7.330e+04    1e-20    1e-20    1e-20    1e-20    1e-20    1e-20    1e-20 1.89e-16 1.17e-13 7.05e-11 1.77e-08 1.26e-05  0.00309   0.0929    0.904
1        3 1.040e+04 7.090e+07 1.350e+03 9.920e+04    1e-20 1.02e-20 1.23e-20 1.03e-19 6.07e-20 1.04e-19 1.98e-19 2.62e-17 1.96e-14  1.6e-11 5.43e-09 5.24e-06  0.00173   0.0705    0.928
1        3 1.040e+04 7.090e+07 1.820e+03 1.340e+05    1e-20    1e-20    1e-20    1e-20    1e-20    1e-20    1e-20    1e-20 3.24e-15 3.59e-12 1.65e-09 2.15e-06 0.000964   0.0531    0.946
1        3 1.040e+04 7.090e+07 2.470e+03 1.820e+05    1e-20 3.97e-20 4.77e-20    4e-19 2.36e-19 4.02e-19 7.64e-19 1.94e-18  5.4e-16 8.03e-13    5e-10 8.83e-07 0.000534   0.0398     0.96
1        3 1.040e+04 7.090e+07 3.340e+03 2.460e+05    1e-20    1e-20    1e-20    1e-20    1e-20    1e-20    1e-20    1e-20 8.16e-17 1.79e-13 1.51e-10  3.6e-07 0.000295   0.0297     0.97
1        3 1.040e+04 7.090e+07 4.520e+03 3.320e+05    1e-20    1e-20    1e-20 1.17e-20    1e-20 1.18e-20 2.24e-20 5.13e-20 1.46e-17 3.98e-14 4.54e-11 1.47e-07 0.000162   0.0222    0.978
1        3 1.040e+04 7.090e+07 6.120e+03 4.500e+05    1e-20    1e-20    1e-20 5.47e-20 3.22e-20  5.5e-20 1.04e-19 2.13e-19 2.78e-18 8.81e-15 1.36e-11 5.95e-08 8.92e-05   0.0165    0.983
1        3 1.040e+04 7.090e+07 8.280e+03 6.090e+05    1e-20    1e-20    1e-20    1e-20    1e-20    1e-20    1e-20    1e-20 3.49e-19 1.95e-15 4.08e-12 2.41e-08 4.89e-05   0.0122    0.988
1        3 1.040e+04 7.090e+07 1.120e+04 8.230e+05    1e-20    1e-20    1e-20 1.26e-20    1e-20 1.27e-20  2.4e-20 4.89e-20 1.55e-19 4.33e-16 1.22e-12 9.78e-09 2.68e-05  0.00907    0.991
1        3 1.040e+04 7.090e+07 1.510e+04 1.110e+06    1e-20    1e-20    1e-20    1e-20    1e-20    1e-20    1e-20    1e-20    1e-20 9.54e-17 3.66e-13 3.96e-09 1.47e-05  0.00672    0.993
1        3 1.040e+04 7.090e+07 2.050e+04 1.510e+06    1e-20    1e-20    1e-20 1.54e-20    1e-20 1.54e-20 2.93e-20 5.96e-20 1.13e-19 2.13e-17 1.09e-13  1.6e-09 8.04e-06  0.00497    0.995
1        3 1.040e+04 7.090e+07 2.770e+04 2.040e+06    1e-20    1e-20 1.16e-20 9.74e-20 5.74e-20 9.78e-20 1.86e-19 3.78e-19 7.05e-19 5.96e-18 3.26e-14 6.47e-10  4.4e-06  0.00368    0.996
1        3 1.040e+04 7.090e+07 3.750e+04 2.760e+06    1e-20 1.19e-20 1.43e-20  1.2e-19 7.07e-20  1.2e-19 2.29e-19 4.66e-19 8.68e-19 2.63e-18 9.75e-15 2.61e-10  2.4e-06  0.00272    0.997
1        3 1.040e+04 7.090e+07 5.070e+04 3.730e+06    1e-20    1e-20    1e-20 3.36e-20 1.98e-20 3.38e-20 6.42e-20 1.31e-19 2.43e-19 6.75e-19 2.91e-15 1.06e-10 1.31e-06  0.00201    0.998
1        3 1.040e+04 7.090e+07 6.870e+04 5.050e+06    1e-20    1e-20    1e-20    1e-20    1e-20    1e-20    1e-20    1e-20    1e-20    1e-20 8.68e-16 4.26e-11 7.18e-07  0.00149    0.999
1        3 1.040e+04 7.090e+07 9.290e+04 6.830e+06    1e-20    1e-20    1e-20    1e-20    1e-20    1e-20    1e-20    1e-20    1e-20    1e-20 2.59e-16 1.72e-11 3.93e-07   0.0011    0.999
1        3 1.040e+04 7.090e+07 1.260e+05 9.250e+06    1e-20    1e-20    1e-20    1e-20    1e-20    1e-20    1e-20    1e-20    1e-20    1e-20 7.74e-17 6.95e-12 2.14e-07 0.000814    0.999
1        3 1.040e+04 7.090e+07 1.700e+05 1.250e+07    1e-20    1e-20    1e-20    1e-20    1e-20    1e-20    1e-20    1e-20    1e-20    1e-20 2.31e-17 2.81e-12 1.17e-07 0.000602    0.999
1        3 1.040e+04 7.090e+07 2.300e+05 1.690e+07    1e-20    1e-20    1e-20    1e-20    1e-20    1e-20    1e-20    1e-20    1e-20    1e-20 6.89e-18 1.13e-12  6.4e-08 0.000445      1.0
1        3 1.040e+04 7.090e+07 3.110e+05 2.290e+07    1e-20    1e-20    1e-20    1e-20    1e-20    1e-20    1e-20    1e-20    1e-20    1e-20 2.06e-18 4.58e-13  3.5e-08 0.000329      1.0
1        3 1.040e+04 7.090e+07 4.210e+05 3.100e+07    1e-20    1e-20    1e-20    1e-20    1e-20    1e-20    1e-20    1e-20    1e-20    1e-20 6.14e-19 1.85e-13 1.91e-08 0.000243      1.0
1        3 1.040e+04 7.090e+07 5.700e+05 4.200e+07    1e-20    1e-20    1e-20    1e-20    1e-20    1e-20    1e-20    1e-20    1e-20    1e-20 1.82e-19 7.45e-14 1.04e-08  0.00018      1.0
1        3 1.040e+04 7.090e+07 7.720e+05 5.680e+07    1e-20    1e-20    1e-20    1e-20    1e-20    1e-20    1e-20    1e-20    1e-20    1e-20 5.46e-20 3.01e-14  5.7e-09 0.000133      1.0
1        3 1.040e+04 7.090e+07 1.040e+06 7.680e+07    1e-20    1e-20    1e-20    1e-20    1e-20    1e-20    1e-20    1e-20    1e-20    1e-20 1.66e-20 1.22e-14 3.11e-09 9.81e-05      1.0
1        3 1.040e+04 7.090e+07 1.410e+06 1.040e+08    1e-20    1e-20    1e-20    1e-20    1e-20    1e-20    1e-20    1e-20    1e-20    1e-20    1e-20 4.91e-15  1.7e-09 7.25e-05      1.0
1        3 1.040e+04 7.090e+07 1.910e+06 1.410e+08    1e-20    1e-20    1e-20    1e-20    1e-20    1e-20    1e-20    1e-20    1e-20    1e-20    1e-20 1.98e-15 9.29e-10 5.36e-05      1.0
1        3 1.040e+04 7.090e+07 2.590e+06 1.900e+08    1e-20    1e-20    1e-20    1e-20    1e-20    1e-20    1e-20    1e-20    1e-20    1e-20    1e-20    8e-16 5.08e-10 3.96e-05      1.0
1        3 1.040e+04 7.090e+07 3.500e+06 2.570e+08    1e-20    1e-20    1e-20    1e-20    1e-20    1e-20    1e-20    1e-20    1e-20    1e-20    1e-20 3.23e-16 2.77e-10 2.93e-05      1.0
1        3 1.040e+04 7.090e+07 4.730e+06 3.480e+08    1e-20    1e-20    1e-20    1e-20    1e-20    1e-20    1e-20    1e-20    1e-20    1e-20    1e-20  1.3e-16 1.51e-10 2.16e-05      1.0
