i converge       t_e       t_r        ip        xi      i01      i02      i03      i04      i05      i06      i07      i08      i09
- -------- --------- --------- --------- --------- -------- -------- -------- -------- -------- -------- -------- -------- --------
1        0 5.430e+03 7.090e+07 4.730e-07 3.480e-05     0.56    0.428   0.0117 5.61e-05 2.33e-08 7.59e-12 8.87e-16 1.18e-24 1.18e-24
1        0 5.660e+03 7.090e+07 6.400e-07 4.710e-05    0.515    0.469   0.0158 9.17e-05 4.53e-08 1.73e-11 2.41e-15 2.01e-20 1.18e-24
1        0 5.880e+03 7.090e+07 8.660e-07 6.380e-05    0.469     0.51   0.0211 0.000149 8.76e-08 3.92e-11 6.59e-15 6.59e-20 1.18e-24
1        0 6.100e+03 7.090e+07 1.170e-06 8.630e-05    0.422     0.55    0.028  0.00024 1.69e-07 8.93e-11 1.81e-14 2.17e-19 1.18e-24
1        0 6.310e+03 7.090e+07 1.580e-06 1.170e-04    0.374    0.588   0.0369 0.000384 3.26e-07 2.04e-10    5e-14 7.28e-19 1.18e-24
1        0 6.520e+03 7.090e+07 2.140e-06 1.580e-04    0.328    0.623   0.0484 0.000614 6.29e-07 4.71e-10  1.4e-13 2.47e-18 1.18e-24
1        0 6.710e+03 7.090e+07 2.900e-06 2.140e-04    0.283    0.653   0.0628 0.000976 1.21e-06 1.09e-09 3.96e-13 8.54e-18 1.18e-24
1        0 6.890e+03 7.090e+07 3.920e-06 2.890e-04     0.24    0.677    0.081  0.00155 2.35e-06 2.56e-09 1.14e-12 3.02e-17 1.18e-24
1        0 7.050e+03 7.090e+07 5.310e-06 3.910e-04      0.2    0.694    0.104  0.00245 4.57e-06 6.08e-09 3.34e-12 1.09e-16 1.18e-24
1        0 7.190e+03 7.090e+07 7.190e-06 5.290e-04    0.163    0.701    0.132  0.00387 8.95e-06 1.47e-08    1e-11 4.06e-16 1.18e-24
1        0 7.320e+03 7.090e+07 9.720e-06 7.160e-04    0.131    0.698    0.165   0.0061 1.76e-05 3.58e-08 3.06e-11 1.56e-15 1.53e-20
1        0 7.430e+03 7.090e+07 1.320e-05 9.690e-04    0.101    0.683    0.206  0.00958 3.48e-05 8.88e-08 9.58e-11 6.15e-15 7.61e-20
1        0 7.520e+03 7.090e+07 1.780e-05 1.310e-03   0.0766    0.656    0.253    0.015  6.9e-05 2.23e-07 3.06e-10  2.5e-14 3.93e-19
1        0 7.600e+03 7.090e+07 2.410e-05 1.770e-03   0.0562    0.615    0.305   0.0232 0.000137 5.64e-07 9.94e-10 1.04e-13  2.1e-18
1        0 7.670e+03 7.090e+07 3.260e-05 2.400e-03   0.0399    0.562    0.362   0.0356 0.000271 1.44e-06 3.28e-09 4.44e-13 1.16e-17
1        0 7.750e+03 7.090e+07 4.410e-05 3.250e-03    0.027    0.498     0.42   0.0538 0.000533 3.67e-06 1.09e-08 1.92e-12 6.55e-17
1        0 7.830e+03 7.090e+07 5.970e-05 4.390e-03   0.0177    0.427    0.475   0.0796  0.00104 9.31e-06 3.63e-08 8.42e-12 3.77e-16
1        0 7.950e+03 7.090e+07 8.070e-05 5.940e-03   0.0111    0.352     0.52    0.115  0.00197 2.33e-05  1.2e-07  3.7e-11 2.19e-15
1        0 8.110e+03 7.090e+07 1.090e-04 8.040e-03  0.00658    0.278     0.55    0.162  0.00368 5.76e-05 3.96e-07 1.62e-10 1.28e-14
1        0 8.340e+03 7.090e+07 1.480e-04 1.090e-02  0.00372     0.21     0.56    0.219  0.00669 0.000139 1.28e-06 7.06e-10 7.49e-14
1        0 8.660e+03 7.090e+07 2.000e-04 1.470e-02    0.002    0.151    0.548    0.287   0.0118 0.000325 4.07e-06 3.03e-09 4.36e-13
1        0 9.080e+03 7.090e+07 2.700e-04 1.990e-02  0.00101    0.103    0.514    0.362     0.02 0.000742 1.27e-05 1.29e-08 2.52e-12
1        0 9.620e+03 7.090e+07 3.660e-04 2.700e-02 0.000485   0.0667    0.461    0.437   0.0329  0.00164 3.85e-05 5.37e-08 1.44e-11
1        0 1.030e+04 7.090e+07 4.950e-04 3.650e-02 0.000221   0.0411    0.396    0.507    0.052  0.00351 0.000114  2.2e-07 8.18e-11
1        0 1.110e+04 7.090e+07 6.700e-04 4.930e-02 9.71e-05   0.0242    0.325    0.564   0.0791  0.00725 0.000327 8.74e-07 4.51e-10
1        0 1.190e+04 7.090e+07 9.070e-04 6.680e-02 3.97e-05   0.0136    0.255      0.6    0.116   0.0145 0.000908 3.38e-06 2.43e-09
1        0 1.280e+04 7.090e+07 1.230e-03 9.040e-02 1.61e-05  0.00731    0.191     0.61    0.161   0.0277  0.00242 1.25e-05 1.25e-08
1        0 1.360e+04 7.090e+07 1.660e-03 1.220e-01 5.97e-06  0.00373    0.136     0.59    0.214   0.0504  0.00612 4.41e-05 6.13e-08
1        0 1.460e+04 7.090e+07 2.250e-03 1.650e-01 2.13e-06  0.00179   0.0907    0.537    0.268   0.0871   0.0147 0.000148 2.86e-07
1        0 1.560e+04 7.090e+07 3.040e-03 2.240e-01 7.03e-07 0.000799   0.0563    0.456    0.313    0.141   0.0332 0.000463 1.25e-06
1        0 1.660e+04 7.090e+07 4.110e-03 3.030e-01 2.14e-07 0.000327    0.032    0.354    0.335    0.209   0.0685  0.00133    5e-06
1        0 1.770e+04 7.090e+07 5.560e-03 4.100e-01 5.89e-08 0.000121   0.0164    0.248    0.324     0.28    0.128  0.00347 1.82e-05
1        0 1.880e+04 7.090e+07 7.530e-03 5.540e-01 1.44e-08 3.95e-05  0.00746    0.155    0.279    0.336    0.214   0.0081  5.9e-05
1        0 2.000e+04 7.090e+07 1.020e-02 7.500e-01 3.09e-09 1.15e-05  0.00302   0.0864    0.214    0.359     0.32   0.0169 0.000171
1        0 2.140e+04 7.090e+07 1.380e-02 1.020e+00 5.98e-10    3e-06  0.00109    0.043    0.148    0.345    0.431   0.0317  0.00045
1        0 2.300e+04 7.090e+07 1.860e-02 1.370e+00 1.05e-10 7.07e-07 0.000356   0.0194   0.0921    0.303     0.53   0.0546  0.00109
1        0 2.490e+04 7.090e+07 2.520e-02 1.860e+00 1.66e-11  1.5e-07 0.000105  0.00798   0.0528    0.245    0.604   0.0877  0.00246
1        0 2.720e+04 7.090e+07 3.410e-02 2.510e+00 2.45e-12 2.96e-08  2.9e-05  0.00304    0.028    0.185    0.646    0.133  0.00527
1        0 3.020e+04 7.090e+07 4.620e-02 3.400e+00 3.42e-13 5.51e-09 7.24e-06  0.00107   0.0139    0.131    0.652    0.191   0.0108
1        0 3.410e+04 7.090e+07 6.250e-02 4.600e+00    4e-14 8.54e-10 1.65e-06 0.000347  0.00633   0.0868    0.623    0.262   0.0213
1        0 3.900e+04 7.090e+07 8.460e-02 6.230e+00 4.45e-15  1.3e-10 3.55e-07 0.000105   0.0027   0.0538    0.561    0.342   0.0403
1        0 4.530e+04 7.090e+07 1.140e-01 8.430e+00 2.92e-16 1.76e-11 6.69e-08 2.88e-05  0.00106    0.031    0.473    0.422   0.0726
1        0 5.280e+04 7.090e+07 1.550e-01 1.140e+01 1.18e-24 2.36e-12 1.21e-08 7.46e-06 0.000388   0.0167    0.374    0.487    0.123
1        0 6.190e+04 7.090e+07 2.090e-01 1.540e+01 4.02e-17 2.68e-13    2e-09 1.79e-06 0.000132  0.00831    0.274    0.524    0.194
1        0 7.290e+04 7.090e+07 2.830e-01 2.090e+01 1.18e-24 2.92e-14 3.04e-10  3.9e-07 4.15e-05  0.00382    0.186    0.524    0.285
1        0 8.630e+04 7.090e+07 3.830e-01 2.820e+01 1.18e-24 3.59e-15 4.43e-11 8.21e-08 1.22e-05  0.00163    0.118    0.488    0.392
1        0 1.000e+05 7.090e+07 5.190e-01 3.820e+01 2.24e-16 1.98e-16 6.25e-12 1.67e-08 3.47e-06 0.000663   0.0704    0.427    0.502
1        0 1.150e+05 7.090e+07 7.020e-01 5.170e+01 7.99e-17 2.38e-16 8.41e-13  3.2e-09 9.39e-07  0.00026   0.0403    0.355    0.605
1        0 1.220e+05 7.090e+07 9.500e-01 7.000e+01 1.18e-24 1.18e-24 1.28e-13 6.73e-10  2.8e-07 0.000107   0.0234    0.288    0.688
1        0 1.290e+05 7.090e+07 1.290e+00 9.470e+01 1.05e-17 1.18e-24 1.95e-14 1.46e-10 8.21e-08 4.37e-05   0.0133    0.228    0.759
1        0 1.430e+05 7.090e+07 1.740e+00 1.280e+02 1.18e-24 1.18e-24 2.93e-15 2.72e-11 2.17e-08 1.63e-05  0.00707    0.173     0.82
1        0 1.840e+05 7.090e+07 2.350e+00 1.730e+02 1.22e-16 4.25e-16 1.18e-24 3.52e-12 4.11e-09 4.64e-06  0.00316     0.12    0.877
1        1 2.650e+05 7.090e+07 3.180e+00 2.340e+02 1.18e-24 1.18e-24 1.18e-24 3.18e-13 5.91e-10 1.06e-06  0.00122   0.0761    0.923
1        0 3.110e+05 7.090e+07 4.310e+00 3.170e+02 1.18e-24 1.18e-24 1.18e-24 4.61e-14 1.26e-10 3.33e-07 0.000573   0.0528    0.947
1        1 3.220e+05 7.090e+07 5.830e+00 4.290e+02 1.18e-24 1.18e-24 1.18e-24 9.52e-15 3.52e-11 1.28e-07 0.000305   0.0388    0.961
1        0 2.450e+05 7.090e+07 7.880e+00 5.810e+02 1.18e-24 1.18e-24 1.18e-24 4.18e-15 1.95e-11 8.35e-08 0.000227   0.0336    0.966
1        0 2.820e+05 7.090e+07 1.070e+01 7.860e+02 1.18e-24 1.18e-24 1.18e-24 4.57e-16  4.3e-12 2.69e-08 0.000108   0.0233    0.977
1        0 3.190e+05 7.090e+07 1.440e+01 1.060e+03 7.18e-18 2.93e-17 9.28e-17 2.04e-16 9.79e-13  8.8e-09 5.15e-05   0.0161    0.984
1        0 3.630e+05 7.090e+07 1.950e+01 1.440e+03 3.39e-18 1.38e-17 4.38e-17 7.64e-17 2.19e-13 2.85e-09 2.45e-05   0.0112    0.989
1        0 4.300e+05 7.090e+07 2.640e+01 1.950e+03 1.18e-24 1.18e-24 1.18e-24 1.18e-24 4.42e-14 8.54e-10 1.11e-05  0.00752    0.992
1        0 5.840e+05 7.090e+07 3.580e+01 2.630e+03  6.5e-18 2.65e-17 8.38e-17  2.4e-16 6.14e-15 1.97e-10 4.26e-06  0.00466    0.995
1        1 9.750e+05 7.090e+07 4.840e+01 3.570e+03 1.18e-24 1.18e-24 1.18e-24 1.18e-24 4.28e-16    3e-11 1.26e-06  0.00253    0.997
1        2 9.750e+05 7.090e+07 6.550e+01 4.820e+03 1.18e-24 1.18e-24 1.18e-24 1.18e-24 1.47e-16 1.21e-11 6.89e-07  0.00187    0.998
1        2 9.750e+05 7.090e+07 8.860e+01 6.530e+03 2.62e-19 1.06e-18 3.37e-18 1.15e-17 7.38e-17 4.91e-12 3.76e-07  0.00139    0.999
1        2 9.750e+05 7.090e+07 1.200e+02 8.830e+03 1.18e-24 1.18e-24 1.18e-24 1.18e-24 7.99e-19 1.98e-12 2.06e-07  0.00103    0.999
1        2 9.750e+05 7.090e+07 1.620e+02 1.190e+04 1.18e-24 1.18e-24 1.18e-24 1.18e-24 2.42e-19 8.01e-13 1.12e-07 0.000758    0.999
1        2 9.750e+05 7.090e+07 2.190e+02 1.620e+04 1.18e-24 1.18e-24 1.18e-24 1.18e-24  7.3e-20 3.23e-13 6.14e-08  0.00056    0.999
1        2 9.750e+05 7.090e+07 2.970e+02 2.190e+04 1.18e-24 1.18e-24 1.18e-24 1.18e-24  2.2e-20  1.3e-13 3.36e-08 0.000414      1.0
1        2 9.750e+05 7.090e+07 4.020e+02 2.960e+04 1.18e-24 1.18e-24 1.18e-24 2.66e-20 1.91e-19 5.27e-14 1.83e-08 0.000306      1.0
1        2 9.750e+05 7.090e+07 5.440e+02 4.000e+04 1.18e-24 1.18e-24 1.18e-24 1.18e-24 1.18e-24 2.12e-14    1e-08 0.000226      1.0
1        2 9.750e+05 7.090e+07 7.360e+02 5.420e+04 5.61e-20 2.28e-19 7.22e-19 2.47e-18 8.03e-18 8.61e-15 5.47e-09 0.000167      1.0
1        2 9.750e+05 7.090e+07 9.950e+02 7.330e+04 1.18e-24 3.04e-20 9.62e-20 3.27e-19 1.07e-18 3.47e-15 2.99e-09 0.000124      1.0
1        2 9.750e+05 7.090e+07 1.350e+03 9.920e+04 1.44e-19 5.88e-19 1.86e-18 6.37e-18 2.06e-17 1.46e-15 1.63e-09 9.13e-05      1.0
1        2 9.750e+05 7.090e+07 1.820e+03 1.340e+05 7.79e-20 3.17e-19    1e-18 3.43e-18 1.11e-17 5.97e-16 8.91e-10 6.75e-05      1.0
1        2 9.750e+05 7.090e+07 2.460e+03 1.820e+05 1.76e-20 7.16e-20 2.27e-19 7.73e-19 2.51e-18 2.35e-16 4.87e-10 4.99e-05      1.0
1        2 9.750e+05 7.090e+07 3.330e+03 2.460e+05 1.18e-24 1.18e-24 1.18e-24 1.18e-24 1.24e-20 9.21e-17 2.66e-10 3.69e-05      1.0
1        2 9.750e+05 7.090e+07 4.510e+03 3.320e+05  2.3e-20 9.35e-20 2.96e-19 1.01e-18 3.28e-18 4.67e-17 1.45e-10 2.73e-05      1.0
1        2 9.750e+05 7.090e+07 6.110e+03 4.500e+05 1.18e-24 1.18e-24 1.18e-24 1.18e-24 1.18e-24 5.69e-18 7.93e-11 2.01e-05      1.0
1        2 9.750e+05 7.090e+07 8.260e+03 6.090e+05 1.18e-24 1.18e-24 1.18e-24 1.18e-24 1.18e-24 2.08e-18 4.33e-11 1.49e-05      1.0
1        2 9.750e+05 7.090e+07 1.120e+04 8.230e+05 1.18e-24 1.18e-24 1.18e-24 1.18e-24 1.18e-24 2.45e-18 2.37e-11  1.1e-05      1.0
1        2 9.750e+05 7.090e+07 1.510e+04 1.110e+06 1.18e-24 1.18e-24 1.18e-24 1.18e-24 1.18e-24 9.88e-19 1.29e-11 8.13e-06      1.0
1        2 9.750e+05 7.090e+07 2.050e+04 1.510e+06 1.18e-24 1.18e-24 1.18e-24 1.18e-24 1.18e-24 3.99e-19 7.07e-12 6.01e-06      1.0
1        2 9.750e+05 7.090e+07 2.770e+04 2.040e+06 1.18e-24 1.18e-24 1.18e-24 1.18e-24 1.18e-24 1.61e-19 3.86e-12 4.44e-06      1.0
1        2 9.750e+05 7.090e+07 3.750e+04 2.760e+06 1.18e-24 1.18e-24 1.18e-24 1.18e-24 1.18e-24 6.49e-20 2.11e-12 3.28e-06      1.0
1        2 9.750e+05 7.090e+07 5.070e+04 3.730e+06 1.18e-24 1.18e-24 1.18e-24 1.18e-24 1.18e-24 2.63e-20 1.15e-12 2.43e-06      1.0
1        2 9.750e+05 7.090e+07 6.860e+04 5.050e+06 1.18e-24 1.18e-24 1.18e-24 1.18e-24 1.18e-24 1.06e-20 6.29e-13 1.79e-06      1.0
1        2 9.750e+05 7.090e+07 9.280e+04 6.840e+06 1.18e-24 1.18e-24 1.18e-24 1.18e-24 1.18e-24 1.18e-24 3.44e-13 1.33e-06      1.0
1        2 9.750e+05 7.090e+07 1.260e+05 9.250e+06 1.18e-24 1.18e-24 1.18e-24 1.18e-24 1.18e-24 1.18e-24 1.88e-13  9.8e-07      1.0
1        2 9.750e+05 7.090e+07 1.700e+05 1.250e+07 1.18e-24 1.18e-24 1.18e-24 1.18e-24 1.18e-24 1.18e-24 1.03e-13 7.24e-07      1.0
1        2 9.750e+05 7.090e+07 2.300e+05 1.690e+07 1.18e-24 1.18e-24 1.18e-24 1.18e-24 1.18e-24 1.18e-24  5.6e-14 5.35e-07      1.0
1        2 9.750e+05 7.090e+07 3.110e+05 2.290e+07 1.18e-24 1.18e-24 1.18e-24 1.18e-24 1.18e-24 1.18e-24 3.06e-14 3.95e-07      1.0
1        2 9.750e+05 7.090e+07 4.210e+05 3.100e+07 1.18e-24 1.18e-24 1.18e-24 1.18e-24 1.18e-24 1.18e-24 1.67e-14 2.92e-07      1.0
1        2 9.750e+05 7.090e+07 5.700e+05 4.200e+07 1.18e-24 1.18e-24 1.18e-24 1.18e-24 1.18e-24 1.18e-24 9.12e-15 2.16e-07      1.0
1        2 9.750e+05 7.090e+07 7.710e+05 5.680e+07 1.18e-24 1.18e-24 1.18e-24 1.18e-24 1.18e-24 1.18e-24 4.98e-15  1.6e-07      1.0
1        2 9.750e+05 7.090e+07 1.040e+06 7.680e+07 1.18e-24 1.18e-24 1.18e-24 1.18e-24 1.18e-24 1.18e-24 2.72e-15 1.18e-07      1.0
1        2 9.750e+05 7.090e+07 1.410e+06 1.040e+08 1.18e-24 1.18e-24 1.18e-24 1.18e-24 1.18e-24 1.18e-24 1.49e-15 8.72e-08      1.0
1        2 9.750e+05 7.090e+07 1.910e+06 1.410e+08 1.18e-24 1.18e-24 1.18e-24 1.18e-24 1.18e-24 1.18e-24 8.12e-16 6.44e-08      1.0
1        2 9.750e+05 7.090e+07 2.580e+06 1.900e+08 1.18e-24 1.18e-24 1.18e-24 1.18e-24 1.18e-24 1.18e-24 4.44e-16 4.76e-08      1.0
1        2 9.750e+05 7.090e+07 3.490e+06 2.570e+08 1.18e-24 1.18e-24 1.18e-24 1.18e-24 1.18e-24 1.18e-24 2.42e-16 3.52e-08      1.0
1        2 9.750e+05 7.090e+07 4.730e+06 3.480e+08 1.18e-24 1.18e-24 1.18e-24 1.18e-24 1.18e-24 1.18e-24 1.32e-16  2.6e-08      1.0
