i converge       t_e       t_r        ip        xi      i01   i02
- -------- --------- --------- --------- --------- -------- -----
1        3 7.650e+03 7.090e+07 4.730e-07 3.480e-05    0.815 0.185
1        3 7.650e+03 7.090e+07 6.410e-07 4.710e-05    0.789 0.211
1        3 7.650e+03 7.090e+07 8.670e-07 6.370e-05    0.759 0.241
1        3 7.650e+03 7.090e+07 1.170e-06 8.620e-05    0.725 0.275
1        3 7.650e+03 7.090e+07 1.590e-06 1.170e-04    0.688 0.312
1        3 7.650e+03 7.090e+07 2.150e-06 1.580e-04    0.647 0.353
1        3 7.650e+03 7.090e+07 2.900e-06 2.140e-04    0.603 0.397
1        3 7.650e+03 7.090e+07 3.930e-06 2.890e-04    0.555 0.445
1        3 7.650e+03 7.090e+07 5.320e-06 3.910e-04    0.506 0.494
1        3 7.650e+03 7.090e+07 7.200e-06 5.290e-04    0.454 0.546
1        3 7.650e+03 7.090e+07 9.740e-06 7.160e-04    0.402 0.598
1        3 7.650e+03 7.090e+07 1.320e-05 9.690e-04    0.353 0.647
1        3 7.650e+03 7.090e+07 1.780e-05 1.310e-03    0.302 0.698
1        3 7.650e+03 7.090e+07 2.410e-05 1.770e-03    0.254 0.746
1        3 7.650e+03 7.090e+07 3.260e-05 2.400e-03     0.21  0.79
1        3 7.650e+03 7.090e+07 4.420e-05 3.250e-03     0.17  0.83
1        1 8.610e+03 7.090e+07 5.970e-05 4.390e-03    0.129 0.871
1        3 1.040e+04 7.090e+07 8.080e-05 5.940e-03   0.0914 0.909
1        3 1.040e+04 7.090e+07 1.090e-04 8.040e-03   0.0713 0.929
1        3 1.040e+04 7.090e+07 1.480e-04 1.090e-02   0.0543 0.946
1        3 1.040e+04 7.090e+07 2.000e-04 1.470e-02   0.0414 0.959
1        3 1.040e+04 7.090e+07 2.710e-04 1.990e-02   0.0309 0.969
1        3 1.040e+04 7.090e+07 3.670e-04 2.700e-02    0.023 0.977
1        3 1.040e+04 7.090e+07 4.960e-04 3.650e-02   0.0171 0.983
1        3 1.040e+04 7.090e+07 6.710e-04 4.930e-02    0.013 0.987
1        3 1.040e+04 7.090e+07 9.080e-04 6.680e-02  0.00965  0.99
1        3 1.040e+04 7.090e+07 1.230e-03 9.030e-02  0.00718 0.993
1        3 1.040e+04 7.090e+07 1.660e-03 1.220e-01  0.00534 0.995
1        3 1.040e+04 7.090e+07 2.250e-03 1.650e-01  0.00403 0.996
1        3 1.040e+04 7.090e+07 3.040e-03 2.240e-01  0.00299 0.997
1        3 1.040e+04 7.090e+07 4.120e-03 3.030e-01  0.00222 0.998
1        3 1.040e+04 7.090e+07 5.570e-03 4.100e-01  0.00164 0.998
1        3 1.040e+04 7.090e+07 7.540e-03 5.540e-01  0.00122 0.999
1        3 1.040e+04 7.090e+07 1.020e-02 7.500e-01 0.000902 0.999
1        3 1.040e+04 7.090e+07 1.380e-02 1.010e+00 0.000668 0.999
1        3 1.040e+04 7.090e+07 1.870e-02 1.370e+00 0.000494   1.0
1        3 1.040e+04 7.090e+07 2.530e-02 1.860e+00 0.000365   1.0
1        3 1.040e+04 7.090e+07 3.420e-02 2.510e+00  0.00027   1.0
1        3 1.040e+04 7.090e+07 4.630e-02 3.400e+00   0.0002   1.0
1        3 1.040e+04 7.090e+07 6.260e-02 4.600e+00 0.000148   1.0
1        3 1.040e+04 7.090e+07 8.470e-02 6.230e+00 0.000109   1.0
1        3 1.040e+04 7.090e+07 1.150e-01 8.430e+00 8.08e-05   1.0
1        3 1.040e+04 7.090e+07 1.550e-01 1.140e+01 5.97e-05   1.0
1        3 1.040e+04 7.090e+07 2.100e-01 1.540e+01 4.42e-05   1.0
1        3 1.040e+04 7.090e+07 2.840e-01 2.090e+01 3.26e-05   1.0
1        3 1.040e+04 7.090e+07 3.840e-01 2.820e+01 2.41e-05   1.0
1        3 1.040e+04 7.090e+07 5.190e-01 3.820e+01 1.78e-05   1.0
1        3 1.040e+04 7.090e+07 7.030e-01 5.170e+01 1.32e-05   1.0
1        3 1.040e+04 7.090e+07 9.510e-01 6.990e+01 9.75e-06   1.0
1        3 1.040e+04 7.090e+07 1.290e+00 9.470e+01  7.2e-06   1.0
1        3 1.040e+04 7.090e+07 1.740e+00 1.280e+02 5.33e-06   1.0
1        3 1.040e+04 7.090e+07 2.360e+00 1.730e+02 3.94e-06   1.0
1        3 1.040e+04 7.090e+07 3.190e+00 2.340e+02 2.91e-06   1.0
1        3 1.040e+04 7.090e+07 4.310e+00 3.170e+02 2.15e-06   1.0
1        3 1.040e+04 7.090e+07 5.840e+00 4.290e+02 1.59e-06   1.0
1        3 1.040e+04 7.090e+07 7.900e+00 5.810e+02 1.18e-06   1.0
1        3 1.040e+04 7.090e+07 1.070e+01 7.860e+02 8.69e-07   1.0
1        3 1.040e+04 7.090e+07 1.450e+01 1.060e+03 6.42e-07   1.0
1        3 1.040e+04 7.090e+07 1.960e+01 1.440e+03 4.74e-07   1.0
1        3 1.040e+04 7.090e+07 2.650e+01 1.950e+03 3.51e-07   1.0
1        3 1.040e+04 7.090e+07 3.580e+01 2.630e+03 2.59e-07   1.0
1        3 1.040e+04 7.090e+07 4.850e+01 3.570e+03 1.91e-07   1.0
1        3 1.040e+04 7.090e+07 6.560e+01 4.820e+03 1.41e-07   1.0
1        3 1.040e+04 7.090e+07 8.870e+01 6.520e+03 1.04e-07   1.0
1        3 1.040e+04 7.090e+07 1.200e+02 8.830e+03 7.72e-08   1.0
1        3 1.040e+04 7.090e+07 1.620e+02 1.190e+04  5.7e-08   1.0
1        3 1.040e+04 7.090e+07 2.200e+02 1.620e+04 4.21e-08   1.0
1        3 1.040e+04 7.090e+07 2.970e+02 2.190e+04 3.11e-08   1.0
1        3 1.040e+04 7.090e+07 4.020e+02 2.960e+04 2.29e-08   1.0
1        3 1.040e+04 7.090e+07 5.440e+02 4.000e+04 1.69e-08   1.0
1        3 1.040e+04 7.090e+07 7.370e+02 5.420e+04 1.25e-08   1.0
1        3 1.040e+04 7.090e+07 9.970e+02 7.330e+04 9.18e-09   1.0
1        3 1.040e+04 7.090e+07 1.350e+03 9.920e+04 6.76e-09   1.0
1        3 1.040e+04 7.090e+07 1.820e+03 1.340e+05 4.97e-09   1.0
1        3 1.040e+04 7.090e+07 2.470e+03 1.820e+05 3.66e-09   1.0
1        3 1.040e+04 7.090e+07 3.340e+03 2.460e+05 2.69e-09   1.0
1        3 1.040e+04 7.090e+07 4.520e+03 3.320e+05 1.98e-09   1.0
1        3 1.040e+04 7.090e+07 6.120e+03 4.500e+05 1.45e-09   1.0
1        3 1.040e+04 7.090e+07 8.280e+03 6.090e+05 1.06e-09   1.0
1        3 1.040e+04 7.090e+07 1.120e+04 8.230e+05  7.8e-10   1.0
1        3 1.040e+04 7.090e+07 1.510e+04 1.110e+06 5.72e-10   1.0
1        3 1.040e+04 7.090e+07 2.050e+04 1.510e+06 4.19e-10   1.0
1        3 1.040e+04 7.090e+07 2.770e+04 2.040e+06 3.07e-10   1.0
1        3 1.040e+04 7.090e+07 3.750e+04 2.760e+06 2.25e-10   1.0
1        3 1.040e+04 7.090e+07 5.070e+04 3.730e+06 1.64e-10   1.0
1        3 1.040e+04 7.090e+07 6.870e+04 5.050e+06  1.2e-10   1.0
1        3 1.040e+04 7.090e+07 9.290e+04 6.830e+06 8.78e-11   1.0
1        3 1.040e+04 7.090e+07 1.260e+05 9.250e+06 6.41e-11   1.0
1        3 1.040e+04 7.090e+07 1.700e+05 1.250e+07 4.68e-11   1.0
1        3 1.040e+04 7.090e+07 2.300e+05 1.690e+07 3.41e-11   1.0
1        3 1.040e+04 7.090e+07 3.110e+05 2.290e+07 2.49e-11   1.0
1        3 1.040e+04 7.090e+07 4.210e+05 3.100e+07 1.81e-11   1.0
1        3 1.040e+04 7.090e+07 5.700e+05 4.200e+07 1.32e-11   1.0
1        3 1.040e+04 7.090e+07 7.720e+05 5.680e+07 9.61e-12   1.0
1        3 1.040e+04 7.090e+07 1.040e+06 7.680e+07 6.99e-12   1.0
1        3 1.040e+04 7.090e+07 1.410e+06 1.040e+08 5.08e-12   1.0
1        3 1.040e+04 7.090e+07 1.910e+06 1.410e+08 3.69e-12   1.0
1        3 1.040e+04 7.090e+07 2.590e+06 1.900e+08 2.68e-12   1.0
1        3 1.040e+04 7.090e+07 3.500e+06 2.570e+08 1.94e-12   1.0
1        3 1.040e+04 7.090e+07 4.730e+06 3.480e+08 1.41e-12   1.0
