i converge       t_e       t_r        ip        xi      i01      i02      i03      i04      i05      i06      i07      i08      i09
- -------- --------- --------- --------- --------- -------- -------- -------- -------- -------- -------- -------- -------- --------
1        2 9.300e+03 7.090e+07 4.730e-07 3.480e-05    0.551    0.434   0.0146 6.94e-05 2.97e-08 8.45e-12 1.12e-15 1.18e-24 1.18e-24
1        2 9.300e+03 7.090e+07 6.410e-07 4.710e-05    0.506    0.474   0.0194 0.000112 5.69e-08 1.93e-11 3.04e-15 2.85e-20 1.18e-24
1        2 9.300e+03 7.090e+07 8.670e-07 6.370e-05     0.46    0.514   0.0256 0.000178 1.09e-07 4.39e-11 8.27e-15 9.25e-20 1.18e-24
1        2 9.310e+03 7.090e+07 1.170e-06 8.620e-05    0.413    0.553   0.0334 0.000283 2.06e-07    1e-10 2.26e-14 3.02e-19 1.18e-24
1        2 9.310e+03 7.090e+07 1.590e-06 1.170e-04    0.367     0.59   0.0434 0.000447 3.92e-07 2.29e-10  6.2e-14 9.99e-19 1.18e-24
1        2 9.310e+03 7.090e+07 2.150e-06 1.580e-04    0.321    0.622    0.056 0.000704 7.46e-07 5.26e-10 1.72e-13 3.35e-18 1.18e-24
1        2 9.310e+03 7.090e+07 2.900e-06 2.140e-04    0.277     0.65   0.0718  0.00111 1.43e-06 1.22e-09 4.85e-13 1.15e-17 1.18e-24
1        2 9.320e+03 7.090e+07 3.930e-06 2.890e-04    0.233    0.673   0.0916  0.00174 2.74e-06 2.86e-09 1.39e-12 4.02e-17 1.18e-24
1        2 9.320e+03 7.090e+07 5.320e-06 3.910e-04    0.194    0.687    0.116  0.00273 5.29e-06 6.79e-09 4.06e-12 1.44e-16 1.18e-24
1        2 9.330e+03 7.090e+07 7.200e-06 5.290e-04     0.16    0.692    0.144  0.00417 9.86e-06 1.55e-08 1.13e-11 4.91e-16 1.18e-24
1        2 9.340e+03 7.090e+07 9.740e-06 7.160e-04    0.127    0.687     0.18  0.00655 1.94e-05 3.81e-08 3.49e-11  1.9e-15 1.99e-20
1        2 9.350e+03 7.090e+07 1.320e-05 9.690e-04    0.098    0.669    0.222   0.0103 3.84e-05 9.52e-08  1.1e-10 7.55e-15 9.97e-20
1        2 9.370e+03 7.090e+07 1.780e-05 1.310e-03   0.0737    0.639    0.271    0.016 7.62e-05 2.41e-07 3.54e-10  3.1e-14 5.22e-19
1        2 9.390e+03 7.090e+07 2.410e-05 1.770e-03   0.0532    0.596    0.326   0.0248 0.000152 6.15e-07 1.16e-09 1.31e-13 2.83e-18
1        2 9.410e+03 7.090e+07 3.260e-05 2.400e-03   0.0375     0.54    0.384   0.0379   0.0003 1.58e-06 3.87e-09 5.64e-13 1.58e-17
1        2 9.460e+03 7.090e+07 4.420e-05 3.250e-03   0.0257    0.478     0.44    0.056 0.000572 3.87e-06 1.22e-08  2.3e-12 8.33e-17
1        2 9.520e+03 7.090e+07 5.970e-05 4.390e-03   0.0165    0.405    0.494   0.0831  0.00112 9.99e-06 4.18e-08 1.04e-11 4.96e-16
1        2 9.600e+03 7.090e+07 8.080e-05 5.940e-03   0.0101    0.331    0.537     0.12  0.00214 2.53e-05 1.41e-07 4.64e-11 2.95e-15
1        2 9.700e+03 7.090e+07 1.090e-04 8.040e-03   0.0061    0.261    0.563    0.166  0.00391  6.1e-05 4.49e-07 1.96e-10 1.65e-14
1        2 9.840e+03 7.090e+07 1.480e-04 1.090e-02  0.00345    0.197    0.569    0.223  0.00702 0.000145 1.43e-06 8.33e-10 9.35e-14
1        3 1.000e+04 7.090e+07 2.000e-04 1.470e-02   0.0018     0.14    0.552    0.293   0.0126 0.000353 4.73e-06 3.77e-09 5.78e-13
1        3 1.020e+04 7.090e+07 2.710e-04 1.990e-02 0.000899   0.0948    0.512     0.37   0.0216 0.000823 1.51e-05 1.65e-08 3.46e-12
1        3 1.040e+04 7.090e+07 3.670e-04 2.700e-02 0.000432   0.0619    0.455    0.445   0.0353  0.00183 4.56e-05 6.76e-08 1.93e-11
1        3 1.040e+04 7.090e+07 4.960e-04 3.650e-02 0.000211   0.0402    0.392     0.51   0.0536  0.00368 0.000122 2.41e-07 9.12e-11
1        3 1.040e+04 7.090e+07 6.710e-04 4.930e-02 9.58e-05   0.0246    0.323    0.565   0.0798  0.00738 0.000329 8.73e-07 4.45e-10
1        3 1.040e+04 7.090e+07 9.080e-04 6.680e-02 4.16e-05   0.0144    0.255    0.601    0.114   0.0143 0.000858 3.06e-06  2.1e-09
1        3 1.040e+04 7.090e+07 1.230e-03 9.030e-02 1.73e-05  0.00807    0.193    0.613    0.157   0.0264  0.00214 1.03e-05 9.55e-09
1        3 1.040e+04 7.090e+07 1.660e-03 1.220e-01 7.24e-06  0.00447    0.142    0.599    0.204   0.0454  0.00489 3.12e-05 3.83e-08
1        3 1.040e+04 7.090e+07 2.250e-03 1.650e-01 2.74e-06  0.00229   0.0978    0.557    0.255   0.0766   0.0111 9.57e-05 1.59e-07
1        3 1.040e+04 7.090e+07 3.040e-03 2.240e-01 9.79e-07   0.0011   0.0635    0.488    0.301    0.122   0.0239 0.000277  6.2e-07
1        3 1.040e+04 7.090e+07 4.120e-03 3.030e-01 3.25e-07 0.000493   0.0384    0.399    0.332    0.182    0.048 0.000752 2.27e-06
1        3 1.040e+04 7.090e+07 5.570e-03 4.100e-01 9.93e-08 0.000204   0.0214      0.3    0.338     0.25    0.089  0.00188 7.68e-06
1        3 1.040e+04 7.090e+07 7.540e-03 5.540e-01 2.77e-08 7.68e-05   0.0109    0.207    0.314    0.313    0.151  0.00432 2.38e-05
1        3 1.040e+04 7.090e+07 1.020e-02 7.500e-01 7.03e-09 2.63e-05  0.00505    0.129    0.265    0.358    0.233  0.00901  6.7e-05
1        3 1.040e+04 7.090e+07 1.380e-02 1.010e+00 1.62e-09 8.19e-06  0.00213   0.0736    0.205    0.373    0.329   0.0172 0.000173
1        3 1.040e+04 7.090e+07 1.870e-02 1.370e+00 3.44e-10 2.35e-06 0.000826   0.0386    0.145    0.358    0.426   0.0301  0.00041
1        3 1.040e+04 7.090e+07 2.530e-02 1.860e+00 6.77e-11 6.26e-07 0.000298   0.0188   0.0959     0.32    0.515   0.0492 0.000904
1        3 1.040e+04 7.090e+07 3.420e-02 2.510e+00 1.26e-11 1.57e-07 0.000101  0.00865   0.0596    0.269    0.585   0.0756  0.00188
1        3 1.040e+04 7.090e+07 4.630e-02 3.400e+00 2.21e-12 3.75e-08 3.26e-05  0.00377   0.0352    0.215    0.632     0.11  0.00371
1        3 1.040e+04 7.090e+07 6.260e-02 4.600e+00 3.73e-13 8.54e-09 1.01e-05  0.00157   0.0199    0.164    0.653    0.154  0.00702
1        3 1.040e+04 7.090e+07 8.470e-02 6.230e+00 6.05e-14 1.87e-09 2.98e-06 0.000631   0.0108     0.12    0.648    0.207   0.0128
1        3 1.040e+04 7.090e+07 1.150e-01 8.430e+00 9.17e-15 3.93e-10 8.51e-07 0.000244  0.00563    0.085    0.619    0.268   0.0223
1        3 1.040e+04 7.090e+07 1.550e-01 1.140e+01 8.48e-16 7.96e-11 2.33e-07 9.04e-05  0.00282   0.0577    0.569    0.333   0.0375
1        3 1.040e+04 7.090e+07 2.100e-01 1.540e+01 1.18e-24 1.55e-11 6.15e-08 3.23e-05  0.00136   0.0377    0.503    0.398   0.0606
1        3 1.040e+04 7.090e+07 2.840e-01 2.090e+01 2.38e-17 2.88e-12 1.56e-08  1.1e-05 0.000631   0.0236    0.426    0.456    0.094
1        3 1.040e+04 7.090e+07 3.840e-01 2.820e+01 1.95e-16 5.14e-13 3.77e-09 3.62e-06  0.00028   0.0142    0.346      0.5     0.14
1        3 1.040e+04 7.090e+07 5.190e-01 3.820e+01 1.18e-24  8.8e-14 8.75e-10 1.14e-06 0.000119  0.00813    0.268    0.525    0.198
1        3 1.040e+04 7.090e+07 7.030e-01 5.170e+01 1.18e-24  1.4e-14 1.93e-10  3.4e-07 4.81e-05  0.00446    0.199    0.527    0.269
1        3 1.040e+04 7.090e+07 9.510e-01 6.990e+01 8.25e-17 2.54e-15 4.08e-11 9.76e-08 1.87e-05  0.00234    0.141    0.507     0.35
1        3 1.040e+04 7.090e+07 1.290e+00 9.470e+01 8.05e-18 3.56e-16 8.24e-12 2.68e-08 6.95e-06  0.00118   0.0962    0.467    0.436
1        3 1.040e+04 7.090e+07 1.740e+00 1.280e+02 1.18e-24 1.18e-24  1.6e-12  7.1e-09 2.49e-06 0.000571   0.0631    0.414    0.523
1        3 1.040e+04 7.090e+07 2.360e+00 1.730e+02 1.18e-24 1.18e-24    3e-13 1.81e-09 8.61e-07 0.000267   0.0399    0.354    0.606
1        3 1.040e+04 7.090e+07 3.190e+00 2.340e+02 1.18e-24 1.18e-24 5.32e-14  4.5e-10 2.89e-07 0.000121   0.0245    0.294    0.681
1        3 1.040e+04 7.090e+07 4.310e+00 3.170e+02 2.28e-18 9.45e-18 9.23e-15 1.09e-10 9.45e-08 5.37e-05   0.0147    0.239    0.747
1        3 1.040e+04 7.090e+07 5.840e+00 4.290e+02 1.99e-17 8.17e-17 1.91e-15 2.58e-11 3.03e-08 2.33e-05  0.00862    0.189    0.802
1        3 1.040e+04 7.090e+07 7.900e+00 5.810e+02 1.45e-17 5.95e-17 3.88e-16 6.02e-12 9.56e-09 9.93e-06  0.00498    0.148    0.847
1        3 1.040e+04 7.090e+07 1.070e+01 7.860e+02 1.64e-17 6.74e-17 1.94e-16 1.38e-12 2.97e-09 4.18e-06  0.00283    0.114    0.883
1        3 1.040e+04 7.090e+07 1.450e+01 1.060e+03 2.15e-18 8.84e-18 3.62e-17 3.15e-13 9.16e-10 1.74e-06   0.0016    0.087    0.911
1        3 1.040e+04 7.090e+07 1.960e+01 1.440e+03 1.18e-24 1.18e-24 1.18e-24 7.09e-14  2.8e-10  7.2e-07 0.000894   0.0658    0.933
1        3 1.040e+04 7.090e+07 2.650e+01 1.950e+03 2.18e-18 8.96e-18 2.86e-17  1.6e-14  8.5e-11 2.96e-07 0.000497   0.0495     0.95
1        3 1.040e+04 7.090e+07 3.580e+01 2.630e+03 1.02e-18 4.19e-18 1.33e-17 3.52e-15 2.57e-11 1.21e-07 0.000275   0.0371    0.963
1        3 1.040e+04 7.090e+07 4.850e+01 3.570e+03  3.1e-19 1.27e-18 4.03e-18 7.69e-16 7.73e-12 4.93e-08 0.000152   0.0277    0.972
1        3 1.040e+04 7.090e+07 6.560e+01 4.820e+03 3.67e-19  1.5e-18 4.76e-18 1.91e-16 2.33e-12 2.01e-08 8.35e-05   0.0206    0.979
1        3 1.040e+04 7.090e+07 8.870e+01 6.520e+03 5.06e-19 2.07e-18 6.56e-18 6.13e-17 6.98e-13 8.15e-09 4.59e-05   0.0153    0.985
1        3 1.040e+04 7.090e+07 1.200e+02 8.830e+03 1.79e-19 7.35e-19 2.32e-18 1.65e-17 2.09e-13 3.31e-09 2.52e-05   0.0114    0.989
1        3 1.040e+04 7.090e+07 1.620e+02 1.190e+04 1.18e-24 1.18e-24 1.18e-24 1.18e-24 6.26e-14 1.34e-09 1.38e-05  0.00843    0.992
1        3 1.040e+04 7.090e+07 2.200e+02 1.620e+04 1.16e-20 4.77e-20 1.46e-19 9.34e-19 1.87e-14 5.41e-10 7.54e-06  0.00624    0.994
1        3 1.040e+04 7.090e+07 2.970e+02 2.190e+04 1.18e-24 1.18e-24 1.18e-24 1.18e-24 5.55e-15 2.19e-10 4.13e-06  0.00462    0.995
1        3 1.040e+04 7.090e+07 4.020e+02 2.960e+04 5.71e-20 2.34e-19  7.4e-19 2.53e-18 1.68e-15 8.85e-11 2.26e-06  0.00342    0.997
1        3 1.040e+04 7.090e+07 5.440e+02 4.000e+04 4.41e-20 1.81e-19 5.64e-19 1.94e-18 5.04e-16 3.57e-11 1.23e-06  0.00253    0.997
1        3 1.040e+04 7.090e+07 7.370e+02 5.420e+04 9.68e-20 3.97e-19 1.25e-18 4.26e-18 1.62e-16 1.44e-11 6.74e-07  0.00187    0.998
1        3 1.040e+04 7.090e+07 9.970e+02 7.330e+04  6.2e-20 2.54e-19 7.98e-19 2.73e-18 5.32e-17 5.83e-12 3.69e-07  0.00138    0.999
1        3 1.040e+04 7.090e+07 1.350e+03 9.920e+04 1.18e-24 1.18e-24 1.18e-24 1.18e-24  1.1e-17 2.36e-12 2.01e-07  0.00102    0.999
1        3 1.040e+04 7.090e+07 1.820e+03 1.340e+05 4.74e-20 1.95e-19 6.13e-19 2.09e-18 1.07e-17 9.51e-13  1.1e-07 0.000756    0.999
1        3 1.040e+04 7.090e+07 2.470e+03 1.820e+05 1.18e-24 1.18e-24 1.18e-24 1.18e-24 7.45e-20 3.84e-13 6.01e-08 0.000559    0.999
1        3 1.040e+04 7.090e+07 3.340e+03 2.460e+05 1.18e-24 1.18e-24 1.18e-24 1.18e-24 2.22e-20 1.55e-13 3.29e-08 0.000413      1.0
1        3 1.040e+04 7.090e+07 4.520e+03 3.320e+05 2.18e-20 8.93e-20 2.82e-19 9.57e-19 3.21e-18 6.27e-14  1.8e-08 0.000305      1.0
1        3 1.040e+04 7.090e+07 6.120e+03 4.500e+05 1.18e-24 1.18e-24 1.18e-24 1.18e-24 1.18e-24 2.53e-14  9.8e-09 0.000226      1.0
1        3 1.040e+04 7.090e+07 8.280e+03 6.090e+05 1.18e-24 1.18e-24 1.77e-20 5.97e-20 2.04e-19 1.02e-14 5.35e-09 0.000167      1.0
1        3 1.040e+04 7.090e+07 1.120e+04 8.230e+05 1.18e-24 1.18e-24 1.18e-24 1.18e-24 1.18e-24 4.12e-15 2.93e-09 0.000123      1.0
1        3 1.040e+04 7.090e+07 1.510e+04 1.110e+06 1.18e-24 1.18e-24 1.18e-24 1.18e-24 1.18e-24 1.66e-15  1.6e-09 9.11e-05      1.0
1        3 1.040e+04 7.090e+07 2.050e+04 1.510e+06 1.18e-24 1.18e-24 1.18e-24 1.18e-24 1.18e-24 6.72e-16 8.73e-10 6.73e-05      1.0
1        3 1.040e+04 7.090e+07 2.770e+04 2.040e+06 1.18e-24 1.18e-24 1.18e-24 1.18e-24 1.18e-24 2.71e-16 4.77e-10 4.98e-05      1.0
1        3 1.040e+04 7.090e+07 3.750e+04 2.760e+06 1.18e-24 1.18e-24 1.18e-24 1.18e-24 1.18e-24 1.09e-16  2.6e-10 3.68e-05      1.0
1        3 1.040e+04 7.090e+07 5.070e+04 3.730e+06 1.18e-24 1.18e-24 1.18e-24 1.18e-24 1.18e-24 4.42e-17 1.42e-10 2.72e-05      1.0
1        3 1.040e+04 7.090e+07 6.870e+04 5.050e+06 1.18e-24 1.18e-24 1.18e-24 1.18e-24 1.18e-24 1.78e-17 7.77e-11 2.01e-05      1.0
1        3 1.040e+04 7.090e+07 9.290e+04 6.830e+06 1.18e-24 1.18e-24 1.18e-24 1.18e-24 1.18e-24  7.2e-18 4.25e-11 1.48e-05      1.0
1        3 1.040e+04 7.090e+07 1.260e+05 9.250e+06 1.18e-24 1.18e-24 1.18e-24 1.18e-24 1.18e-24 2.91e-18 2.32e-11  1.1e-05      1.0
1        3 1.040e+04 7.090e+07 1.700e+05 1.250e+07 1.18e-24 1.18e-24 1.18e-24 1.18e-24 1.18e-24 1.17e-18 1.27e-11 8.11e-06      1.0
1        3 1.040e+04 7.090e+07 2.300e+05 1.690e+07 1.18e-24 1.18e-24 1.18e-24 1.18e-24 1.18e-24 4.74e-19 6.92e-12 5.99e-06      1.0
1        3 1.040e+04 7.090e+07 3.110e+05 2.290e+07 1.18e-24 1.18e-24 1.18e-24 1.18e-24 1.18e-24 1.91e-19 3.78e-12 4.43e-06      1.0
1        3 1.040e+04 7.090e+07 4.210e+05 3.100e+07 1.18e-24 1.18e-24 1.18e-24 1.18e-24 1.18e-24 7.73e-20 2.06e-12 3.27e-06      1.0
1        3 1.040e+04 7.090e+07 5.700e+05 4.200e+07 1.18e-24 1.18e-24 1.18e-24 1.18e-24 1.18e-24 3.11e-20 1.13e-12 2.42e-06      1.0
1        3 1.040e+04 7.090e+07 7.720e+05 5.680e+07 1.18e-24 1.18e-24 1.18e-24 1.18e-24 1.18e-24 1.26e-20 6.16e-13 1.79e-06      1.0
1        3 1.040e+04 7.090e+07 1.040e+06 7.680e+07 1.18e-24 1.18e-24 1.18e-24 1.18e-24 1.18e-24 1.18e-24 3.36e-13 1.32e-06      1.0
1        3 1.040e+04 7.090e+07 1.410e+06 1.040e+08 1.18e-24 1.18e-24 1.18e-24 1.18e-24 1.18e-24 1.18e-24 1.84e-13 9.77e-07      1.0
1        3 1.040e+04 7.090e+07 1.910e+06 1.410e+08 1.18e-24 1.18e-24 1.18e-24 1.18e-24 1.18e-24 1.18e-24    1e-13 7.22e-07      1.0
1        3 1.040e+04 7.090e+07 2.590e+06 1.900e+08 1.18e-24 1.18e-24 1.18e-24 1.18e-24 1.18e-24 1.18e-24 5.48e-14 5.34e-07      1.0
1        3 1.040e+04 7.090e+07 3.500e+06 2.570e+08 1.18e-24 1.18e-24 1.18e-24 1.18e-24 1.18e-24 1.18e-24 2.99e-14 3.94e-07      1.0
1        3 1.040e+04 7.090e+07 4.730e+06 3.480e+08 1.18e-24 1.18e-24 1.18e-24 1.18e-24 1.18e-24 1.18e-24 1.64e-14 2.91e-07      1.0
