i converge       t_e       t_r        ip        xi      i01      i02      i03      i04      i05      i06      i07      i08
- -------- --------- --------- --------- --------- -------- -------- -------- -------- -------- -------- -------- --------
1        2 9.300e+03 7.090e+07 4.730e-07 3.480e-05    0.521    0.461    0.018 1.76e-05 3.13e-08 1.12e-11 2.18e-16 8.95e-24
1        2 9.300e+03 7.090e+07 6.410e-07 4.710e-05    0.474    0.502   0.0236 2.75e-05  5.8e-08 2.48e-11 5.73e-16 8.95e-24
1        2 9.300e+03 7.090e+07 8.670e-07 6.370e-05    0.427    0.542   0.0306 4.26e-05 1.07e-07 5.49e-11 1.51e-15 8.95e-24
1        2 9.310e+03 7.090e+07 1.170e-06 8.620e-05     0.38     0.58   0.0395 6.59e-05 1.99e-07 1.22e-10 4.01e-15 2.25e-20
1        2 9.310e+03 7.090e+07 1.590e-06 1.170e-04    0.335    0.615   0.0506 0.000102 3.69e-07 2.71e-10 1.08e-14 7.26e-20
1        2 9.310e+03 7.090e+07 2.150e-06 1.580e-04     0.29    0.645   0.0645 0.000156 6.85e-07 6.09e-10 2.92e-14 2.38e-19
1        2 9.310e+03 7.090e+07 2.900e-06 2.140e-04    0.248     0.67   0.0818 0.000241 1.28e-06 1.38e-09 8.05e-14 7.97e-19
1        2 9.320e+03 7.090e+07 3.930e-06 2.890e-04    0.208    0.689    0.103 0.000371 2.41e-06 3.18e-09 2.26e-13 2.74e-18
1        2 9.320e+03 7.090e+07 5.320e-06 3.910e-04    0.171    0.699    0.129 0.000571 4.57e-06 7.41e-09 6.49e-13 9.66e-18
1        2 9.330e+03 7.090e+07 7.200e-06 5.290e-04     0.14      0.7    0.159 0.000858 8.39e-06 1.66e-08 1.78e-12 3.24e-17
1        2 9.340e+03 7.090e+07 9.740e-06 7.160e-04    0.111    0.692    0.197  0.00133 1.63e-05 4.04e-08 5.41e-12 1.23e-16
1        2 9.350e+03 7.090e+07 1.320e-05 9.690e-04   0.0852    0.671    0.241  0.00206 3.19e-05 9.99e-08 1.69e-11 4.86e-16
1        2 9.370e+03 7.090e+07 1.780e-05 1.310e-03   0.0635     0.64    0.293  0.00319 6.28e-05 2.51e-07  5.4e-11 1.98e-15
1        2 9.390e+03 7.090e+07 2.410e-05 1.770e-03   0.0461    0.597    0.352  0.00492 0.000124 6.39e-07 1.77e-10 8.34e-15
1        2 9.410e+03 7.090e+07 3.260e-05 2.400e-03   0.0323    0.544    0.416  0.00754 0.000247 1.64e-06  5.9e-10 3.61e-14
1        2 9.460e+03 7.090e+07 4.420e-05 3.250e-03   0.0224    0.486     0.48   0.0112 0.000473 4.06e-06 1.88e-09 1.48e-13
1        2 9.520e+03 7.090e+07 5.970e-05 4.390e-03   0.0146     0.42    0.548   0.0169 0.000941 1.07e-05 6.53e-09  6.8e-13
1        2 9.600e+03 7.090e+07 8.080e-05 5.940e-03  0.00929    0.353    0.611    0.025  0.00185 2.79e-05 2.27e-08 3.13e-12
1        2 9.700e+03 7.090e+07 1.090e-04 8.040e-03  0.00578     0.29    0.665    0.036  0.00351 7.01e-05 7.54e-08 1.38e-11
1        2 9.840e+03 7.090e+07 1.480e-04 1.090e-02  0.00345    0.231    0.707   0.0511  0.00664 0.000177 2.54e-07 6.22e-11
1        3 1.000e+04 7.090e+07 2.000e-04 1.470e-02  0.00194    0.177    0.736   0.0723   0.0128 0.000465 9.13e-07 3.05e-10
1        3 1.020e+04 7.090e+07 2.710e-04 1.990e-02  0.00105    0.131    0.743   0.0998    0.024   0.0012 3.21e-06 1.47e-09
1        3 1.040e+04 7.090e+07 3.670e-04 2.700e-02 0.000558   0.0941    0.727    0.133   0.0433  0.00293 1.07e-05 6.66e-09
1        3 1.040e+04 7.090e+07 4.960e-04 3.650e-02 0.000299    0.067    0.687    0.167   0.0723   0.0065 3.15e-05  2.6e-08
1        3 1.040e+04 7.090e+07 6.710e-04 4.930e-02 0.000149   0.0449     0.62    0.202    0.118   0.0143 9.33e-05 1.04e-07
1        3 1.040e+04 7.090e+07 9.080e-04 6.680e-02 6.98e-05   0.0283    0.528    0.232    0.182   0.0298 0.000262 3.92e-07
1        3 1.040e+04 7.090e+07 1.230e-03 9.030e-02 3.03e-05   0.0166    0.417    0.247    0.262   0.0576 0.000683 1.38e-06
1        3 1.040e+04 7.090e+07 1.660e-03 1.220e-01 1.27e-05  0.00924    0.308    0.242     0.34   0.0993  0.00156 4.18e-06
1        3 1.040e+04 7.090e+07 2.250e-03 1.650e-01 4.64e-06  0.00455    0.204    0.216     0.41    0.161  0.00342 1.23e-05
1        3 1.040e+04 7.090e+07 3.040e-03 2.240e-01 1.54e-06  0.00204    0.123    0.176    0.452     0.24  0.00686 3.34e-05
1        3 1.040e+04 7.090e+07 4.120e-03 3.030e-01 4.71e-07  0.00084   0.0687    0.132    0.458    0.328   0.0127 8.31e-05
1        3 1.040e+04 7.090e+07 5.570e-03 4.100e-01 1.33e-07 0.000322   0.0355   0.0925    0.432    0.418   0.0218 0.000193
1        3 1.040e+04 7.090e+07 7.540e-03 5.540e-01 3.56e-08 0.000116   0.0173   0.0609    0.384    0.502   0.0354 0.000424
1        3 1.040e+04 7.090e+07 1.020e-02 7.500e-01 9.02e-09 3.98e-05  0.00802   0.0381    0.325    0.574   0.0546 0.000884
1        3 1.040e+04 7.090e+07 1.380e-02 1.010e+00 2.18e-09  1.3e-05  0.00355   0.0228    0.263    0.628   0.0808  0.00177
1        3 1.040e+04 7.090e+07 1.870e-02 1.370e+00 5.08e-10 4.11e-06  0.00151   0.0132    0.205    0.662    0.115  0.00341
1        3 1.040e+04 7.090e+07 2.530e-02 1.860e+00 1.14e-10 1.25e-06 0.000623  0.00732    0.154    0.673    0.158  0.00634
1        3 1.040e+04 7.090e+07 3.420e-02 2.510e+00 2.47e-11 3.67e-07 0.000248  0.00394    0.112    0.662    0.211   0.0114
1        3 1.040e+04 7.090e+07 4.630e-02 3.400e+00 5.16e-12 1.04e-07 9.51e-05  0.00204   0.0787    0.629    0.271   0.0198
1        3 1.040e+04 7.090e+07 6.260e-02 4.600e+00 1.04e-12 2.84e-08 3.52e-05  0.00102   0.0534    0.577    0.336   0.0333
1        3 1.040e+04 7.090e+07 8.470e-02 6.230e+00    2e-13 7.47e-09 1.26e-05 0.000495   0.0349     0.51    0.401   0.0538
1        3 1.040e+04 7.090e+07 1.150e-01 8.430e+00 3.75e-14 1.88e-09 4.32e-06  0.00023   0.0219    0.433    0.461   0.0836
1        3 1.040e+04 7.090e+07 1.550e-01 1.140e+01 6.25e-15 4.51e-10 1.42e-06 0.000102   0.0132    0.353    0.509    0.125
1        3 1.040e+04 7.090e+07 2.100e-01 1.540e+01 8.34e-16 1.04e-10 4.49e-07 4.37e-05  0.00763    0.276    0.538    0.178
1        3 1.040e+04 7.090e+07 2.840e-01 2.090e+01 4.44e-16 2.27e-11 1.36e-07 1.79e-05  0.00422    0.207    0.545    0.244
1        3 1.040e+04 7.090e+07 3.840e-01 2.820e+01 8.95e-24 4.76e-12 3.94e-08 7.01e-06  0.00224    0.148    0.529    0.321
1        3 1.040e+04 7.090e+07 5.190e-01 3.820e+01 8.95e-24 9.57e-13  1.1e-08 2.64e-06  0.00114    0.102    0.493    0.404
1        3 1.040e+04 7.090e+07 7.030e-01 5.170e+01 8.95e-24 1.82e-13 2.93e-09 9.55e-07 0.000558   0.0676    0.441     0.49
1        3 1.040e+04 7.090e+07 9.510e-01 6.990e+01 8.95e-24 3.31e-14 7.57e-10 3.34e-07 0.000264   0.0433    0.382    0.574
1        3 1.040e+04 7.090e+07 1.290e+00 9.470e+01 8.95e-24 5.63e-15  1.9e-10 1.13e-07 0.000121   0.0268    0.321    0.652
1        3 1.040e+04 7.090e+07 1.740e+00 1.280e+02 8.95e-24 7.27e-16 4.63e-11 3.74e-08 5.41e-05   0.0162    0.262    0.721
1        3 1.040e+04 7.090e+07 2.360e+00 1.730e+02 8.95e-24 8.95e-24  1.1e-11 1.21e-08 2.36e-05  0.00959     0.21    0.781
1        3 1.040e+04 7.090e+07 3.190e+00 2.340e+02 3.14e-17 1.65e-16 2.58e-12 3.83e-09 1.01e-05  0.00557    0.165     0.83
1        3 1.040e+04 7.090e+07 4.310e+00 3.170e+02 5.21e-17 2.14e-16 5.91e-13  1.2e-09 4.29e-06  0.00319    0.128    0.869
1        3 1.040e+04 7.090e+07 5.840e+00 4.290e+02 8.95e-24 8.95e-24 1.33e-13  3.7e-10  1.8e-06   0.0018   0.0977      0.9
1        3 1.040e+04 7.090e+07 7.900e+00 5.810e+02 8.95e-24 8.95e-24 2.91e-14 1.14e-10 7.45e-07  0.00101   0.0742    0.925
1        3 1.040e+04 7.090e+07 1.070e+01 7.860e+02 8.95e-24 8.95e-24 5.62e-15 3.46e-11 3.07e-07 0.000564    0.056    0.943
1        3 1.040e+04 7.090e+07 1.450e+01 1.060e+03 8.95e-24 8.95e-24  6.6e-16 1.05e-11 1.26e-07 0.000313    0.042    0.958
1        3 1.040e+04 7.090e+07 1.960e+01 1.440e+03 8.95e-24 8.95e-24    3e-16 3.16e-12 5.14e-08 0.000173   0.0314    0.968
1        3 1.040e+04 7.090e+07 2.650e+01 1.950e+03 8.95e-24 8.95e-24 8.95e-24 9.49e-13 2.09e-08 9.52e-05   0.0234    0.977
1        3 1.040e+04 7.090e+07 3.580e+01 2.630e+03 8.95e-24 8.95e-24 8.95e-24 2.85e-13 8.49e-09 5.23e-05   0.0174    0.983
1        3 1.040e+04 7.090e+07 4.850e+01 3.570e+03 8.95e-24 8.95e-24 8.95e-24 8.51e-14 3.44e-09 2.87e-05   0.0129    0.987
1        3 1.040e+04 7.090e+07 6.560e+01 4.820e+03 8.95e-24 8.95e-24 8.95e-24 2.55e-14  1.4e-09 1.57e-05  0.00957     0.99
1        3 1.040e+04 7.090e+07 8.870e+01 6.520e+03 8.95e-24 8.95e-24 8.95e-24  7.5e-15 5.65e-10 8.62e-06  0.00709    0.993
1        3 1.040e+04 7.090e+07 1.200e+02 8.830e+03 8.95e-24 8.95e-24 8.95e-24 2.28e-15 2.29e-10 4.72e-06  0.00525    0.995
1        3 1.040e+04 7.090e+07 1.620e+02 1.190e+04 8.95e-24 8.95e-24 8.95e-24 6.04e-16 9.24e-11 2.58e-06  0.00389    0.996
1        3 1.040e+04 7.090e+07 2.200e+02 1.620e+04 8.95e-24 8.95e-24 8.95e-24 1.95e-16 3.73e-11 1.41e-06  0.00288    0.997
1        3 1.040e+04 7.090e+07 2.970e+02 2.190e+04 8.95e-24 8.95e-24 8.95e-24  5.2e-17 1.51e-11 7.72e-07  0.00213    0.998
1        3 1.040e+04 7.090e+07 4.020e+02 2.960e+04 8.66e-20 3.44e-19 1.59e-18 2.43e-17 6.09e-12 4.22e-07  0.00157    0.998
1        3 1.040e+04 7.090e+07 5.440e+02 4.000e+04 1.77e-20 7.01e-20 3.18e-19 6.61e-18 2.46e-12  2.3e-07  0.00116    0.999
1        3 1.040e+04 7.090e+07 7.370e+02 5.420e+04 5.42e-20 2.15e-19 9.97e-19  5.5e-18 9.93e-13 1.26e-07  0.00086    0.999
1        3 1.040e+04 7.090e+07 9.970e+02 7.330e+04 3.73e-20 1.48e-19 6.78e-19 3.16e-18 4.01e-13 6.88e-08 0.000636    0.999
1        3 1.040e+04 7.090e+07 1.350e+03 9.920e+04 8.98e-20 3.56e-19 1.65e-18  6.6e-18 1.62e-13 3.76e-08  0.00047      1.0
1        3 1.040e+04 7.090e+07 1.820e+03 1.340e+05 8.95e-24 2.87e-20 1.32e-19  5.6e-19 6.54e-14 2.05e-08 0.000347      1.0
1        3 1.040e+04 7.090e+07 2.470e+03 1.820e+05 8.95e-24 8.95e-24  1.2e-20 5.87e-20 2.64e-14 1.12e-08 0.000257      1.0
1        3 1.040e+04 7.090e+07 3.340e+03 2.460e+05 4.51e-20 1.79e-19 8.26e-19 3.25e-18 1.07e-14 6.13e-09  0.00019      1.0
1        3 1.040e+04 7.090e+07 4.520e+03 3.320e+05 4.79e-20  1.9e-19 8.79e-19 3.46e-18 4.32e-15 3.35e-09  0.00014      1.0
1        3 1.040e+04 7.090e+07 6.120e+03 4.500e+05 8.95e-24 8.95e-24 8.95e-24 8.95e-24 1.74e-15 1.83e-09 0.000104      1.0
1        3 1.040e+04 7.090e+07 8.280e+03 6.090e+05 8.95e-24 8.95e-24 8.95e-24 8.95e-24 7.01e-16 9.98e-10 7.66e-05      1.0
1        3 1.040e+04 7.090e+07 1.120e+04 8.230e+05 8.95e-24 8.95e-24 8.95e-24 8.95e-24 2.83e-16 5.46e-10 5.66e-05      1.0
1        3 1.040e+04 7.090e+07 1.510e+04 1.110e+06 8.95e-24 8.95e-24 8.95e-24 8.95e-24 1.14e-16 2.98e-10 4.19e-05      1.0
1        3 1.040e+04 7.090e+07 2.050e+04 1.510e+06 8.95e-24 8.95e-24 8.95e-24 8.95e-24 4.62e-17 1.63e-10 3.09e-05      1.0
1        3 1.040e+04 7.090e+07 2.770e+04 2.040e+06 8.95e-24 8.95e-24 8.95e-24 8.95e-24 1.86e-17 8.89e-11 2.29e-05      1.0
1        3 1.040e+04 7.090e+07 3.750e+04 2.760e+06 8.95e-24 8.95e-24 8.95e-24 8.95e-24 7.52e-18 4.86e-11 1.69e-05      1.0
1        3 1.040e+04 7.090e+07 5.070e+04 3.730e+06 8.95e-24 8.95e-24 8.95e-24 8.95e-24 3.04e-18 2.65e-11 1.25e-05      1.0
1        3 1.040e+04 7.090e+07 6.870e+04 5.050e+06 8.95e-24 8.95e-24 8.95e-24 8.95e-24 1.23e-18 1.45e-11 9.23e-06      1.0
1        3 1.040e+04 7.090e+07 9.290e+04 6.830e+06 8.95e-24 8.95e-24 8.95e-24 8.95e-24 4.95e-19 7.92e-12 6.82e-06      1.0
1        3 1.040e+04 7.090e+07 1.260e+05 9.250e+06 8.95e-24 8.95e-24 8.95e-24 8.95e-24    2e-19 4.32e-12 5.04e-06      1.0
1        3 1.040e+04 7.090e+07 1.700e+05 1.250e+07 8.95e-24 8.95e-24 8.95e-24 8.95e-24 8.06e-20 2.36e-12 3.73e-06      1.0
1        3 1.040e+04 7.090e+07 2.300e+05 1.690e+07 8.95e-24 8.95e-24 8.95e-24 8.95e-24 3.26e-20 1.29e-12 2.75e-06      1.0
1        3 1.040e+04 7.090e+07 3.110e+05 2.290e+07 8.95e-24 8.95e-24 8.95e-24 8.95e-24 1.31e-20 7.05e-13 2.04e-06      1.0
1        3 1.040e+04 7.090e+07 4.210e+05 3.100e+07 8.95e-24 8.95e-24 8.95e-24 8.95e-24 8.95e-24 3.85e-13  1.5e-06      1.0
1        3 1.040e+04 7.090e+07 5.700e+05 4.200e+07 8.95e-24 8.95e-24 8.95e-24 8.95e-24 8.95e-24  2.1e-13 1.11e-06      1.0
1        3 1.040e+04 7.090e+07 7.720e+05 5.680e+07 8.95e-24 8.95e-24 8.95e-24 8.95e-24 8.95e-24 1.15e-13 8.22e-07      1.0
1        3 1.040e+04 7.090e+07 1.040e+06 7.680e+07 8.95e-24 8.95e-24 8.95e-24 8.95e-24 8.95e-24 6.27e-14 6.07e-07      1.0
1        3 1.040e+04 7.090e+07 1.410e+06 1.040e+08 8.95e-24 8.95e-24 8.95e-24 8.95e-24 8.95e-24 3.42e-14 4.49e-07      1.0
1        3 1.040e+04 7.090e+07 1.910e+06 1.410e+08 8.95e-24 8.95e-24 8.95e-24 8.95e-24 8.95e-24 1.87e-14 3.32e-07      1.0
1        3 1.040e+04 7.090e+07 2.590e+06 1.900e+08 8.95e-24 8.95e-24 8.95e-24 8.95e-24 8.95e-24 1.02e-14 2.45e-07      1.0
1        3 1.040e+04 7.090e+07 3.500e+06 2.570e+08 8.95e-24 8.95e-24 8.95e-24 8.95e-24 8.95e-24 5.58e-15 1.81e-07      1.0
1        3 1.040e+04 7.090e+07 4.730e+06 3.480e+08 8.95e-24 8.95e-24 8.95e-24 8.95e-24 8.95e-24 3.04e-15 1.34e-07      1.0
