i converge       t_e       t_r        ip        xi      i01      i02      i03      i04      i05      i06      i07
- -------- --------- --------- --------- --------- -------- -------- -------- -------- -------- -------- --------
1        0 1.590e+03 7.090e+07 4.730e-07 3.480e-05    0.644    0.353  0.00246  7.7e-06  9.7e-08 1.06e-12 2.18e-18
1        0 1.620e+03 7.090e+07 6.400e-07 4.710e-05    0.604    0.393   0.0032 1.02e-05  1.5e-07 1.94e-12 4.72e-18
1        0 1.650e+03 7.090e+07 8.660e-07 6.380e-05    0.561    0.435  0.00416 1.35e-05 2.31e-07 3.55e-12 1.03e-17
1        0 1.690e+03 7.090e+07 1.170e-06 8.630e-05    0.516    0.478  0.00538 1.78e-05 3.57e-07 6.52e-12 2.25e-17
1        0 1.720e+03 7.090e+07 1.580e-06 1.170e-04    0.471    0.522  0.00694 2.35e-05  5.5e-07  1.2e-11 4.94e-17
1        0 1.760e+03 7.090e+07 2.140e-06 1.580e-04    0.425    0.566  0.00892 3.11e-05 8.48e-07 2.22e-11 1.09e-16
1        0 1.810e+03 7.090e+07 2.900e-06 2.140e-04    0.379    0.609   0.0114 4.11e-05 1.31e-06 4.12e-11 2.44e-16
1        0 1.850e+03 7.090e+07 3.920e-06 2.890e-04    0.334    0.651   0.0146 5.46e-05 2.02e-06 7.69e-11 5.51e-16
1        0 1.910e+03 7.090e+07 5.310e-06 3.910e-04    0.291     0.69   0.0186 7.29e-05 3.14e-06 1.45e-10 1.26e-15
1        0 1.960e+03 7.090e+07 7.190e-06 5.290e-04     0.25    0.726   0.0237  9.8e-05 4.89e-06 2.77e-10 2.94e-15
1        0 2.020e+03 7.090e+07 9.720e-06 7.160e-04    0.212    0.758   0.0302 0.000133 7.68e-06 5.35e-10    7e-15
1        0 2.090e+03 7.090e+07 1.320e-05 9.690e-04    0.176    0.785   0.0384 0.000183 1.22e-05 1.05e-09 1.71e-14
1        0 2.170e+03 7.090e+07 1.780e-05 1.310e-03    0.144    0.806   0.0489 0.000255 1.95e-05 2.11e-09 4.28e-14
1        0 2.250e+03 7.090e+07 2.410e-05 1.770e-03    0.116    0.821   0.0625 0.000362 3.16e-05 4.32e-09 1.11e-13
1        0 2.350e+03 7.090e+07 3.260e-05 2.400e-03   0.0914    0.828   0.0799 0.000526 5.19e-05 9.08e-09 2.98e-13
1        0 2.460e+03 7.090e+07 4.410e-05 3.250e-03   0.0705    0.826    0.102 0.000781 8.65e-05 1.96e-08 8.32e-13
1        0 2.590e+03 7.090e+07 5.970e-05 4.390e-03    0.053    0.814    0.131  0.00119 0.000147 4.37e-08 2.43e-12
1        0 2.740e+03 7.090e+07 8.070e-05 5.940e-03    0.039    0.791    0.168  0.00185 0.000252 9.95e-08 7.34e-12
1        0 2.910e+03 7.090e+07 1.090e-04 8.040e-03   0.0278    0.754    0.215  0.00295 0.000438 2.32e-07  2.3e-11
1        0 3.120e+03 7.090e+07 1.480e-04 1.090e-02   0.0192    0.703    0.272  0.00479 0.000772 5.58e-07 7.52e-11
1        0 3.390e+03 7.090e+07 2.000e-04 1.470e-02   0.0128    0.637    0.341  0.00786  0.00137 1.37e-06 2.54e-10
1        0 3.730e+03 7.090e+07 2.700e-04 1.990e-02  0.00821    0.557    0.419    0.013  0.00245 3.42e-06  8.9e-10
1        0 4.180e+03 7.090e+07 3.660e-04 2.700e-02  0.00502    0.467    0.502   0.0217   0.0044 8.77e-06 3.24e-09
1        0 4.830e+03 7.090e+07 4.950e-04 3.650e-02  0.00288    0.369    0.584   0.0362  0.00805 2.34e-05 1.25e-08
1        0 5.760e+03 7.090e+07 6.700e-04 4.930e-02  0.00155    0.274    0.649   0.0604   0.0149 6.46e-05 5.15e-08
1        0 1.580e+04 7.090e+07 9.070e-04 6.680e-02 0.000493    0.128    0.661    0.151   0.0587 0.000646 1.28e-06
1        0 1.660e+04 7.090e+07 1.230e-03 9.040e-02 0.000273   0.0904    0.629    0.188   0.0901  0.00137 3.77e-06
1        0 1.720e+04 7.090e+07 1.660e-03 1.220e-01 0.000145   0.0615    0.575    0.226    0.134  0.00283 1.07e-05
1        0 1.780e+04 7.090e+07 2.250e-03 1.650e-01 7.42e-05     0.04    0.501    0.259    0.194  0.00562 2.92e-05
1        0 1.840e+04 7.090e+07 3.040e-03 2.240e-01 3.61e-05   0.0248    0.414     0.28     0.27   0.0108 7.69e-05
1        0 1.900e+04 7.090e+07 4.110e-03 3.030e-01 1.68e-05   0.0145    0.322    0.285    0.359   0.0197 0.000194
1        0 1.980e+04 7.090e+07 5.560e-03 4.100e-01 7.51e-06  0.00804    0.235     0.27    0.452   0.0344  0.00047
1        0 2.070e+04 7.090e+07 7.530e-03 5.540e-01 3.23e-06  0.00423    0.161    0.239    0.537   0.0569  0.00108
1        0 2.170e+04 7.090e+07 1.020e-02 7.500e-01 1.34e-06  0.00212    0.104    0.198    0.605   0.0893  0.00236
1        0 2.280e+04 7.090e+07 1.380e-02 1.020e+00 5.33e-07  0.00101   0.0632    0.154    0.644    0.133  0.00488
1        0 2.390e+04 7.090e+07 1.860e-02 1.370e+00 2.01e-07 0.000462   0.0363    0.113    0.652    0.188  0.00961
1        0 2.500e+04 7.090e+07 2.520e-02 1.860e+00 7.22e-08   0.0002   0.0198   0.0795     0.63    0.253    0.018
1        0 2.630e+04 7.090e+07 3.410e-02 2.510e+00 2.52e-08 8.37e-05   0.0103   0.0528     0.58    0.325   0.0323
1        0 2.780e+04 7.090e+07 4.620e-02 3.400e+00 8.57e-09 3.38e-05  0.00506    0.033    0.507    0.399   0.0557
1        0 2.970e+04 7.090e+07 6.250e-02 4.600e+00 2.87e-09 1.32e-05  0.00234   0.0193    0.419    0.467   0.0921
1        0 3.240e+04 7.090e+07 8.460e-02 6.230e+00 9.48e-10 4.95e-06  0.00101   0.0104    0.324    0.518    0.146
1        0 3.610e+04 7.090e+07 1.140e-01 8.430e+00 3.03e-10 1.76e-06 0.000399  0.00513    0.233    0.541    0.221
1        0 4.150e+04 7.090e+07 1.550e-01 1.140e+01 8.95e-11 5.73e-07  0.00014  0.00224    0.152    0.526    0.319
1        0 4.980e+04 7.090e+07 2.090e-01 1.540e+01 2.24e-11 1.59e-07 4.15e-05 0.000849   0.0893    0.473    0.437
1        0 6.340e+04 7.090e+07 2.830e-01 2.090e+01 4.05e-12 3.35e-08 9.71e-06 0.000268   0.0457    0.387    0.567
1        0 8.260e+04 7.090e+07 3.830e-01 2.820e+01 4.76e-13 5.09e-09 1.85e-06  7.5e-05   0.0212    0.291    0.688
1        0 1.030e+05 7.090e+07 5.190e-01 3.820e+01 4.51e-14 6.73e-10 3.42e-07 2.12e-05  0.00965     0.21     0.78
1        0 1.240e+05 7.090e+07 7.020e-01 5.170e+01 4.08e-15 8.77e-11 6.46e-08 6.23e-06  0.00444    0.149    0.847
1        0 1.360e+05 7.090e+07 9.500e-01 7.000e+01 5.09e-16  1.5e-11 1.54e-08 2.17e-06  0.00224    0.108    0.889
1        0 1.450e+05 7.090e+07 1.290e+00 9.470e+01 5.92e-17 2.74e-12 3.91e-09 7.86e-07  0.00116   0.0793     0.92
1        0 1.710e+05 7.090e+07 1.740e+00 1.280e+02 1.18e-17 3.29e-13 7.09e-10 2.26e-07 0.000516   0.0538    0.946
1        0 2.210e+05 7.090e+07 2.350e+00 1.730e+02 1.04e-18 2.54e-14 9.17e-11 5.21e-08   0.0002    0.034    0.966
1        0 2.890e+05 7.090e+07 3.180e+00 2.340e+02    1e-20 1.72e-15 1.09e-11 1.15e-08 7.56e-05   0.0211    0.979
1        0 3.100e+05 7.090e+07 4.310e+00 3.170e+02    1e-20 2.69e-16 2.61e-12 4.01e-09 3.76e-05   0.0149    0.985
1        2 3.490e+05 7.090e+07 5.830e+00 4.290e+02 3.56e-18 6.54e-17 5.28e-13 1.26e-09 1.74e-05   0.0102     0.99
1        0 3.030e+05 7.090e+07 7.880e+00 5.810e+02 1.98e-19 1.85e-17 2.65e-13 7.06e-10 1.17e-05  0.00836    0.992
1        0 3.410e+05 7.090e+07 1.070e+01 7.860e+02    1e-20    1e-20 5.34e-14 2.21e-10  5.4e-06   0.0057    0.994
1        2 3.310e+05 7.090e+07 1.440e+01 1.060e+03 2.86e-18 2.25e-17  1.8e-14 9.57e-11 3.08e-06   0.0043    0.996
1        2 2.310e+05 7.090e+07 1.950e+01 1.440e+03    1e-20    1e-20 1.82e-14 8.67e-11 2.81e-06   0.0041    0.996
1        0 2.570e+05 7.090e+07 2.640e+01 1.950e+03 1.72e-19 1.41e-18 3.84e-15 2.76e-11 1.32e-06  0.00281    0.997
1        0 3.590e+05 7.090e+07 3.580e+01 2.630e+03    1e-20    1e-20 3.51e-16 5.32e-12 4.47e-07  0.00164    0.998
1        0 6.780e+05 7.090e+07 4.840e+01 3.570e+03 4.73e-19 3.63e-18  4.5e-17    1e-12 1.12e-07 0.000763    0.999
1        2 9.750e+05 7.090e+07 6.550e+01 4.820e+03    1e-20    1e-20 1.97e-18 5.48e-13 5.41e-08 0.000429      1.0
1        2 9.750e+05 7.090e+07 8.860e+01 6.530e+03 8.91e-20 6.85e-19 5.94e-18 2.22e-13 2.96e-08 0.000317      1.0
1        2 9.750e+05 7.090e+07 1.200e+02 8.830e+03    1e-20    1e-20 4.06e-19 9.01e-14 1.62e-08 0.000234      1.0
1        2 9.750e+05 7.090e+07 1.620e+02 1.190e+04    1e-20    1e-20    1e-20 3.64e-14 8.82e-09 0.000173      1.0
1        2 9.750e+05 7.090e+07 2.190e+02 1.620e+04 1.66e-20 1.28e-19 8.34e-19 1.47e-14 4.82e-09 0.000128      1.0
1        2 9.750e+05 7.090e+07 2.970e+02 2.190e+04 1.94e-20  1.5e-19 9.37e-19 5.96e-15 2.63e-09 9.46e-05      1.0
1        2 9.750e+05 7.090e+07 4.020e+02 2.960e+04 1.11e-20 8.53e-20 5.31e-19 2.41e-15 1.44e-09 6.99e-05      1.0
1        2 9.750e+05 7.090e+07 5.440e+02 4.000e+04    1e-20    1e-20    1e-20 9.69e-16 7.85e-10 5.17e-05      1.0
1        2 9.750e+05 7.090e+07 7.360e+02 5.420e+04    1e-20 7.28e-20  4.5e-19 3.94e-16 4.29e-10 3.82e-05      1.0
1        2 9.750e+05 7.090e+07 9.950e+02 7.330e+04    1e-20    1e-20    1e-20 1.57e-16 2.34e-10 2.82e-05      1.0
1        2 9.750e+05 7.090e+07 1.350e+03 9.920e+04    1e-20 2.56e-20 1.58e-19 6.46e-17 1.28e-10 2.09e-05      1.0
1        2 9.750e+05 7.090e+07 1.820e+03 1.340e+05    1e-20    1e-20    1e-20 2.54e-17 6.99e-11 1.54e-05      1.0
1        2 9.750e+05 7.090e+07 2.460e+03 1.820e+05 1.28e-20 9.87e-20 6.09e-19 1.26e-17 3.82e-11 1.14e-05      1.0
1        2 9.750e+05 7.090e+07 3.330e+03 2.460e+05    1e-20    1e-20    1e-20 4.22e-18 2.09e-11 8.42e-06      1.0
1        2 9.750e+05 7.090e+07 4.510e+03 3.320e+05    1e-20    1e-20    1e-20  1.7e-18 1.14e-11 6.22e-06      1.0
1        2 9.750e+05 7.090e+07 6.110e+03 4.500e+05    1e-20    1e-20    1e-20 6.87e-19 6.22e-12  4.6e-06      1.0
1        2 9.750e+05 7.090e+07 8.260e+03 6.090e+05    1e-20    1e-20    1e-20 2.77e-19  3.4e-12  3.4e-06      1.0
1        2 9.750e+05 7.090e+07 1.120e+04 8.230e+05    1e-20    1e-20    1e-20 1.12e-19 1.86e-12 2.51e-06      1.0
1        2 9.750e+05 7.090e+07 1.510e+04 1.110e+06    1e-20    1e-20    1e-20 4.52e-20 1.01e-12 1.86e-06      1.0
1        2 9.750e+05 7.090e+07 2.050e+04 1.510e+06    1e-20    1e-20    1e-20 1.83e-20 5.54e-13 1.37e-06      1.0
1        2 9.750e+05 7.090e+07 2.770e+04 2.040e+06    1e-20    1e-20    1e-20    1e-20 3.03e-13 1.01e-06      1.0
1        2 9.750e+05 7.090e+07 3.750e+04 2.760e+06    1e-20    1e-20    1e-20    1e-20 1.65e-13  7.5e-07      1.0
1        2 9.750e+05 7.090e+07 5.070e+04 3.730e+06    1e-20    1e-20    1e-20    1e-20 9.04e-14 5.54e-07      1.0
1        2 9.750e+05 7.090e+07 6.860e+04 5.050e+06    1e-20    1e-20    1e-20    1e-20 4.93e-14 4.09e-07      1.0
1        2 9.750e+05 7.090e+07 9.280e+04 6.840e+06    1e-20    1e-20    1e-20    1e-20  2.7e-14 3.03e-07      1.0
1        2 9.750e+05 7.090e+07 1.260e+05 9.250e+06    1e-20    1e-20    1e-20    1e-20 1.47e-14 2.24e-07      1.0
1        2 9.750e+05 7.090e+07 1.700e+05 1.250e+07    1e-20    1e-20    1e-20    1e-20 8.04e-15 1.65e-07      1.0
1        2 9.750e+05 7.090e+07 2.300e+05 1.690e+07    1e-20    1e-20    1e-20    1e-20 4.39e-15 1.22e-07      1.0
1        2 9.750e+05 7.090e+07 3.110e+05 2.290e+07    1e-20    1e-20    1e-20    1e-20  2.4e-15 9.03e-08      1.0
1        2 9.750e+05 7.090e+07 4.210e+05 3.100e+07    1e-20    1e-20    1e-20    1e-20 1.31e-15 6.67e-08      1.0
1        2 9.750e+05 7.090e+07 5.700e+05 4.200e+07    1e-20    1e-20    1e-20    1e-20 7.15e-16 4.93e-08      1.0
1        2 9.750e+05 7.090e+07 7.710e+05 5.680e+07    1e-20    1e-20    1e-20    1e-20 3.91e-16 3.64e-08      1.0
1        2 9.750e+05 7.090e+07 1.040e+06 7.680e+07    1e-20    1e-20    1e-20    1e-20 2.14e-16 2.69e-08      1.0
1        2 9.750e+05 7.090e+07 1.410e+06 1.040e+08    1e-20    1e-20    1e-20    1e-20 1.17e-16 1.99e-08      1.0
1        2 9.750e+05 7.090e+07 1.910e+06 1.410e+08    1e-20    1e-20    1e-20    1e-20 6.37e-17 1.47e-08      1.0
1        2 9.750e+05 7.090e+07 2.580e+06 1.900e+08    1e-20    1e-20    1e-20    1e-20 3.48e-17 1.09e-08      1.0
1        2 9.750e+05 7.090e+07 3.490e+06 2.570e+08    1e-20    1e-20    1e-20    1e-20  1.9e-17 8.04e-09      1.0
1        2 9.750e+05 7.090e+07 4.730e+06 3.480e+08    1e-20    1e-20    1e-20    1e-20 1.04e-17 5.94e-09      1.0
