i converge       t_e       t_r        ip        xi      i01      i02      i03      i04      i05      i06      i07      i08      i09      i10      i11      i12      i13      i14      i15      i16      i17      i18      i19      i20      i21      i22      i23      i24      i25      i26      i27
- -------- --------- --------- --------- --------- -------- -------- -------- -------- -------- -------- -------- -------- -------- -------- -------- -------- -------- -------- -------- -------- -------- -------- -------- -------- -------- -------- -------- -------- -------- -------- --------
1        0 1.590e+03 7.090e+07 4.730e-07 3.480e-05    0.523    0.431    0.045  0.00181   0.0001 9.44e-06 1.03e-06 4.43e-08 6.22e-10 2.31e-11    8e-13 1.04e-17  5.2e-20    1e-20    1e-20    1e-20    1e-20    1e-20    1e-20    1e-20    1e-20    1e-20    1e-20    1e-20    1e-20    1e-20    1e-20
1        0 1.620e+03 7.090e+07 6.400e-07 4.710e-05    0.474    0.465   0.0574  0.00255 0.000135 1.26e-05 1.29e-06 5.27e-08 7.28e-10 2.66e-11 9.01e-13 1.45e-17 7.14e-20    1e-20    1e-20    1e-20    1e-20    1e-20    1e-20    1e-20    1e-20    1e-20    1e-20    1e-20    1e-20    1e-20    1e-20
1        0 1.650e+03 7.090e+07 8.660e-07 6.380e-05    0.425    0.498   0.0728  0.00361 0.000184 1.69e-05 1.61e-06 6.29e-08 8.52e-10 3.07e-11 1.02e-12 2.04e-17 9.85e-20    1e-20    1e-20    1e-20    1e-20    1e-20    1e-20    1e-20    1e-20    1e-20    1e-20    1e-20    1e-20    1e-20    1e-20
1        0 1.690e+03 7.090e+07 1.170e-06 8.630e-05    0.376    0.527   0.0917  0.00512 0.000254 2.29e-05 2.03e-06 7.51e-08 9.97e-10 3.55e-11 1.15e-12 2.89e-17 1.36e-19 1.05e-20    1e-20    1e-20    1e-20    1e-20    1e-20    1e-20    1e-20    1e-20    1e-20    1e-20    1e-20    1e-20    1e-20
1        0 1.720e+03 7.090e+07 1.580e-06 1.170e-04    0.327    0.551    0.114  0.00729 0.000353 3.15e-05 2.56e-06    9e-08 1.17e-09 4.13e-11  1.3e-12  4.1e-17 1.89e-19 1.46e-20    1e-20    1e-20    1e-20    1e-20    1e-20    1e-20    1e-20    1e-20    1e-20    1e-20    1e-20    1e-20    1e-20
1        0 1.760e+03 7.090e+07 2.140e-06 1.580e-04    0.279    0.568    0.141   0.0104 0.000497 4.38e-05 3.23e-06 1.08e-07 1.36e-09 4.82e-11 1.49e-12 5.86e-17 2.64e-19 2.04e-20    1e-20    1e-20    1e-20    1e-20    1e-20    1e-20    1e-20    1e-20    1e-20    1e-20    1e-20    1e-20    1e-20
1        0 1.810e+03 7.090e+07 2.900e-06 2.140e-04    0.234    0.577    0.173   0.0148 0.000708 6.17e-05  4.1e-06  1.3e-07 1.59e-09 5.68e-11 1.74e-12 8.45e-17 3.71e-19 2.88e-20    1e-20    1e-20    1e-20    1e-20    1e-20    1e-20    1e-20    1e-20    1e-20    1e-20    1e-20    1e-20    1e-20
1        0 1.850e+03 7.090e+07 3.920e-06 2.890e-04    0.192    0.576    0.209    0.021  0.00102 8.79e-05 5.23e-06 1.58e-07 1.84e-09 6.75e-11 2.07e-12 1.23e-16 5.27e-19 4.14e-20    1e-20    1e-20    1e-20    1e-20    1e-20    1e-20    1e-20    1e-20    1e-20    1e-20    1e-20    1e-20    1e-20
1        0 1.910e+03 7.090e+07 5.310e-06 3.910e-04    0.154    0.565     0.25   0.0298   0.0015 0.000127 6.72e-06 1.92e-07 2.15e-09 8.12e-11 2.55e-12 1.82e-16 7.58e-19 6.06e-20    1e-20    1e-20    1e-20    1e-20    1e-20    1e-20    1e-20    1e-20    1e-20    1e-20    1e-20    1e-20    1e-20
1        0 1.960e+03 7.090e+07 7.190e-06 5.290e-04     0.12    0.541    0.294    0.042  0.00224 0.000187 8.73e-06 2.36e-07  2.5e-09 9.96e-11 3.28e-12 2.73e-16 1.11e-18 9.09e-20 1.49e-20    1e-20    1e-20    1e-20    1e-20    1e-20    1e-20    1e-20    1e-20    1e-20    1e-20    1e-20    1e-20
1        0 2.020e+03 7.090e+07 9.720e-06 7.160e-04   0.0903    0.506    0.341    0.059  0.00339 0.000279 1.15e-05 2.95e-07 2.92e-09 1.25e-10 4.43e-12 4.18e-16 1.68e-18 1.41e-19 2.42e-20    1e-20    1e-20    1e-20    1e-20    1e-20    1e-20    1e-20    1e-20    1e-20    1e-20    1e-20    1e-20
1        0 2.090e+03 7.090e+07 1.320e-05 9.690e-04   0.0655     0.46    0.387    0.082  0.00521 0.000423 1.54e-05 3.75e-07 3.45e-09 1.61e-10 6.31e-12  6.6e-16 2.63e-18 2.25e-19 4.19e-20    1e-20    1e-20    1e-20    1e-20    1e-20    1e-20    1e-20    1e-20    1e-20    1e-20    1e-20    1e-20
1        0 2.170e+03 7.090e+07 1.780e-05 1.310e-03   0.0456    0.405    0.428    0.113  0.00809 0.000652 2.13e-05 4.89e-07 4.13e-09 2.14e-10 9.46e-12 1.08e-15 4.31e-18 3.77e-19  7.7e-20    1e-20    1e-20    1e-20    1e-20    1e-20    1e-20    1e-20    1e-20    1e-20    1e-20    1e-20    1e-20
1        0 2.250e+03 7.090e+07 2.410e-05 1.770e-03   0.0302    0.342    0.461    0.153   0.0127  0.00102 3.04e-05 6.63e-07 5.11e-09 2.95e-10 1.48e-11 1.86e-15 7.51e-18 6.61e-19 1.49e-19    1e-20    1e-20    1e-20    1e-20    1e-20    1e-20    1e-20    1e-20    1e-20    1e-20    1e-20    1e-20
1        0 2.350e+03 7.090e+07 3.260e-05 2.400e-03   0.0188    0.276    0.481    0.203     0.02  0.00164 4.55e-05 9.44e-07 6.62e-09 4.26e-10 2.41e-11 3.38e-15  1.4e-17 1.22e-18 3.04e-19    1e-20    1e-20    1e-20    1e-20    1e-20    1e-20    1e-20    1e-20    1e-20    1e-20    1e-20    1e-20
1        0 2.460e+03 7.090e+07 4.410e-05 3.250e-03    0.011    0.212    0.481    0.262   0.0314  0.00265 7.18e-05 1.43e-06  9.2e-09 6.41e-10 4.02e-11  6.6e-15 2.79e-17 2.39e-18  6.4e-19    1e-20    1e-20    1e-20    1e-20    1e-20    1e-20    1e-20    1e-20    1e-20    1e-20    1e-20    1e-20
1        0 2.590e+03 7.090e+07 5.970e-05 4.390e-03  0.00596    0.152    0.459    0.328   0.0492  0.00438 0.000121 2.31e-06  1.4e-08 1.01e-09 6.82e-11 1.39e-14 5.96e-17 4.93e-18 1.39e-18    1e-20    1e-20    1e-20    1e-20    1e-20    1e-20    1e-20    1e-20    1e-20    1e-20    1e-20    1e-20
1        0 2.740e+03 7.090e+07 8.070e-05 5.940e-03  0.00299    0.103    0.416    0.395   0.0755  0.00729 0.000215    4e-06 2.33e-08 1.66e-09 1.17e-10 3.13e-14 1.35e-16 1.07e-17 3.08e-18    1e-20    1e-20    1e-20    1e-20    1e-20    1e-20    1e-20    1e-20    1e-20    1e-20    1e-20    1e-20
1        0 2.910e+03 7.090e+07 1.090e-04 8.040e-03  0.00137   0.0645    0.355    0.454    0.113   0.0122 0.000405 7.35e-06 4.26e-08 2.88e-09 2.01e-10 7.57e-14 3.22e-16 2.45e-17 6.99e-18 1.05e-20    1e-20    1e-20    1e-20    1e-20    1e-20    1e-20    1e-20    1e-20    1e-20    1e-20    1e-20
1        0 3.120e+03 7.090e+07 1.480e-04 1.090e-02 0.000569   0.0371    0.282    0.495    0.164   0.0206   0.0008 1.43e-05 8.45e-08  5.3e-09 3.51e-10 1.95e-13 8.18e-16 6.02e-17 1.63e-17 3.67e-20    1e-20    1e-20    1e-20    1e-20    1e-20    1e-20    1e-20    1e-20    1e-20    1e-20    1e-20
1        0 3.390e+03 7.090e+07 2.000e-04 1.470e-02 0.000212   0.0195    0.208    0.507    0.229   0.0345  0.00163  2.9e-05 1.78e-07 1.05e-08 6.25e-10 5.33e-13  2.2e-15 1.59e-16  3.9e-17 1.37e-19    1e-20    1e-20    1e-20    1e-20    1e-20    1e-20    1e-20    1e-20    1e-20    1e-20    1e-20
1        0 3.730e+03 7.090e+07 2.700e-04 1.990e-02 6.98e-05  0.00922    0.141    0.485    0.304   0.0573  0.00342 6.15e-05 3.96e-07 2.24e-08 1.14e-09 1.53e-12 6.32e-15 4.59e-16 9.71e-17 5.48e-19    1e-20    1e-20    1e-20    1e-20    1e-20    1e-20    1e-20    1e-20    1e-20    1e-20    1e-20
1        0 4.180e+03 7.090e+07 3.660e-04 2.700e-02 2.01e-05  0.00388   0.0863    0.429     0.38   0.0934  0.00726 0.000135 9.13e-07 5.27e-08 2.17e-09 4.64e-12 1.94e-14 1.46e-15 2.54e-16 2.35e-18 2.43e-20    1e-20    1e-20    1e-20    1e-20    1e-20    1e-20    1e-20    1e-20    1e-20    1e-20
1        0 4.830e+03 7.090e+07 4.950e-04 3.650e-02 4.81e-06   0.0014   0.0469    0.344    0.443    0.148   0.0156 0.000312 2.19e-06 1.36e-07 4.37e-09 1.51e-11 6.47e-14 5.18e-15 7.07e-16  1.1e-17 1.05e-19    1e-20    1e-20    1e-20    1e-20    1e-20    1e-20    1e-20    1e-20    1e-20    1e-20
1        0 5.760e+03 7.090e+07 6.700e-04 4.930e-02 9.63e-07 0.000429   0.0221    0.246    0.473    0.225   0.0334 0.000747 5.38e-06 3.81e-07 9.34e-09 5.18e-11 2.32e-13 2.02e-14 2.06e-15 5.49e-17 4.91e-19    1e-20    1e-20    1e-20    1e-20    1e-20    1e-20    1e-20    1e-20    1e-20    1e-20
1        0 1.580e+04 7.090e+07 9.070e-04 6.680e-02  1.1e-07 1.44e-05  0.00228   0.0707    0.354    0.416    0.154  0.00404 3.42e-05 3.89e-06  5.3e-08 6.19e-10  4.6e-12 4.68e-13 1.58e-14 1.13e-15 1.55e-17 2.92e-20    1e-20    1e-20    1e-20    1e-20    1e-20    1e-20    1e-20    1e-20    1e-20
1        0 1.660e+04 7.090e+07 1.230e-03 9.040e-02 2.43e-08 4.23e-06  0.00093   0.0402    0.278    0.448    0.226  0.00728 6.65e-05  8.1e-06 9.86e-08 1.59e-09 1.25e-11 1.36e-12 4.05e-14 3.96e-15 5.76e-17 1.11e-19    1e-20    1e-20    1e-20    1e-20    1e-20    1e-20    1e-20    1e-20    1e-20
1        0 1.720e+04 7.090e+07 1.660e-03 1.220e-01 6.47e-09 1.19e-06  0.00036   0.0215    0.205    0.451     0.31   0.0125 0.000124  1.6e-05 1.79e-07 3.88e-09 3.25e-11 3.74e-12 1.02e-13 1.32e-14 2.06e-16  4.2e-19    1e-20    1e-20    1e-20    1e-20    1e-20    1e-20    1e-20    1e-20    1e-20
1        0 1.780e+04 7.090e+07 2.250e-03 1.650e-01 4.41e-09 3.24e-07 0.000131   0.0108    0.142    0.426      0.4   0.0207 0.000222 3.02e-05 3.23e-07 9.14e-09 8.19e-11 9.89e-12 2.57e-13 4.28e-14  7.2e-16  1.6e-18    1e-20    1e-20    1e-20    1e-20    1e-20    1e-20    1e-20    1e-20    1e-20
1        0 1.840e+04 7.090e+07 3.040e-03 2.240e-01 5.27e-09 9.13e-08 4.49e-05   0.0051   0.0922    0.381    0.489   0.0327 0.000387 5.53e-05 5.81e-07 2.08e-08 2.03e-10 2.54e-11  6.5e-13 1.34e-13 2.49e-15 6.24e-18 1.13e-20    1e-20    1e-20    1e-20    1e-20    1e-20    1e-20    1e-20    1e-20
1        0 1.900e+04 7.090e+07 4.110e-03 3.030e-01 5.91e-09 3.23e-08 1.44e-05  0.00227   0.0566    0.322    0.569     0.05 0.000663  9.9e-05 1.06e-06 4.65e-08    5e-10 6.44e-11 1.68e-12 4.14e-13 8.69e-15 2.52e-17 5.57e-20    1e-20    1e-20    1e-20    1e-20    1e-20    1e-20    1e-20    1e-20
1        0 1.980e+04 7.090e+07 5.560e-03 4.100e-01  5.8e-09 1.71e-08 4.36e-06  0.00095   0.0329    0.259    0.633   0.0736  0.00112 0.000175 1.99e-06 1.02e-07 1.24e-09 1.63e-10 4.51e-12 1.27e-12 3.09e-14 1.06e-16 2.85e-19    1e-20    1e-20    1e-20    1e-20    1e-20    1e-20    1e-20    1e-20
1        0 2.070e+04 7.090e+07 7.530e-03 5.540e-01 5.12e-09  1.2e-08 1.26e-06 0.000378   0.0182    0.199    0.676    0.105  0.00188 0.000307 3.87e-06 2.22e-07 3.12e-09 4.11e-10 1.26e-11 3.87e-12 1.13e-13  4.7e-16 1.52e-18    1e-20    1e-20    1e-20    1e-20    1e-20    1e-20    1e-20    1e-20
1        0 2.170e+04 7.090e+07 1.020e-02 7.500e-01 4.18e-09 8.96e-09 3.49e-07 0.000143  0.00962    0.147    0.695    0.145  0.00312 0.000535 7.87e-06 4.84e-07 8.01e-09 1.05e-09 3.71e-11 1.19e-11  4.3e-13 2.21e-15 8.57e-18    1e-20    1e-20    1e-20    1e-20    1e-20    1e-20    1e-20    1e-20
1        0 2.280e+04 7.090e+07 1.380e-02 1.020e+00 3.22e-09  6.6e-09 9.72e-08 5.23e-05   0.0049    0.104    0.691    0.193  0.00516 0.000933 1.67e-05 1.06e-06 2.11e-08  2.7e-09 1.14e-10 3.74e-11  1.7e-12 1.09e-14  5.1e-17 6.55e-20    1e-20    1e-20    1e-20    1e-20    1e-20    1e-20    1e-20
1        0 2.390e+04 7.090e+07 1.860e-02 1.370e+00 2.39e-09 4.71e-09 2.91e-08 1.85e-05  0.00242   0.0718    0.665    0.251  0.00846  0.00162 3.63e-05 2.36e-06 5.72e-08 7.05e-09 3.61e-10 1.19e-10 6.93e-12 5.65e-14 3.19e-16 5.02e-19    1e-20    1e-20    1e-20    1e-20    1e-20    1e-20    1e-20
1        0 2.500e+04 7.090e+07 2.520e-02 1.860e+00 1.73e-09 3.28e-09 1.03e-08 6.35e-06  0.00116   0.0479    0.619    0.315   0.0137  0.00282 8.08e-05 5.33e-06 1.59e-07 1.88e-08 1.18e-09 3.93e-10 2.93e-11 3.07e-13 2.12e-15 4.08e-18 1.21e-20    1e-20    1e-20    1e-20    1e-20    1e-20    1e-20
1        0 2.630e+04 7.090e+07 3.410e-02 2.510e+00 1.24e-09 2.26e-09 4.63e-09 2.09e-06 0.000531   0.0308    0.558    0.384   0.0219  0.00492 0.000183 1.24e-05 4.59e-07 5.21e-08 4.03e-09 1.35e-09  1.3e-10 1.78e-12 1.51e-14  3.6e-17 1.22e-19    1e-20    1e-20    1e-20    1e-20    1e-20    1e-20
1        0 2.780e+04 7.090e+07 4.620e-02 3.400e+00 9.16e-10 1.63e-09  2.7e-09 6.58e-07 0.000233    0.019    0.486    0.451   0.0346  0.00864 0.000423 3.01e-05 1.39e-06 1.52e-07 1.44e-08 4.93e-09 6.12e-10 1.11e-11 1.18e-13 3.51e-16 1.36e-18    1e-20    1e-20    1e-20    1e-20    1e-20    1e-20
1        0 2.970e+04 7.090e+07 6.250e-02 4.600e+00 7.75e-10 1.35e-09 2.07e-09 1.97e-07 9.71e-05   0.0112    0.407    0.512   0.0537   0.0153 0.000995 7.63e-05 4.43e-06 4.77e-07 5.44e-08 1.94e-08 3.11e-09 7.57e-11 1.04e-12 3.87e-15 1.73e-17 4.18e-20    1e-20    1e-20    1e-20    1e-20    1e-20
1        0 3.240e+04 7.090e+07 8.460e-02 6.230e+00 8.36e-10 1.46e-09 2.18e-09 5.75e-08 3.77e-05  0.00625    0.326    0.556    0.082   0.0274  0.00239 0.000205 1.51e-05 1.65e-06 2.24e-07 8.43e-08 1.74e-08 5.84e-10 1.05e-11 5.04e-14  2.6e-16 8.26e-19    1e-20    1e-20    1e-20    1e-20    1e-20
1        0 3.610e+04 7.090e+07 1.140e-01 8.430e+00 1.14e-09 2.01e-09 3.01e-09 2.04e-08 1.34e-05  0.00325    0.247    0.572    0.122   0.0495  0.00587 0.000584  5.5e-05 6.43e-06 1.01e-06 4.13e-07  1.1e-07 5.17e-09 1.26e-10 7.98e-13  4.8e-15 2.04e-17 2.32e-19    1e-20    1e-20    1e-20    1e-20
1        0 4.150e+04 7.090e+07 1.550e-01 1.140e+01 1.74e-09 3.14e-09 4.72e-09 1.48e-08 4.26e-06  0.00153    0.174    0.545    0.174   0.0892   0.0146  0.00177 0.000217 2.86e-05 5.14e-06 2.35e-06 7.99e-07 5.45e-08 1.86e-09 1.62e-11 1.15e-13 6.71e-16 8.44e-18 6.85e-20    1e-20    1e-20    1e-20
1        0 4.980e+04 7.090e+07 2.090e-01 1.540e+01 2.55e-09 4.81e-09  7.3e-09 1.91e-08 1.19e-06 0.000631    0.109    0.464    0.229    0.155   0.0362  0.00563 0.000915 0.000144 2.94e-05 1.54e-05 6.81e-06 6.92e-07 3.45e-08 4.33e-10 3.75e-12 3.07e-14 4.33e-16 4.54e-18 2.03e-19    1e-20    1e-20
1        0 6.340e+04 7.090e+07 2.830e-01 2.090e+01 3.08e-09 6.17e-09 9.53e-09 2.44e-08 3.37e-07 0.000238   0.0563    0.329    0.265    0.243   0.0838    0.018    0.004 0.000796 0.000188 0.000113 6.81e-05 1.07e-05 8.15e-07 1.56e-08 1.75e-10 2.05e-12 3.35e-14  4.6e-16 2.53e-17 1.27e-20    1e-20
1        0 8.260e+04 7.090e+07 3.830e-01 2.820e+01  2.5e-09 5.18e-09 8.17e-09  2.1e-08 1.56e-07 0.000108   0.0234    0.187    0.245    0.311    0.161   0.0501   0.0154  0.00403  0.00113 0.000735 0.000653 0.000161 1.89e-05 5.76e-07 8.91e-09 1.46e-10 2.89e-12 5.19e-14 3.57e-15 2.86e-18    1e-20
1        0 1.030e+05 7.090e+07 5.190e-01 3.820e+01 6.37e-10  1.3e-09 2.06e-09 5.41e-09 7.32e-08 4.92e-05  0.00811    0.089    0.178     0.31    0.234    0.106   0.0447   0.0154  0.00519  0.00357   0.0047  0.00178 0.000319 1.51e-05 3.32e-07 7.37e-09 1.82e-10  4.2e-12  3.6e-13 4.51e-16 2.17e-19
1        0 1.240e+05 7.090e+07 7.020e-01 5.170e+01    1e-20    1e-20    1e-20    1e-20    1e-20 1.65e-05  0.00233   0.0344   0.0998    0.235    0.253    0.164   0.0946   0.0426   0.0175   0.0131   0.0246   0.0141  0.00377 0.000271 8.63e-06 2.55e-07 7.99e-09 2.35e-10 2.48e-11 4.73e-14 3.46e-17
1        0 1.360e+05 7.090e+07 9.500e-01 7.000e+01    1e-20    1e-20    1e-20    1e-20    1e-20 3.29e-06 0.000526   0.0104   0.0416    0.131    0.194    0.172    0.131   0.0756   0.0383    0.033   0.0793   0.0648   0.0247  0.00253 0.000112 4.28e-06 1.69e-07 6.14e-09 7.74e-10 2.12e-12 2.22e-15
1        0 1.450e+05 7.090e+07 1.290e+00 9.470e+01    1e-20    1e-20    1e-20    1e-20    1e-20 3.49e-07 7.36e-05  0.00194   0.0106    0.045   0.0907    0.109     0.11   0.0816   0.0514   0.0521    0.156     0.18   0.0963   0.0139 0.000844 4.19e-05 2.09e-06 9.43e-08  1.4e-08 5.42e-11 7.99e-14
1        0 1.710e+05 7.090e+07 1.740e+00 1.280e+02    1e-20    1e-20    1e-20    1e-20    1e-20 1.88e-08  4.6e-06 0.000157  0.00117  0.00658   0.0186   0.0318   0.0448   0.0448    0.036   0.0424    0.174    0.301     0.24   0.0524  0.00483 0.000337 2.22e-05  1.3e-06 2.37e-07 1.38e-09 3.06e-12
1        0 2.210e+05 7.090e+07 2.350e+00 1.730e+02 6.87e-11 1.07e-10 1.62e-10 4.18e-10 9.33e-10 2.67e-09 1.46e-07 5.86e-06 5.82e-05 0.000423  0.00168  0.00422  0.00871   0.0122   0.0132   0.0186     0.11    0.302    0.375    0.132   0.0201  0.00213 0.000196 1.57e-05 3.64e-06 3.39e-08 1.19e-10
1        0 2.890e+05 7.090e+07 3.180e+00 2.340e+02 2.38e-11 3.56e-11 5.33e-11 1.37e-10 3.08e-10 6.51e-10 4.31e-09 1.41e-07  1.8e-06 1.71e-05 9.65e-05 0.000352  0.00108  0.00219  0.00334  0.00614    0.051    0.217    0.413    0.234   0.0601   0.0099  0.00131 0.000148 4.42e-05 6.64e-07 3.75e-09
1        0 3.100e+05 7.090e+07 4.310e+00 3.170e+02 6.54e-12 9.38e-12  1.4e-11 3.58e-11    8e-11 1.66e-10 4.84e-10 5.79e-09 8.45e-08 1.07e-06 8.27e-06 4.15e-05 0.000175 0.000484 0.000991  0.00235   0.0242    0.144     0.38    0.305    0.112   0.0255  0.00457 0.000677 0.000242 5.16e-06 4.12e-08
1        2 3.490e+05 7.090e+07 5.830e+00 4.290e+02 1.19e-12 1.65e-12 2.45e-12 6.26e-12 1.39e-11 2.88e-11 7.25e-11  2.9e-10  2.7e-09 4.43e-08 4.75e-07 3.35e-06 2.01e-05 7.81e-05 0.000223  0.00071  0.00939   0.0792    0.295    0.346    0.188   0.0615   0.0154  0.00313  0.00138 4.31e-05 5.01e-07
1        0 3.030e+05 7.090e+07 7.880e+00 5.810e+02 3.82e-13 5.11e-13 7.62e-13 1.95e-12 4.29e-12 8.83e-12 2.18e-11 6.29e-11 2.69e-10 5.18e-09 7.14e-08 6.43e-07 4.81e-06 2.33e-05 8.12e-05 0.000316  0.00468   0.0503    0.241    0.348    0.226   0.0909   0.0281  0.00688   0.0034 0.000131 1.88e-06
1        0 3.410e+05 7.090e+07 1.070e+01 7.860e+02 4.42e-14  5.8e-14 8.63e-14  2.2e-13 4.84e-13 9.96e-13 2.44e-12 6.39e-12 1.01e-11  1.5e-10 2.78e-09 3.51e-08 3.75e-07 2.57e-06 1.27e-05 6.76e-05  0.00132   0.0202    0.137    0.289    0.279    0.162    0.071   0.0243   0.0153 0.000859  1.8e-05
1        2 3.310e+05 7.090e+07 1.440e+01 1.060e+03 6.83e-15 8.79e-15 1.31e-14 3.34e-14 7.32e-14  1.5e-13 3.67e-13 9.48e-13 9.93e-13    8e-12 1.79e-10    3e-09 4.24e-08 3.84e-07 2.49e-06 1.72e-05 0.000413  0.00844   0.0765    0.214    0.273    0.209    0.121   0.0536   0.0408  0.00304 8.48e-05
1        2 2.310e+05 7.090e+07 1.950e+01 1.440e+03 3.57e-15 4.51e-15 6.74e-15 1.72e-14 3.74e-14 7.68e-14 1.87e-13 4.81e-13 4.51e-13 2.39e-12 5.87e-11 1.17e-09 1.88e-08 1.95e-07 1.43e-06 1.17e-05 0.000279  0.00648   0.0682    0.203    0.257    0.209    0.135   0.0655   0.0512  0.00408 0.000122
1        0 2.570e+05 7.090e+07 2.640e+01 1.950e+03 2.23e-16 2.79e-16 4.16e-16 1.06e-15 2.31e-15 4.73e-15 1.15e-14 2.94e-14 2.63e-14 6.61e-14 1.33e-12 3.63e-11 8.22e-10  1.2e-08 1.23e-07 1.36e-06 4.47e-05  0.00149   0.0223   0.0965    0.182    0.214    0.196    0.133    0.138    0.016 0.000695
1        0 3.590e+05 7.090e+07 3.580e+01 2.630e+03 2.05e-18 2.56e-18 3.81e-18  9.7e-18 2.12e-17 4.34e-17 1.05e-16 2.28e-16 3.73e-16  5.5e-16 4.57e-15 1.73e-13 6.23e-12 1.44e-10 2.37e-09 4.02e-08 2.14e-06 0.000112  0.00259   0.0189   0.0637    0.126    0.185    0.205     0.33   0.0642  0.00467
1        0 6.780e+05 7.090e+07 4.840e+01 3.570e+03 1.11e-18 1.38e-18 2.05e-18 5.21e-18 1.14e-17 2.33e-17 5.62e-17    1e-20 4.09e-17 6.23e-17 1.92e-17    1e-20 2.03e-15 1.01e-13 3.71e-12 1.34e-10  1.4e-08 1.24e-06 4.82e-05 0.000728   0.0056   0.0231   0.0678    0.161    0.506    0.205   0.0304
1        2 9.750e+05 7.090e+07 6.550e+01 4.820e+03    1e-20    1e-20    1e-20    1e-20    1e-20    1e-20    1e-20    1e-20 1.01e-17 8.85e-17    1e-20 1.94e-17    1e-20 2.19e-16 1.79e-14 1.23e-12 1.82e-10 2.33e-08 1.39e-06 3.66e-05 0.000514   0.0038     0.02   0.0886    0.471    0.331   0.0844
1        2 9.750e+05 7.090e+07 8.860e+01 6.530e+03    1e-20    1e-20    1e-20    1e-20    1e-20    1e-20    1e-20    1e-20 3.72e-17 3.67e-17 1.53e-17 3.44e-17    1e-20 1.87e-17 7.96e-16 7.21e-14 1.43e-11 2.47e-09    2e-07  7.1e-06 0.000135  0.00135  0.00962   0.0575    0.409    0.389    0.134
1        2 9.750e+05 7.090e+07 1.200e+02 8.830e+03    1e-20    1e-20    1e-20    1e-20    1e-20    1e-20    1e-20    1e-20    1e-20 4.65e-17    1e-20 6.78e-17    1e-20    1e-20 9.01e-17 3.94e-15 1.05e-12 2.45e-10 2.69e-08 1.29e-06 3.32e-05  0.00045  0.00433   0.0349    0.333    0.428      0.2
1        2 9.750e+05 7.090e+07 1.620e+02 1.190e+04    1e-20    1e-20    1e-20    1e-20    1e-20    1e-20    1e-20    1e-20    1e-20    1e-20 8.35e-17    1e-20 1.85e-17 4.09e-17    1e-20 1.01e-16  7.2e-14 2.28e-11 3.38e-09  2.2e-07 7.65e-06  0.00014  0.00182   0.0199    0.255    0.443     0.28
1        2 9.750e+05 7.090e+07 2.190e+02 1.620e+04 3.41e-19 4.17e-19 6.21e-19 1.58e-18 3.43e-18 7.03e-18  1.7e-17 4.35e-17 3.78e-17 5.46e-17 7.41e-17    1e-20 1.36e-17 2.02e-17    1e-20 2.49e-17 4.67e-15    2e-12 4.01e-10 3.53e-08 1.66e-06 4.12e-05 0.000724   0.0107    0.184    0.434     0.37
1        2 9.750e+05 7.090e+07 2.970e+02 2.190e+04 1.14e-19  1.4e-19 2.08e-19 5.29e-19 1.15e-18 2.35e-18 5.69e-18 1.46e-17 1.27e-17 1.82e-17    1e-20 8.23e-17    1e-20 2.98e-17 2.43e-17 7.37e-17 2.64e-16 1.66e-13 4.51e-11 5.36e-09 3.42e-07 1.15e-05 0.000273  0.00543    0.126    0.403    0.465
1        2 9.750e+05 7.090e+07 4.020e+02 2.960e+04    1e-20    1e-20    1e-20    1e-20    1e-20    1e-20    1e-20    1e-20    1e-20    1e-20    1e-20 6.08e-17    1e-20 4.41e-17    1e-20 5.46e-17    1e-20 1.31e-14 4.83e-12 7.77e-10 6.69e-08 3.04e-06 9.78e-05  0.00264   0.0828    0.357    0.558
1        2 9.750e+05 7.090e+07 5.440e+02 4.000e+04 1.08e-19 1.32e-19 1.97e-19    5e-19 1.09e-18 2.22e-18 5.37e-18 1.38e-17 1.19e-17 1.72e-17 2.38e-17 3.47e-17  2.2e-17    1e-20    1e-20    1e-20    1e-20 1.03e-15 4.96e-13 1.08e-10 1.26e-08 7.74e-07 3.37e-05  0.00123   0.0521    0.304    0.643
1        2 9.750e+05 7.090e+07 7.360e+02 5.420e+04 7.57e-20 9.24e-20 1.38e-19  3.5e-19  7.6e-19 1.56e-18 3.76e-18 9.64e-18 8.36e-18 1.21e-17 1.66e-17 2.43e-17 3.33e-17    1e-20    1e-20    1e-20 4.73e-17 1.25e-16 4.93e-14 1.45e-11 2.29e-09 1.91e-07 1.12e-05 0.000554   0.0318    0.251    0.717
1        2 9.750e+05 7.090e+07 9.950e+02 7.330e+04    1e-20    1e-20    1e-20    1e-20    1e-20    1e-20    1e-20    1e-20    1e-20    1e-20    1e-20    1e-20    1e-20 7.13e-17    1e-20    1e-20    1e-20    1e-20 4.74e-15 1.91e-12 4.08e-10 4.58e-08 3.65e-06 0.000244   0.0189    0.201     0.78
1        2 9.750e+05 7.090e+07 1.350e+03 9.920e+04  1.6e-19 1.95e-19  2.9e-19 7.38e-19  1.6e-18 3.28e-18 7.93e-18 2.03e-17 1.76e-17 2.54e-17  3.5e-17 5.11e-17 7.03e-17  9.9e-17  4.3e-17    1e-20 1.03e-16    1e-20 4.38e-16 2.45e-13 7.08e-11 1.08e-08 1.16e-06 0.000105    0.011    0.158     0.83
1        2 9.750e+05 7.090e+07 1.820e+03 1.340e+05    1e-20    1e-20    1e-20    1e-20    1e-20    1e-20    1e-20    1e-20    1e-20    1e-20    1e-20    1e-20    1e-20    1e-20    1e-20    1e-20 3.82e-17    1e-20 6.47e-17 3.11e-14 1.21e-11 2.49e-09 3.64e-07 4.44e-05  0.00628    0.123    0.871
1        2 9.750e+05 7.090e+07 2.460e+03 1.820e+05 3.63e-20 4.43e-20  6.6e-20 1.68e-19 3.65e-19 7.46e-19  1.8e-18 4.62e-18    4e-18 5.77e-18 7.96e-18 1.16e-17  1.6e-17 2.25e-17 3.53e-17    1e-20    1e-20 3.72e-17 4.78e-17 3.83e-15 2.05e-12  5.7e-10 1.13e-07 1.86e-05  0.00356   0.0941    0.902
1        2 9.750e+05 7.090e+07 3.330e+03 2.460e+05 2.98e-20 3.64e-20 5.42e-20 1.38e-19    3e-19 6.13e-19 1.48e-18  3.8e-18 3.29e-18 4.74e-18 6.54e-18 9.55e-18 1.31e-17 1.85e-17 2.91e-17 1.31e-16 4.18e-17  5.5e-17    1e-20 4.44e-16 3.43e-13 1.29e-10 3.45e-08 7.71e-06    0.002   0.0714    0.927
1        2 9.750e+05 7.090e+07 4.510e+03 3.320e+05    1e-20    1e-20    1e-20    1e-20    1e-20    1e-20    1e-20    1e-20    1e-20    1e-20    1e-20    1e-20    1e-20    1e-20    1e-20    1e-20    1e-20 4.06e-17 5.22e-17 1.23e-16  5.7e-14 2.91e-11 1.05e-08 3.18e-06  0.00111   0.0538    0.945
1        2 9.750e+05 7.090e+07 6.110e+03 4.500e+05    1e-20    1e-20    1e-20    1e-20    1e-20    1e-20    1e-20    1e-20    1e-20    1e-20    1e-20    1e-20    1e-20    1e-20    1e-20    1e-20    1e-20    1e-20    1e-20 6.06e-17 9.41e-15 6.49e-12 3.18e-09  1.3e-06 0.000616   0.0403    0.959
1        2 9.750e+05 7.090e+07 8.260e+03 6.090e+05    1e-20    1e-20    1e-20    1e-20    1e-20    1e-20    1e-20    1e-20    1e-20    1e-20    1e-20    1e-20    1e-20    1e-20    1e-20    1e-20    1e-20    1e-20    1e-20 4.48e-17 1.56e-15 1.45e-12 9.58e-10 5.31e-07  0.00034   0.0301     0.97
1        2 9.750e+05 7.090e+07 1.120e+04 8.230e+05    1e-20    1e-20 1.45e-20 3.68e-20    8e-20 1.64e-19 3.96e-19 1.01e-18 8.78e-19 1.27e-18 1.75e-18 2.55e-18  3.5e-18 4.94e-18 7.76e-18 3.49e-17 2.46e-17 3.18e-17 3.98e-17 6.63e-17  2.4e-16 3.23e-13 2.89e-10 2.16e-07 0.000187   0.0225    0.977
1        2 9.750e+05 7.090e+07 1.510e+04 1.110e+06    1e-20    1e-20    1e-20 1.84e-20    4e-20  8.2e-20 1.98e-19 5.08e-19  4.4e-19 6.34e-19 8.74e-19 1.28e-18 1.75e-18 2.47e-18 3.88e-18 1.75e-17 1.23e-17 1.59e-17 1.99e-17 3.31e-17 3.55e-17 7.16e-14 8.67e-11 8.78e-08 0.000103   0.0167    0.983
1        2 9.750e+05 7.090e+07 2.050e+04 1.510e+06    1e-20    1e-20    1e-20    1e-20    1e-20    1e-20    1e-20    1e-20    1e-20    1e-20    1e-20    1e-20    1e-20    1e-20    1e-20    1e-20    1e-20    1e-20    1e-20    1e-20    1e-20 1.58e-14  2.6e-11 3.56e-08 5.65e-05   0.0124    0.988
1        2 9.750e+05 7.090e+07 2.770e+04 2.040e+06    1e-20    1e-20    1e-20    1e-20    1e-20    1e-20    1e-20 1.99e-20 1.73e-20 2.49e-20 3.43e-20 5.01e-20 6.89e-20  9.7e-20 1.52e-19 6.87e-19 4.84e-19 6.25e-19 7.82e-19  1.3e-18 3.01e-18 3.51e-15 7.77e-12 1.44e-08  3.1e-05   0.0092    0.991
1        2 9.750e+05 7.090e+07 3.750e+04 2.760e+06    1e-20    1e-20    1e-20    1e-20    1e-20    1e-20    1e-20    1e-20    1e-20    1e-20    1e-20    1e-20    1e-20    1e-20    1e-20    1e-20    1e-20    1e-20    1e-20    1e-20    1e-20 7.61e-16 2.32e-12 5.83e-09  1.7e-05  0.00681    0.993
1        2 9.750e+05 7.090e+07 5.070e+04 3.730e+06    1e-20    1e-20    1e-20    1e-20    1e-20    1e-20 1.57e-20 4.02e-20 3.48e-20 5.02e-20 6.92e-20 1.01e-19 1.39e-19 1.96e-19 3.07e-19 1.38e-18 9.77e-19 1.26e-18 1.58e-18 2.62e-18 3.85e-18 1.77e-16 6.96e-13 2.36e-09 9.28e-06  0.00505    0.995
1        2 9.750e+05 7.090e+07 6.860e+04 5.050e+06    1e-20    1e-20    1e-20    1e-20    1e-20    1e-20    1e-20    1e-20    1e-20    1e-20    1e-20    1e-20    1e-20    1e-20    1e-20    1e-20    1e-20    1e-20    1e-20    1e-20    1e-20 3.72e-17 2.08e-13 9.54e-10 5.07e-06  0.00373    0.996
1        2 9.750e+05 7.090e+07 9.280e+04 6.840e+06    1e-20    1e-20    1e-20    1e-20    1e-20    1e-20    1e-20  1.7e-20 1.48e-20 2.13e-20 2.94e-20 4.28e-20 5.89e-20  8.3e-20  1.3e-19 5.87e-19 4.14e-19 5.34e-19 6.68e-19 1.11e-18 1.62e-18 1.07e-17  6.2e-14 3.86e-10 2.77e-06  0.00276    0.997
1        2 9.750e+05 7.090e+07 1.260e+05 9.250e+06    1e-20    1e-20    1e-20    1e-20    1e-20    1e-20    1e-20    1e-20    1e-20    1e-20    1e-20    1e-20    1e-20    1e-20    1e-20    1e-20    1e-20    1e-20    1e-20    1e-20    1e-20    1e-20 1.85e-14 1.56e-10 1.52e-06  0.00204    0.998
1        2 9.750e+05 7.090e+07 1.700e+05 1.250e+07    1e-20    1e-20    1e-20    1e-20    1e-20    1e-20 1.31e-20 3.36e-20 2.91e-20  4.2e-20 5.79e-20 8.45e-20 1.16e-19 1.64e-19 2.57e-19 1.16e-18 8.16e-19 1.05e-18 1.32e-18 2.19e-18 3.19e-18 5.13e-18 5.53e-15 6.29e-11 8.29e-07  0.00151    0.998
1        2 9.750e+05 7.090e+07 2.300e+05 1.690e+07    1e-20    1e-20    1e-20    1e-20    1e-20    1e-20    1e-20    1e-20    1e-20    1e-20    1e-20    1e-20    1e-20    1e-20    1e-20    1e-20    1e-20    1e-20    1e-20    1e-20    1e-20    1e-20 1.64e-15 2.54e-11 4.53e-07  0.00112    0.999
1        2 9.750e+05 7.090e+07 3.110e+05 2.290e+07    1e-20    1e-20    1e-20    1e-20    1e-20    1e-20    1e-20    1e-20    1e-20    1e-20    1e-20    1e-20    1e-20    1e-20    1e-20    1e-20    1e-20    1e-20    1e-20    1e-20    1e-20    1e-20 4.91e-16 1.03e-11 2.47e-07 0.000826    0.999
1        2 9.750e+05 7.090e+07 4.210e+05 3.100e+07    1e-20    1e-20    1e-20    1e-20    1e-20    1e-20    1e-20    1e-20    1e-20    1e-20    1e-20    1e-20    1e-20    1e-20    1e-20    1e-20    1e-20    1e-20    1e-20    1e-20    1e-20    1e-20 1.47e-16 4.14e-12 1.35e-07  0.00061    0.999
1        2 9.750e+05 7.090e+07 5.700e+05 4.200e+07    1e-20    1e-20    1e-20    1e-20    1e-20    1e-20    1e-20    1e-20    1e-20    1e-20    1e-20    1e-20    1e-20    1e-20    1e-20 3.33e-20 2.35e-20 3.03e-20 3.79e-20 6.31e-20 9.18e-20 1.37e-19  4.4e-17 1.67e-12 7.38e-08 0.000451      1.0
1        2 9.750e+05 7.090e+07 7.710e+05 5.680e+07    1e-20    1e-20    1e-20    1e-20    1e-20    1e-20    1e-20    1e-20    1e-20    1e-20    1e-20 1.23e-20 1.69e-20 2.38e-20 3.73e-20 1.68e-19 1.19e-19 1.53e-19 1.92e-19 3.19e-19 4.64e-19 6.87e-19 1.42e-17 6.75e-13 4.03e-08 0.000333      1.0
1        2 9.750e+05 7.090e+07 1.040e+06 7.680e+07    1e-20    1e-20    1e-20    1e-20    1e-20    1e-20    1e-20    1e-20    1e-20    1e-20    1e-20    1e-20    1e-20    1e-20    1e-20    1e-20    1e-20    1e-20    1e-20    1e-20    1e-20    1e-20  3.9e-18 2.73e-13  2.2e-08 0.000246      1.0
1        2 9.750e+05 7.090e+07 1.410e+06 1.040e+08    1e-20    1e-20    1e-20    1e-20    1e-20    1e-20    1e-20    1e-20    1e-20    1e-20    1e-20    1e-20    1e-20    1e-20    1e-20    1e-20    1e-20    1e-20    1e-20    1e-20    1e-20    1e-20 1.16e-18  1.1e-13  1.2e-08 0.000182      1.0
1        2 9.750e+05 7.090e+07 1.910e+06 1.410e+08    1e-20    1e-20    1e-20    1e-20    1e-20    1e-20    1e-20    1e-20    1e-20    1e-20    1e-20    1e-20    1e-20    1e-20    1e-20    1e-20    1e-20    1e-20    1e-20    1e-20    1e-20    1e-20 3.47e-19 4.44e-14 6.58e-09 0.000135      1.0
1        2 9.750e+05 7.090e+07 2.580e+06 1.900e+08    1e-20    1e-20    1e-20    1e-20    1e-20    1e-20    1e-20    1e-20    1e-20    1e-20    1e-20    1e-20    1e-20    1e-20    1e-20    1e-20    1e-20    1e-20    1e-20    1e-20    1e-20    1e-20 1.04e-19 1.79e-14 3.59e-09 9.95e-05      1.0
1        2 9.750e+05 7.090e+07 3.490e+06 2.570e+08    1e-20    1e-20    1e-20    1e-20    1e-20    1e-20    1e-20    1e-20    1e-20    1e-20    1e-20    1e-20    1e-20    1e-20    1e-20    1e-20    1e-20    1e-20    1e-20    1e-20    1e-20    1e-20 3.09e-20 7.24e-15 1.96e-09 7.35e-05      1.0
1        2 9.750e+05 7.090e+07 4.730e+06 3.480e+08    1e-20    1e-20    1e-20    1e-20    1e-20    1e-20    1e-20    1e-20    1e-20    1e-20    1e-20    1e-20    1e-20    1e-20    1e-20    1e-20    1e-20    1e-20    1e-20    1e-20    1e-20    1e-20    1e-20 2.92e-15 1.07e-09 5.44e-05      1.0
