i converge       t_e       t_r        ip        xi      i01   i02
- -------- --------- --------- --------- --------- -------- -----
1        0 1.590e+03 7.090e+07 4.730e-07 3.480e-05    0.882 0.118
1        0 1.620e+03 7.090e+07 6.400e-07 4.710e-05    0.863 0.137
1        0 1.650e+03 7.090e+07 8.660e-07 6.380e-05    0.842 0.158
1        0 1.690e+03 7.090e+07 1.170e-06 8.630e-05    0.817 0.183
1        0 1.720e+03 7.090e+07 1.580e-06 1.170e-04    0.789 0.211
1        0 1.760e+03 7.090e+07 2.140e-06 1.580e-04    0.758 0.242
1        0 1.810e+03 7.090e+07 2.900e-06 2.140e-04    0.722 0.278
1        0 1.850e+03 7.090e+07 3.920e-06 2.890e-04    0.683 0.317
1        0 1.910e+03 7.090e+07 5.310e-06 3.910e-04     0.64  0.36
1        0 1.960e+03 7.090e+07 7.190e-06 5.290e-04    0.593 0.407
1        0 2.020e+03 7.090e+07 9.720e-06 7.160e-04    0.542 0.458
1        0 2.090e+03 7.090e+07 1.320e-05 9.690e-04    0.488 0.512
1        0 2.170e+03 7.090e+07 1.780e-05 1.310e-03    0.433 0.567
1        0 2.250e+03 7.090e+07 2.410e-05 1.770e-03    0.377 0.623
1        0 2.350e+03 7.090e+07 3.260e-05 2.400e-03    0.321 0.679
1        0 2.460e+03 7.090e+07 4.410e-05 3.250e-03    0.268 0.732
1        0 2.590e+03 7.090e+07 5.970e-05 4.390e-03    0.218 0.782
1        0 2.740e+03 7.090e+07 8.070e-05 5.940e-03    0.174 0.826
1        0 2.910e+03 7.090e+07 1.090e-04 8.040e-03    0.136 0.864
1        0 3.120e+03 7.090e+07 1.480e-04 1.090e-02    0.104 0.896
1        0 3.390e+03 7.090e+07 2.000e-04 1.470e-02   0.0773 0.923
1        0 3.730e+03 7.090e+07 2.700e-04 1.990e-02   0.0565 0.943
1        0 4.180e+03 7.090e+07 3.660e-04 2.700e-02   0.0404  0.96
1        0 4.830e+03 7.090e+07 4.950e-04 3.650e-02   0.0282 0.972
1        0 5.760e+03 7.090e+07 6.700e-04 4.930e-02   0.0191 0.981
1        0 1.580e+04 7.090e+07 9.070e-04 6.680e-02  0.00737 0.993
1        0 1.660e+04 7.090e+07 1.230e-03 9.040e-02  0.00531 0.995
1        0 1.720e+04 7.090e+07 1.660e-03 1.220e-01  0.00385 0.996
1        0 1.780e+04 7.090e+07 2.250e-03 1.650e-01   0.0028 0.997
1        0 1.840e+04 7.090e+07 3.040e-03 2.240e-01  0.00203 0.998
1        0 1.900e+04 7.090e+07 4.110e-03 3.030e-01  0.00147 0.999
1        0 1.980e+04 7.090e+07 5.560e-03 4.100e-01  0.00106 0.999
1        0 2.070e+04 7.090e+07 7.530e-03 5.540e-01 0.000757 0.999
1        0 2.170e+04 7.090e+07 1.020e-02 7.500e-01 0.000541 0.999
1        0 2.280e+04 7.090e+07 1.380e-02 1.020e+00 0.000386   1.0
1        0 2.390e+04 7.090e+07 1.860e-02 1.370e+00 0.000276   1.0
1        0 2.500e+04 7.090e+07 2.520e-02 1.860e+00 0.000197   1.0
1        0 2.630e+04 7.090e+07 3.410e-02 2.510e+00 0.000141   1.0
1        0 2.780e+04 7.090e+07 4.620e-02 3.400e+00 9.96e-05   1.0
1        0 2.970e+04 7.090e+07 6.250e-02 4.600e+00 6.99e-05   1.0
1        0 3.240e+04 7.090e+07 8.460e-02 6.230e+00 4.82e-05   1.0
1        0 3.610e+04 7.090e+07 1.140e-01 8.430e+00 3.26e-05   1.0
1        0 4.150e+04 7.090e+07 1.550e-01 1.140e+01 2.14e-05   1.0
1        0 4.980e+04 7.090e+07 2.090e-01 1.540e+01 1.34e-05   1.0
1        0 6.340e+04 7.090e+07 2.830e-01 2.090e+01 7.79e-06   1.0
1        0 8.260e+04 7.090e+07 3.830e-01 2.820e+01 4.39e-06   1.0
1        0 1.030e+05 7.090e+07 5.190e-01 3.820e+01 2.59e-06   1.0
1        0 1.240e+05 7.090e+07 7.020e-01 5.170e+01 1.62e-06   1.0
1        0 1.360e+05 7.090e+07 9.500e-01 7.000e+01 1.13e-06   1.0
1        0 1.450e+05 7.090e+07 1.290e+00 9.470e+01 8.13e-07   1.0
1        0 1.710e+05 7.090e+07 1.740e+00 1.280e+02  5.2e-07   1.0
1        0 2.210e+05 7.090e+07 2.350e+00 1.730e+02    3e-07   1.0
1        0 2.890e+05 7.090e+07 3.180e+00 2.340e+02 1.71e-07   1.0
1        0 3.100e+05 7.090e+07 4.310e+00 3.170e+02 1.21e-07   1.0
1        2 3.490e+05 7.090e+07 5.830e+00 4.290e+02 8.12e-08   1.0
1        0 3.030e+05 7.090e+07 7.880e+00 5.810e+02 7.15e-08   1.0
1        0 3.410e+05 7.090e+07 1.070e+01 7.860e+02 4.75e-08   1.0
1        2 3.310e+05 7.090e+07 1.440e+01 1.060e+03 3.67e-08   1.0
1        2 2.310e+05 7.090e+07 1.950e+01 1.440e+03 3.93e-08   1.0
1        0 2.570e+05 7.090e+07 2.640e+01 1.950e+03 2.63e-08   1.0
1        0 3.590e+05 7.090e+07 3.580e+01 2.630e+03 1.39e-08   1.0
1        0 6.780e+05 7.090e+07 4.840e+01 3.570e+03 5.19e-09   1.0
1        2 9.750e+05 7.090e+07 6.550e+01 4.820e+03 2.52e-09   1.0
1        2 9.750e+05 7.090e+07 8.860e+01 6.530e+03 1.87e-09   1.0
1        2 9.750e+05 7.090e+07 1.200e+02 8.830e+03 1.39e-09   1.0
1        2 9.750e+05 7.090e+07 1.620e+02 1.190e+04 1.03e-09   1.0
1        2 9.750e+05 7.090e+07 2.190e+02 1.620e+04 7.63e-10   1.0
1        2 9.750e+05 7.090e+07 2.970e+02 2.190e+04 5.65e-10   1.0
1        2 9.750e+05 7.090e+07 4.020e+02 2.960e+04 4.18e-10   1.0
1        2 9.750e+05 7.090e+07 5.440e+02 4.000e+04 3.09e-10   1.0
1        2 9.750e+05 7.090e+07 7.360e+02 5.420e+04 2.28e-10   1.0
1        2 9.750e+05 7.090e+07 9.950e+02 7.330e+04 1.69e-10   1.0
1        2 9.750e+05 7.090e+07 1.350e+03 9.920e+04 1.25e-10   1.0
1        2 9.750e+05 7.090e+07 1.820e+03 1.340e+05 9.22e-11   1.0
1        2 9.750e+05 7.090e+07 2.460e+03 1.820e+05 6.81e-11   1.0
1        2 9.750e+05 7.090e+07 3.330e+03 2.460e+05 5.03e-11   1.0
1        2 9.750e+05 7.090e+07 4.510e+03 3.320e+05 3.72e-11   1.0
1        2 9.750e+05 7.090e+07 6.110e+03 4.500e+05 2.74e-11   1.0
1        2 9.750e+05 7.090e+07 8.260e+03 6.090e+05 2.03e-11   1.0
1        2 9.750e+05 7.090e+07 1.120e+04 8.230e+05  1.5e-11   1.0
1        2 9.750e+05 7.090e+07 1.510e+04 1.110e+06 1.11e-11   1.0
1        2 9.750e+05 7.090e+07 2.050e+04 1.510e+06 8.16e-12   1.0
1        2 9.750e+05 7.090e+07 2.770e+04 2.040e+06 6.02e-12   1.0
1        2 9.750e+05 7.090e+07 3.750e+04 2.760e+06 4.44e-12   1.0
1        2 9.750e+05 7.090e+07 5.070e+04 3.730e+06 3.28e-12   1.0
1        2 9.750e+05 7.090e+07 6.860e+04 5.050e+06 2.42e-12   1.0
1        2 9.750e+05 7.090e+07 9.280e+04 6.840e+06 1.78e-12   1.0
1        2 9.750e+05 7.090e+07 1.260e+05 9.250e+06 1.32e-12   1.0
1        2 9.750e+05 7.090e+07 1.700e+05 1.250e+07 9.71e-13   1.0
1        2 9.750e+05 7.090e+07 2.300e+05 1.690e+07 7.16e-13   1.0
1        2 9.750e+05 7.090e+07 3.110e+05 2.290e+07 5.28e-13   1.0
1        2 9.750e+05 7.090e+07 4.210e+05 3.100e+07 3.89e-13   1.0
1        2 9.750e+05 7.090e+07 5.700e+05 4.200e+07 2.86e-13   1.0
1        2 9.750e+05 7.090e+07 7.710e+05 5.680e+07 2.11e-13   1.0
1        2 9.750e+05 7.090e+07 1.040e+06 7.680e+07 1.55e-13   1.0
1        2 9.750e+05 7.090e+07 1.410e+06 1.040e+08 1.14e-13   1.0
1        2 9.750e+05 7.090e+07 1.910e+06 1.410e+08 8.42e-14   1.0
1        2 9.750e+05 7.090e+07 2.580e+06 1.900e+08  6.2e-14   1.0
1        2 9.750e+05 7.090e+07 3.490e+06 2.570e+08 4.56e-14   1.0
1        2 9.750e+05 7.090e+07 4.730e+06 3.480e+08 3.35e-14   1.0
