i converge       t_e       t_r        ip        xi      i01      i02      i03      i04      i05      i06      i07      i08      i09      i10      i11      i12      i13      i14      i15
- -------- --------- --------- --------- --------- -------- -------- -------- -------- -------- -------- -------- -------- -------- -------- -------- -------- -------- -------- --------
1        0 5.430e+03 7.090e+07 4.730e-07 3.480e-05    0.353    0.642  0.00339 0.000906 0.000101 2.74e-07 7.75e-11 4.93e-14 9.44e-19    1e-20    1e-20    1e-20    1e-20    1e-20    1e-20
1        0 5.660e+03 7.090e+07 6.400e-07 4.710e-05    0.313    0.682  0.00422  0.00113 0.000131 3.59e-07 1.21e-10 7.83e-14  1.8e-18    1e-20    1e-20    1e-20    1e-20    1e-20    1e-20
1        0 5.880e+03 7.090e+07 8.660e-07 6.380e-05    0.274    0.719  0.00524  0.00141 0.000169 4.72e-07  1.9e-10 1.25e-13 3.47e-18    1e-20    1e-20    1e-20    1e-20    1e-20    1e-20
1        0 6.100e+03 7.090e+07 1.170e-06 8.630e-05    0.238    0.753  0.00651  0.00175 0.000217 6.24e-07    3e-10 2.03e-13 6.72e-18 1.01e-20    1e-20    1e-20    1e-20    1e-20    1e-20
1        0 6.310e+03 7.090e+07 1.580e-06 1.170e-04    0.205    0.784  0.00809  0.00218 0.000281 8.31e-07 4.75e-10 3.31e-13 1.31e-17    2e-20    1e-20    1e-20    1e-20    1e-20    1e-20
1        0 6.520e+03 7.090e+07 2.140e-06 1.580e-04    0.175    0.812     0.01  0.00271 0.000363 1.12e-06 7.61e-10  5.5e-13  2.6e-17 4.05e-20    1e-20    1e-20    1e-20    1e-20    1e-20
1        0 6.710e+03 7.090e+07 2.900e-06 2.140e-04    0.148    0.836   0.0125  0.00338  0.00047 1.52e-06 1.23e-09 9.32e-13 5.23e-17 8.38e-20    1e-20    1e-20    1e-20    1e-20    1e-20
1        0 6.890e+03 7.090e+07 3.920e-06 2.890e-04    0.124    0.855   0.0155  0.00422 0.000613 2.11e-06 2.03e-09 1.61e-12 1.07e-16 1.79e-19    1e-20    1e-20    1e-20    1e-20    1e-20
1        0 7.050e+03 7.090e+07 5.310e-06 3.910e-04    0.103    0.872   0.0193  0.00529 0.000806 2.98e-06  3.4e-09 2.88e-12 2.26e-16 3.94e-19    1e-20    1e-20    1e-20    1e-20    1e-20
1        0 7.190e+03 7.090e+07 7.190e-06 5.290e-04   0.0846    0.884   0.0241  0.00667  0.00107 4.33e-06 5.84e-09 5.32e-12  4.9e-16 9.08e-19    1e-20    1e-20    1e-20    1e-20    1e-20
1        0 7.320e+03 7.090e+07 9.720e-06 7.160e-04   0.0687    0.891   0.0302  0.00844  0.00144 6.47e-06 1.04e-08 1.02e-11  1.1e-15 2.19e-18    1e-20    1e-20    1e-20    1e-20    1e-20
1        0 7.430e+03 7.090e+07 1.320e-05 9.690e-04   0.0551    0.894    0.038   0.0107  0.00196    1e-05  1.9e-08 2.06e-11 2.59e-15 5.58e-18    1e-20    1e-20    1e-20    1e-20    1e-20
1        0 7.520e+03 7.090e+07 1.780e-05 1.310e-03   0.0435    0.892    0.048   0.0138  0.00272 1.61e-05 3.62e-08 4.36e-11 6.37e-15 1.51e-17    1e-20    1e-20    1e-20    1e-20    1e-20
1        0 7.600e+03 7.090e+07 2.410e-05 1.770e-03   0.0339    0.884   0.0607   0.0177  0.00384 2.69e-05 7.21e-08 9.73e-11 1.65e-14 4.32e-17    1e-20    1e-20    1e-20    1e-20    1e-20
1        0 7.670e+03 7.090e+07 3.260e-05 2.400e-03    0.026    0.869   0.0768   0.0229  0.00553 4.69e-05 1.51e-07  2.3e-10 4.54e-14 1.32e-16 2.06e-20    1e-20    1e-20    1e-20    1e-20
1        0 7.750e+03 7.090e+07 4.410e-05 3.250e-03   0.0195    0.845   0.0971   0.0298  0.00811 8.53e-05 3.32e-07 5.76e-10 1.32e-13 4.33e-16 7.89e-20    1e-20    1e-20    1e-20    1e-20
1        0 7.830e+03 7.090e+07 5.970e-05 4.390e-03   0.0144    0.812    0.122   0.0389   0.0121 0.000161 7.68e-07 1.53e-09 4.11e-13 1.52e-15 3.23e-19    1e-20    1e-20    1e-20    1e-20
1        0 7.950e+03 7.090e+07 8.070e-05 5.940e-03   0.0105    0.768    0.152   0.0507   0.0184 0.000314 1.86e-06  4.3e-09 1.35e-12 5.65e-15 1.42e-18 2.81e-20    1e-20    1e-20    1e-20
1        0 8.110e+03 7.090e+07 1.090e-04 8.040e-03  0.00742     0.71    0.187   0.0661   0.0281 0.000631 4.73e-06 1.28e-08 4.73e-12 2.25e-14 6.68e-18 1.49e-19    1e-20    1e-20    1e-20
1        0 8.340e+03 7.090e+07 1.480e-04 1.090e-02  0.00515    0.639    0.225   0.0857   0.0432  0.00129 1.24e-05 3.98e-08 1.75e-11 9.49e-14 3.34e-17 8.44e-19    1e-20    1e-20    1e-20
1        0 8.660e+03 7.090e+07 2.000e-04 1.470e-02  0.00349    0.555    0.263     0.11   0.0658  0.00266 3.36e-05  1.3e-07 6.74e-11 4.21e-13 1.76e-16 5.05e-18    1e-20    1e-20    1e-20
1        0 9.080e+03 7.090e+07 2.700e-04 1.990e-02  0.00233    0.461    0.295    0.138   0.0984  0.00545 9.16e-05 4.35e-07  2.7e-10 1.95e-12 9.71e-16 3.17e-17 1.56e-20    1e-20    1e-20
1        0 9.620e+03 7.090e+07 3.660e-04 2.700e-02  0.00153    0.363    0.313    0.169    0.143    0.011  0.00025 1.49e-06 1.11e-09 9.29e-12 5.56e-15 2.06e-16 1.25e-19    1e-20    1e-20
1        0 1.030e+04 7.090e+07 4.950e-04 3.650e-02 0.000997    0.269    0.312    0.197    0.198   0.0214 0.000667 5.11e-06 4.58e-09 4.48e-11 3.24e-14 1.35e-15 1.04e-18    1e-20    1e-20
1        0 1.110e+04 7.090e+07 6.700e-04 4.930e-02 0.000639    0.188     0.29    0.219    0.261   0.0398  0.00171 1.72e-05 1.88e-08 2.13e-10 1.88e-13 8.75e-15 8.61e-18    1e-20    1e-20
1        0 1.190e+04 7.090e+07 9.070e-04 6.680e-02 0.000391    0.123    0.251    0.228    0.323   0.0699  0.00419  5.6e-05 7.53e-08 9.83e-10 1.08e-12 5.49e-14 7.05e-17    1e-20    1e-20
1        0 1.280e+04 7.090e+07 1.230e-03 9.040e-02 0.000224   0.0754    0.203    0.221    0.376    0.115  0.00963 0.000173 2.91e-07 4.31e-09 5.94e-12 3.27e-13 5.54e-16 2.36e-20    1e-20
1        0 1.360e+04 7.090e+07 1.660e-03 1.220e-01 0.000119   0.0434    0.152    0.199    0.408    0.176   0.0207 0.000506 1.08e-06 1.79e-08 3.13e-11 1.84e-12 4.16e-15 2.49e-19    1e-20
1        0 1.460e+04 7.090e+07 2.250e-03 1.650e-01 5.84e-05   0.0234    0.105    0.164    0.412    0.252   0.0415  0.00139 3.84e-06 7.05e-08  1.6e-10 9.85e-12 3.01e-14 2.52e-18    1e-20
1        0 1.560e+04 7.090e+07 3.040e-03 2.240e-01 2.63e-05   0.0117   0.0671    0.123    0.384    0.334    0.077  0.00357  1.3e-05  2.6e-07  7.7e-10 4.95e-11 2.06e-13 2.43e-17    1e-20
1        0 1.660e+04 7.090e+07 4.110e-03 3.030e-01 1.08e-05  0.00543    0.039   0.0843    0.328    0.404    0.131  0.00843 4.13e-05 8.95e-07 3.48e-09 2.32e-10 1.32e-12 2.19e-16 1.16e-20
1        0 1.770e+04 7.090e+07 5.560e-03 4.100e-01 4.01e-06  0.00231   0.0206   0.0521    0.256    0.447    0.204   0.0183 0.000122 2.86e-06 1.47e-08 1.01e-09  7.9e-12 1.84e-15 1.37e-19
1        0 1.880e+04 7.090e+07 7.530e-03 5.540e-01 1.35e-06 0.000907   0.0099   0.0292    0.182    0.451     0.29   0.0362 0.000336 8.52e-06 5.79e-08 4.16e-09 4.42e-11 1.44e-14 1.51e-18
1        0 2.000e+04 7.090e+07 1.020e-02 7.500e-01 4.15e-07 0.000326  0.00432   0.0149    0.119    0.417    0.378   0.0661  0.00086 2.39e-05 2.13e-07 1.62e-08 2.32e-10 1.07e-13 1.57e-17
1        0 2.140e+04 7.090e+07 1.380e-02 1.020e+00 1.16e-07 0.000108  0.00172  0.00683   0.0708    0.354    0.453    0.111  0.00206  6.4e-05 7.46e-07 6.05e-08 1.17e-09 7.57e-13 1.57e-16
1        0 2.300e+04 7.090e+07 1.860e-02 1.370e+00    3e-08 3.31e-05  0.00062  0.00285   0.0388    0.277    0.502    0.174  0.00465 0.000165 2.49e-06  2.2e-07 5.67e-09  5.2e-12 1.52e-15
1        0 2.490e+04 7.090e+07 2.520e-02 1.860e+00 7.07e-09 9.33e-06 0.000204  0.00107   0.0195    0.199    0.516    0.254  0.00989 0.000417 8.09e-06  7.9e-07  2.7e-08 3.53e-11 1.47e-14
1        0 2.720e+04 7.090e+07 3.410e-02 2.510e+00 1.52e-09 2.41e-06 6.08e-05 0.000363  0.00895    0.133    0.491    0.346     0.02  0.00104 2.58e-05 2.83e-06 1.29e-07  2.4e-10 1.43e-13
1        0 3.020e+04 7.090e+07 4.620e-02 3.400e+00  2.9e-10 5.62e-07 1.64e-05 0.000111  0.00377   0.0816    0.434    0.439   0.0385  0.00255 8.16e-05 1.02e-05 6.17e-07 1.67e-09 1.43e-12
1        0 3.410e+04 7.090e+07 6.250e-02 4.600e+00 4.81e-11 1.15e-07 3.93e-06 3.03e-05  0.00144   0.0462    0.355     0.52   0.0705  0.00622  0.00026 3.72e-05 3.04e-06  1.2e-08  1.5e-11
1        0 3.900e+04 7.090e+07 8.460e-02 6.230e+00 6.65e-12 2.03e-08 8.41e-07 7.53e-06 0.000506   0.0241    0.268    0.569    0.122   0.0149 0.000829 0.000136 1.52e-05 8.85e-08 1.63e-10
1        0 4.530e+04 7.090e+07 1.140e-01 8.430e+00 7.37e-13 2.97e-09 1.57e-07 1.68e-06  0.00016   0.0114    0.185     0.57    0.196   0.0345  0.00263 0.000495 7.68e-05 6.68e-07 1.83e-09
1        0 5.280e+04 7.090e+07 1.550e-01 1.140e+01 6.59e-14 3.61e-10 2.56e-08 3.42e-07 4.63e-05  0.00493    0.115    0.512    0.284   0.0738  0.00788  0.00171  0.00037 4.81e-06 1.96e-08
1        0 6.190e+04 7.090e+07 2.090e-01 1.540e+01 4.71e-15  3.6e-11 3.56e-09 6.22e-08  1.2e-05   0.0019   0.0635    0.402    0.362    0.141   0.0216  0.00544  0.00166 3.23e-05 1.97e-07
1        0 7.290e+04 7.090e+07 2.830e-01 2.090e+01 2.66e-16 2.98e-12 4.22e-10 1.01e-08  2.8e-06 0.000643   0.0305     0.27    0.392    0.232   0.0515   0.0154   0.0066 0.000194 1.78e-06
1        0 8.630e+04 7.090e+07 3.830e-01 2.820e+01  1.2e-17 2.14e-13 4.42e-11  1.5e-09  6.1e-07 0.000196   0.0127    0.153    0.353    0.317    0.103   0.0376   0.0226  0.00101 1.39e-05
1        0 1.000e+05 7.090e+07 5.190e-01 3.820e+01    1e-20  1.5e-14 4.42e-12 2.18e-10  1.3e-07 5.54e-05  0.00472   0.0752    0.263    0.349    0.164   0.0761   0.0634  0.00421 8.65e-05
1        0 1.150e+05 7.090e+07 7.020e-01 5.170e+01 4.74e-18 1.07e-15 4.05e-13 2.95e-11 2.57e-08 1.39e-05  0.00151   0.0313    0.162    0.309    0.209    0.127    0.146   0.0143 0.000434
1        0 1.220e+05 7.090e+07 9.500e-01 7.000e+01    1e-20 1.07e-17 3.51e-14 3.58e-12 4.32e-09 3.04e-06 0.000429   0.0117    0.085    0.226    0.211     0.17    0.259    0.036  0.00154
1        0 1.290e+05 7.090e+07 1.290e+00 9.470e+01 1.18e-18 2.81e-17 2.55e-15 3.61e-13 6.01e-10 5.48e-07 0.000101  0.00366   0.0369    0.135    0.175    0.188    0.382   0.0747  0.00448
1        0 1.430e+05 7.090e+07 1.740e+00 1.280e+02    3e-18 6.46e-17 1.59e-16 3.03e-14 7.08e-11 8.05e-08 1.88e-05 0.000884   0.0126   0.0643    0.117    0.172    0.485    0.137   0.0118
1        0 1.840e+05 7.090e+07 2.350e+00 1.730e+02    1e-20    1e-20 3.92e-17 2.29e-15 6.88e-12 8.39e-09 2.22e-06 0.000131  0.00275   0.0205   0.0562     0.12    0.528    0.239   0.0329
1        1 2.650e+05 7.090e+07 3.180e+00 2.340e+02    1e-20    1e-20 1.37e-16 1.49e-16 3.81e-13 4.67e-10 1.41e-07 1.09e-05 0.000351  0.00398   0.0175   0.0619    0.464    0.366   0.0865
1        0 3.110e+05 7.090e+07 4.310e+00 3.170e+02 4.07e-19 9.02e-18 1.83e-17 2.19e-17 1.98e-14 2.98e-11 1.17e-08 1.24e-06 5.75e-05 0.000943  0.00615   0.0327    0.367    0.437    0.156
1        1 3.220e+05 7.090e+07 5.830e+00 4.290e+02 4.08e-19 9.67e-18 1.77e-17    1e-20 1.36e-15 2.53e-12 1.33e-09 1.93e-07 1.22e-05 0.000276  0.00249   0.0183    0.283    0.466     0.23
1        0 2.450e+05 7.090e+07 7.880e+00 5.810e+02    1e-20    1e-20    1e-20    1e-20 1.91e-16 5.62e-13 4.31e-10  8.2e-08 6.37e-06 0.000174  0.00182   0.0149    0.254    0.469    0.261
1        0 2.820e+05 7.090e+07 1.070e+01 7.860e+02 4.87e-18  1.3e-16 1.99e-16    1e-20    1e-20 3.18e-14 3.16e-11 8.22e-09 9.08e-07 3.53e-05 0.000538  0.00654    0.165    0.454    0.374
1        0 3.190e+05 7.090e+07 1.440e+01 1.060e+03    1e-20    1e-20    1e-20 1.07e-16    1e-20 1.63e-15 2.15e-12 7.72e-10 1.21e-07 6.72e-06 0.000149  0.00268   0.0999    0.406    0.492
1        0 3.630e+05 7.090e+07 1.950e+01 1.440e+03    1e-20    1e-20    1e-20    1e-20 2.39e-17 1.56e-16 1.31e-13 6.57e-11 1.46e-08 1.16e-06 3.79e-05  0.00102   0.0564    0.338    0.604
1        0 4.300e+05 7.090e+07 2.640e+01 1.950e+03 3.09e-19 8.76e-18  1.2e-17    9e-17 3.55e-17    1e-20 6.24e-15 4.34e-12 1.38e-09 1.63e-07 8.05e-06 0.000338   0.0287    0.262    0.709
1        0 5.840e+05 7.090e+07 3.580e+01 2.630e+03    1e-20    1e-20    1e-20    1e-20    1e-20 8.53e-17 1.51e-16 1.45e-13  6.8e-11 1.28e-08 1.09e-06 8.09e-05   0.0117     0.18    0.808
1        1 9.750e+05 7.090e+07 4.840e+01 3.570e+03    1e-20    1e-20    1e-20    1e-20    1e-20    1e-20 5.56e-17 1.79e-15  1.3e-12 4.24e-10 7.62e-08 1.18e-05  0.00345    0.103    0.893
1        2 9.750e+05 7.090e+07 6.550e+01 4.820e+03 4.11e-19 1.21e-17 1.54e-17 1.19e-16  7.5e-17    1e-20    1e-20  3.9e-16 2.18e-13 9.66e-11 2.35e-08 4.91e-06  0.00194   0.0788    0.919
1        2 9.750e+05 7.090e+07 8.860e+01 6.530e+03    1e-20    1e-20    1e-20    1e-20    1e-20    1e-20 6.12e-17 5.77e-17 3.64e-14 2.18e-11 7.15e-09 2.03e-06  0.00108   0.0595    0.939
1        2 9.750e+05 7.090e+07 1.200e+02 8.830e+03    1e-20    1e-20    1e-20    1e-20    1e-20    1e-20    1e-20 8.54e-17 6.04e-15 4.89e-12 2.17e-09 8.33e-07 0.000602   0.0447    0.955
1        2 9.750e+05 7.090e+07 1.620e+02 1.190e+04 7.66e-20  2.3e-18 2.84e-18  2.3e-17 1.39e-17 2.37e-17 4.51e-17    1e-20 9.41e-16 1.09e-12 6.56e-10  3.4e-07 0.000333   0.0334    0.966
1        2 9.750e+05 7.090e+07 2.190e+02 1.620e+04    1e-20    1e-20    1e-20    1e-20    1e-20    1e-20    1e-20    1e-20 1.74e-16 2.43e-13 1.97e-10 1.39e-07 0.000183   0.0249    0.975
1        2 9.750e+05 7.090e+07 2.970e+02 2.190e+04    1e-20    1e-20    1e-20    1e-20    1e-20    1e-20    1e-20    1e-20 6.43e-17 5.39e-14 5.93e-11 5.63e-08 0.000101   0.0185    0.981
1        2 9.750e+05 7.090e+07 4.020e+02 2.960e+04    1e-20    1e-20    1e-20    1e-20    1e-20    1e-20    1e-20    1e-20    1e-20  1.2e-14 1.78e-11 2.28e-08 5.53e-05   0.0138    0.986
1        2 9.750e+05 7.090e+07 5.440e+02 4.000e+04 2.24e-20 6.81e-19 8.24e-19 6.85e-18 4.07e-18 6.94e-18 1.32e-17 2.68e-17 5.08e-17 2.68e-15 5.32e-12 9.25e-09 3.03e-05   0.0102     0.99
1        2 9.750e+05 7.090e+07 7.360e+02 5.420e+04    1e-20 1.85e-19 2.24e-19 1.87e-18 1.11e-18 1.88e-18 3.58e-18 7.29e-18 1.37e-17 6.09e-16 1.59e-12 3.75e-09 1.66e-05  0.00757    0.992
1        2 9.750e+05 7.090e+07 9.950e+02 7.330e+04    1e-20    1e-20    1e-20    1e-20    1e-20    1e-20    1e-20    1e-20    1e-20 1.01e-16 4.76e-13 1.52e-09 9.09e-06   0.0056    0.994
1        2 9.750e+05 7.090e+07 1.350e+03 9.920e+04    1e-20    1e-20    1e-20    1e-20    1e-20    1e-20    1e-20    1e-20    1e-20 2.57e-17 1.42e-13 6.13e-10 4.97e-06  0.00415    0.996
1        2 9.750e+05 7.090e+07 1.820e+03 1.340e+05    1e-20 6.99e-20 8.43e-20 7.05e-19 4.17e-19  7.1e-19 1.35e-18 2.75e-18 5.12e-18 1.57e-17 4.25e-14 2.48e-10 2.72e-06  0.00307    0.997
1        2 9.750e+05 7.090e+07 2.460e+03 1.820e+05    1e-20 2.26e-20 2.73e-20 2.28e-19 1.35e-19  2.3e-19 4.37e-19 8.89e-19 1.66e-18 4.44e-18 1.27e-14    1e-10 1.49e-06  0.00227    0.998
1        2 9.750e+05 7.090e+07 3.330e+03 2.460e+05    1e-20    1e-20    1e-20    1e-20    1e-20    1e-20    1e-20    1e-20    1e-20    1e-20 3.78e-15 4.04e-11 8.12e-07  0.00168    0.998
1        2 9.750e+05 7.090e+07 4.510e+03 3.320e+05    1e-20 2.38e-20 2.86e-20  2.4e-19 1.42e-19 2.42e-19 4.59e-19 9.34e-19 1.74e-18 3.28e-18 1.14e-15 1.63e-11 4.44e-07  0.00124    0.999
1        2 9.750e+05 7.090e+07 6.110e+03 4.500e+05    1e-20    1e-20    1e-20    1e-20    1e-20    1e-20    1e-20    1e-20    1e-20    1e-20 3.36e-16 6.59e-12 2.42e-07 0.000918    0.999
1        2 9.750e+05 7.090e+07 8.260e+03 6.090e+05    1e-20    1e-20    1e-20    1e-20    1e-20    1e-20    1e-20    1e-20    1e-20    1e-20 9.45e-17 2.66e-12 1.32e-07 0.000678    0.999
1        2 9.750e+05 7.090e+07 1.120e+04 8.230e+05    1e-20    1e-20    1e-20    1e-20    1e-20    1e-20    1e-20    1e-20    1e-20    1e-20 2.99e-17 1.08e-12 7.24e-08 0.000502    0.999
1        2 9.750e+05 7.090e+07 1.510e+04 1.110e+06    1e-20    1e-20    1e-20    1e-20    1e-20    1e-20    1e-20    1e-20    1e-20    1e-20    1e-20 4.34e-13 3.96e-08 0.000371      1.0
1        2 9.750e+05 7.090e+07 2.050e+04 1.510e+06    1e-20    1e-20    1e-20    1e-20    1e-20    1e-20    1e-20    1e-20    1e-20    1e-20 1.37e-18 1.75e-13 2.16e-08 0.000274      1.0
1        2 9.750e+05 7.090e+07 2.770e+04 2.040e+06    1e-20    1e-20    1e-20 1.28e-20    1e-20 1.28e-20 2.44e-20 4.97e-20 9.27e-20 1.71e-19 1.13e-18 7.08e-14 1.18e-08 0.000203      1.0
1        2 9.750e+05 7.090e+07 3.750e+04 2.760e+06    1e-20    1e-20    1e-20 1.79e-20 1.05e-20 1.79e-20 3.41e-20 6.94e-20 1.29e-19 2.38e-19 7.06e-19 2.86e-14 6.45e-09  0.00015      1.0
1        2 9.750e+05 7.090e+07 5.070e+04 3.730e+06    1e-20    1e-20    1e-20    1e-20    1e-20    1e-20    1e-20    1e-20    1e-20    1e-20    1e-20 1.15e-14 3.52e-09 0.000111      1.0
1        2 9.750e+05 7.090e+07 6.860e+04 5.050e+06    1e-20    1e-20    1e-20    1e-20    1e-20    1e-20    1e-20    1e-20    1e-20    1e-20    1e-20 4.65e-15 1.92e-09 8.18e-05      1.0
1        2 9.750e+05 7.090e+07 9.280e+04 6.840e+06    1e-20    1e-20    1e-20    1e-20    1e-20    1e-20    1e-20    1e-20    1e-20    1e-20    1e-20 1.88e-15 1.05e-09 6.04e-05      1.0
1        2 9.750e+05 7.090e+07 1.260e+05 9.250e+06    1e-20    1e-20    1e-20    1e-20    1e-20    1e-20    1e-20    1e-20    1e-20    1e-20    1e-20 7.59e-16 5.74e-10 4.47e-05      1.0
1        2 9.750e+05 7.090e+07 1.700e+05 1.250e+07    1e-20    1e-20    1e-20    1e-20    1e-20    1e-20    1e-20    1e-20    1e-20    1e-20    1e-20 3.06e-16 3.13e-10  3.3e-05      1.0
1        2 9.750e+05 7.090e+07 2.300e+05 1.690e+07    1e-20    1e-20    1e-20    1e-20    1e-20    1e-20    1e-20    1e-20    1e-20    1e-20    1e-20 1.24e-16 1.71e-10 2.44e-05      1.0
1        2 9.750e+05 7.090e+07 3.110e+05 2.290e+07    1e-20    1e-20    1e-20    1e-20    1e-20    1e-20    1e-20    1e-20    1e-20    1e-20    1e-20 4.99e-17 9.36e-11  1.8e-05      1.0
1        2 9.750e+05 7.090e+07 4.210e+05 3.100e+07    1e-20    1e-20    1e-20    1e-20    1e-20    1e-20    1e-20    1e-20    1e-20    1e-20    1e-20 2.02e-17 5.11e-11 1.33e-05      1.0
1        2 9.750e+05 7.090e+07 5.700e+05 4.200e+07    1e-20    1e-20    1e-20    1e-20    1e-20    1e-20    1e-20    1e-20    1e-20    1e-20    1e-20 8.13e-18 2.79e-11 9.85e-06      1.0
1        2 9.750e+05 7.090e+07 7.710e+05 5.680e+07    1e-20    1e-20    1e-20    1e-20    1e-20    1e-20    1e-20    1e-20    1e-20    1e-20    1e-20 3.28e-18 1.52e-11 7.28e-06      1.0
1        2 9.750e+05 7.090e+07 1.040e+06 7.680e+07    1e-20    1e-20    1e-20    1e-20    1e-20    1e-20    1e-20    1e-20    1e-20    1e-20    1e-20 1.33e-18 8.33e-12 5.38e-06      1.0
1        2 9.750e+05 7.090e+07 1.410e+06 1.040e+08    1e-20    1e-20    1e-20    1e-20    1e-20    1e-20    1e-20    1e-20    1e-20    1e-20    1e-20 5.35e-19 4.55e-12 3.98e-06      1.0
1        2 9.750e+05 7.090e+07 1.910e+06 1.410e+08    1e-20    1e-20    1e-20    1e-20    1e-20    1e-20    1e-20    1e-20    1e-20    1e-20    1e-20 2.16e-19 2.48e-12 2.94e-06      1.0
1        2 9.750e+05 7.090e+07 2.580e+06 1.900e+08    1e-20    1e-20    1e-20    1e-20    1e-20    1e-20    1e-20    1e-20    1e-20    1e-20    1e-20 8.73e-20 1.36e-12 2.17e-06      1.0
1        2 9.750e+05 7.090e+07 3.490e+06 2.570e+08    1e-20    1e-20    1e-20    1e-20    1e-20    1e-20    1e-20    1e-20    1e-20    1e-20    1e-20 3.52e-20 7.41e-13 1.61e-06      1.0
1        2 9.750e+05 7.090e+07 4.730e+06 3.480e+08    1e-20    1e-20    1e-20    1e-20    1e-20    1e-20    1e-20    1e-20    1e-20    1e-20    1e-20 1.42e-20 4.05e-13 1.19e-06      1.0
