       x        z    i    j inwind      i01      i02      i03      i04      i05      i06      i07      i08 
1.40e+09 3.50e+08    0    0     -2 0.00e+00 0.00e+00 0.00e+00 0.00e+00 0.00e+00 0.00e+00 0.00e+00 0.00e+00 
1.40e+09 8.08e+08    0    1     -1 0.00e+00 0.00e+00 0.00e+00 0.00e+00 0.00e+00 0.00e+00 0.00e+00 0.00e+00 
1.40e+09 1.06e+09    0    2     -1 0.00e+00 0.00e+00 0.00e+00 0.00e+00 0.00e+00 0.00e+00 0.00e+00 0.00e+00 
1.40e+09 1.38e+09    0    3     -1 0.00e+00 0.00e+00 0.00e+00 0.00e+00 0.00e+00 0.00e+00 0.00e+00 0.00e+00 
1.40e+09 1.81e+09    0    4     -1 0.00e+00 0.00e+00 0.00e+00 0.00e+00 0.00e+00 0.00e+00 0.00e+00 0.00e+00 
1.40e+09 2.37e+09    0    5     -1 0.00e+00 0.00e+00 0.00e+00 0.00e+00 0.00e+00 0.00e+00 0.00e+00 0.00e+00 
1.40e+09 3.10e+09    0    6     -1 0.00e+00 0.00e+00 0.00e+00 0.00e+00 0.00e+00 0.00e+00 0.00e+00 0.00e+00 
1.40e+09 4.06e+09    0    7     -1 0.00e+00 0.00e+00 0.00e+00 0.00e+00 0.00e+00 0.00e+00 0.00e+00 0.00e+00 
1.40e+09 5.31e+09    0    8     -1 0.00e+00 0.00e+00 0.00e+00 0.00e+00 0.00e+00 0.00e+00 0.00e+00 0.00e+00 
1.40e+09 6.95e+09    0    9     -1 0.00e+00 0.00e+00 0.00e+00 0.00e+00 0.00e+00 0.00e+00 0.00e+00 0.00e+00 
1.40e+09 9.10e+09    0   10     -1 0.00e+00 0.00e+00 0.00e+00 0.00e+00 0.00e+00 0.00e+00 0.00e+00 0.00e+00 
1.40e+09 1.19e+10    0   11     -1 0.00e+00 0.00e+00 0.00e+00 0.00e+00 0.00e+00 0.00e+00 0.00e+00 0.00e+00 
1.40e+09 1.56e+10    0   12     -1 0.00e+00 0.00e+00 0.00e+00 0.00e+00 0.00e+00 0.00e+00 0.00e+00 0.00e+00 
1.40e+09 2.04e+10    0   13     -1 0.00e+00 0.00e+00 0.00e+00 0.00e+00 0.00e+00 0.00e+00 0.00e+00 0.00e+00 
1.40e+09 2.67e+10    0   14     -1 0.00e+00 0.00e+00 0.00e+00 0.00e+00 0.00e+00 0.00e+00 0.00e+00 0.00e+00 
1.40e+09 3.49e+10    0   15     -1 0.00e+00 0.00e+00 0.00e+00 0.00e+00 0.00e+00 0.00e+00 0.00e+00 0.00e+00 
1.40e+09 4.57e+10    0   16     -1 0.00e+00 0.00e+00 0.00e+00 0.00e+00 0.00e+00 0.00e+00 0.00e+00 0.00e+00 
1.40e+09 5.98e+10    0   17     -1 0.00e+00 0.00e+00 0.00e+00 0.00e+00 0.00e+00 0.00e+00 0.00e+00 0.00e+00 
1.40e+09 7.83e+10    0   18     -1 0.00e+00 0.00e+00 0.00e+00 0.00e+00 0.00e+00 0.00e+00 0.00e+00 0.00e+00 
1.40e+09 1.02e+11    0   19     -1 0.00e+00 0.00e+00 0.00e+00 0.00e+00 0.00e+00 0.00e+00 0.00e+00 0.00e+00 
1.40e+09 1.34e+11    0   20     -1 0.00e+00 0.00e+00 0.00e+00 0.00e+00 0.00e+00 0.00e+00 0.00e+00 0.00e+00 
1.40e+09 1.76e+11    0   21     -1 0.00e+00 0.00e+00 0.00e+00 0.00e+00 0.00e+00 0.00e+00 0.00e+00 0.00e+00 
1.40e+09 2.30e+11    0   22     -1 0.00e+00 0.00e+00 0.00e+00 0.00e+00 0.00e+00 0.00e+00 0.00e+00 0.00e+00 
1.40e+09 3.01e+11    0   23     -1 0.00e+00 0.00e+00 0.00e+00 0.00e+00 0.00e+00 0.00e+00 0.00e+00 0.00e+00 
1.40e+09 3.94e+11    0   24     -1 0.00e+00 0.00e+00 0.00e+00 0.00e+00 0.00e+00 0.00e+00 0.00e+00 0.00e+00 
1.40e+09 5.15e+11    0   25     -1 0.00e+00 0.00e+00 0.00e+00 0.00e+00 0.00e+00 0.00e+00 0.00e+00 0.00e+00 
1.40e+09 6.74e+11    0   26     -1 0.00e+00 0.00e+00 0.00e+00 0.00e+00 0.00e+00 0.00e+00 0.00e+00 0.00e+00 
1.40e+09 8.82e+11    0   27     -1 0.00e+00 0.00e+00 0.00e+00 0.00e+00 0.00e+00 0.00e+00 0.00e+00 0.00e+00 
1.40e+09 1.15e+12    0   28     -1 0.00e+00 0.00e+00 0.00e+00 0.00e+00 0.00e+00 0.00e+00 0.00e+00 0.00e+00 
1.40e+09 1.51e+12    0   29     -1 0.00e+00 0.00e+00 0.00e+00 0.00e+00 0.00e+00 0.00e+00 0.00e+00 0.00e+00 
3.14e+09 3.50e+08    1    0      1 0.00e+00 0.00e+00 0.00e+00 0.00e+00 0.00e+00 0.00e+00 0.00e+00 0.00e+00 
3.14e+09 8.08e+08    1    1      1 0.00e+00 0.00e+00 0.00e+00 0.00e+00 0.00e+00 0.00e+00 0.00e+00 0.00e+00 
3.14e+09 1.06e+09    1    2      1 0.00e+00 0.00e+00 0.00e+00 0.00e+00 0.00e+00 0.00e+00 0.00e+00 0.00e+00 
3.14e+09 1.38e+09    1    3      1 0.00e+00 0.00e+00 0.00e+00 0.00e+00 0.00e+00 0.00e+00 0.00e+00 0.00e+00 
3.14e+09 1.81e+09    1    4      1 0.00e+00 0.00e+00 0.00e+00 0.00e+00 0.00e+00 0.00e+00 0.00e+00 0.00e+00 
3.14e+09 2.37e+09    1    5     -1 0.00e+00 0.00e+00 0.00e+00 0.00e+00 0.00e+00 0.00e+00 0.00e+00 0.00e+00 
3.14e+09 3.10e+09    1    6     -1 0.00e+00 0.00e+00 0.00e+00 0.00e+00 0.00e+00 0.00e+00 0.00e+00 0.00e+00 
3.14e+09 4.06e+09    1    7     -1 0.00e+00 0.00e+00 0.00e+00 0.00e+00 0.00e+00 0.00e+00 0.00e+00 0.00e+00 
3.14e+09 5.31e+09    1    8     -1 0.00e+00 0.00e+00 0.00e+00 0.00e+00 0.00e+00 0.00e+00 0.00e+00 0.00e+00 
3.14e+09 6.95e+09    1    9     -1 0.00e+00 0.00e+00 0.00e+00 0.00e+00 0.00e+00 0.00e+00 0.00e+00 0.00e+00 
3.14e+09 9.10e+09    1   10     -1 0.00e+00 0.00e+00 0.00e+00 0.00e+00 0.00e+00 0.00e+00 0.00e+00 0.00e+00 
3.14e+09 1.19e+10    1   11     -1 0.00e+00 0.00e+00 0.00e+00 0.00e+00 0.00e+00 0.00e+00 0.00e+00 0.00e+00 
3.14e+09 1.56e+10    1   12     -1 0.00e+00 0.00e+00 0.00e+00 0.00e+00 0.00e+00 0.00e+00 0.00e+00 0.00e+00 
3.14e+09 2.04e+10    1   13     -1 0.00e+00 0.00e+00 0.00e+00 0.00e+00 0.00e+00 0.00e+00 0.00e+00 0.00e+00 
3.14e+09 2.67e+10    1   14     -1 0.00e+00 0.00e+00 0.00e+00 0.00e+00 0.00e+00 0.00e+00 0.00e+00 0.00e+00 
3.14e+09 3.49e+10    1   15     -1 0.00e+00 0.00e+00 0.00e+00 0.00e+00 0.00e+00 0.00e+00 0.00e+00 0.00e+00 
3.14e+09 4.57e+10    1   16     -1 0.00e+00 0.00e+00 0.00e+00 0.00e+00 0.00e+00 0.00e+00 0.00e+00 0.00e+00 
3.14e+09 5.98e+10    1   17     -1 0.00e+00 0.00e+00 0.00e+00 0.00e+00 0.00e+00 0.00e+00 0.00e+00 0.00e+00 
3.14e+09 7.83e+10    1   18     -1 0.00e+00 0.00e+00 0.00e+00 0.00e+00 0.00e+00 0.00e+00 0.00e+00 0.00e+00 
3.14e+09 1.02e+11    1   19     -1 0.00e+00 0.00e+00 0.00e+00 0.00e+00 0.00e+00 0.00e+00 0.00e+00 0.00e+00 
3.14e+09 1.34e+11    1   20     -1 0.00e+00 0.00e+00 0.00e+00 0.00e+00 0.00e+00 0.00e+00 0.00e+00 0.00e+00 
3.14e+09 1.76e+11    1   21     -1 0.00e+00 0.00e+00 0.00e+00 0.00e+00 0.00e+00 0.00e+00 0.00e+00 0.00e+00 
3.14e+09 2.30e+11    1   22     -1 0.00e+00 0.00e+00 0.00e+00 0.00e+00 0.00e+00 0.00e+00 0.00e+00 0.00e+00 
3.14e+09 3.01e+11    1   23     -1 0.00e+00 0.00e+00 0.00e+00 0.00e+00 0.00e+00 0.00e+00 0.00e+00 0.00e+00 
3.14e+09 3.94e+11    1   24     -1 0.00e+00 0.00e+00 0.00e+00 0.00e+00 0.00e+00 0.00e+00 0.00e+00 0.00e+00 
3.14e+09 5.15e+11    1   25     -1 0.00e+00 0.00e+00 0.00e+00 0.00e+00 0.00e+00 0.00e+00 0.00e+00 0.00e+00 
3.14e+09 6.74e+11    1   26     -1 0.00e+00 0.00e+00 0.00e+00 0.00e+00 0.00e+00 0.00e+00 0.00e+00 0.00e+00 
3.14e+09 8.82e+11    1   27     -1 0.00e+00 0.00e+00 0.00e+00 0.00e+00 0.00e+00 0.00e+00 0.00e+00 0.00e+00 
3.14e+09 1.15e+12    1   28     -1 0.00e+00 0.00e+00 0.00e+00 0.00e+00 0.00e+00 0.00e+00 0.00e+00 0.00e+00 
3.14e+09 1.51e+12    1   29     -1 0.00e+00 0.00e+00 0.00e+00 0.00e+00 0.00e+00 0.00e+00 0.00e+00 0.00e+00 
3.90e+09 3.50e+08    2    0      0 1.40e-08 2.20e-03 8.90e-01 1.08e-01 2.86e-07 1.81e-15 1.00e-20 1.00e-20 
3.90e+09 8.08e+08    2    1      0 7.31e-10 2.89e-04 4.94e-01 5.06e-01 3.19e-05 1.03e-11 1.00e-20 1.00e-20 
3.90e+09 1.06e+09    2    2      0 7.73e-11 4.98e-05 1.99e-01 8.00e-01 4.12e-04 1.90e-09 1.00e-20 1.00e-20 
3.90e+09 1.38e+09    2    3      0 9.89e-12 1.01e-05 8.11e-02 9.17e-01 2.11e-03 6.29e-08 1.00e-20 1.00e-20 
3.90e+09 1.81e+09    2    4      1 0.00e+00 0.00e+00 0.00e+00 0.00e+00 0.00e+00 0.00e+00 0.00e+00 0.00e+00 
3.90e+09 2.37e+09    2    5      1 0.00e+00 0.00e+00 0.00e+00 0.00e+00 0.00e+00 0.00e+00 0.00e+00 0.00e+00 
3.90e+09 3.10e+09    2    6      1 0.00e+00 0.00e+00 0.00e+00 0.00e+00 0.00e+00 0.00e+00 0.00e+00 0.00e+00 
3.90e+09 4.06e+09    2    7      1 0.00e+00 0.00e+00 0.00e+00 0.00e+00 0.00e+00 0.00e+00 0.00e+00 0.00e+00 
3.90e+09 5.31e+09    2    8     -1 0.00e+00 0.00e+00 0.00e+00 0.00e+00 0.00e+00 0.00e+00 0.00e+00 0.00e+00 
3.90e+09 6.95e+09    2    9     -1 0.00e+00 0.00e+00 0.00e+00 0.00e+00 0.00e+00 0.00e+00 0.00e+00 0.00e+00 
3.90e+09 9.10e+09    2   10     -1 0.00e+00 0.00e+00 0.00e+00 0.00e+00 0.00e+00 0.00e+00 0.00e+00 0.00e+00 
3.90e+09 1.19e+10    2   11     -1 0.00e+00 0.00e+00 0.00e+00 0.00e+00 0.00e+00 0.00e+00 0.00e+00 0.00e+00 
3.90e+09 1.56e+10    2   12     -1 0.00e+00 0.00e+00 0.00e+00 0.00e+00 0.00e+00 0.00e+00 0.00e+00 0.00e+00 
3.90e+09 2.04e+10    2   13     -1 0.00e+00 0.00e+00 0.00e+00 0.00e+00 0.00e+00 0.00e+00 0.00e+00 0.00e+00 
3.90e+09 2.67e+10    2   14     -1 0.00e+00 0.00e+00 0.00e+00 0.00e+00 0.00e+00 0.00e+00 0.00e+00 0.00e+00 
3.90e+09 3.49e+10    2   15     -1 0.00e+00 0.00e+00 0.00e+00 0.00e+00 0.00e+00 0.00e+00 0.00e+00 0.00e+00 
3.90e+09 4.57e+10    2   16     -1 0.00e+00 0.00e+00 0.00e+00 0.00e+00 0.00e+00 0.00e+00 0.00e+00 0.00e+00 
3.90e+09 5.98e+10    2   17     -1 0.00e+00 0.00e+00 0.00e+00 0.00e+00 0.00e+00 0.00e+00 0.00e+00 0.00e+00 
3.90e+09 7.83e+10    2   18     -1 0.00e+00 0.00e+00 0.00e+00 0.00e+00 0.00e+00 0.00e+00 0.00e+00 0.00e+00 
3.90e+09 1.02e+11    2   19     -1 0.00e+00 0.00e+00 0.00e+00 0.00e+00 0.00e+00 0.00e+00 0.00e+00 0.00e+00 
3.90e+09 1.34e+11    2   20     -1 0.00e+00 0.00e+00 0.00e+00 0.00e+00 0.00e+00 0.00e+00 0.00e+00 0.00e+00 
3.90e+09 1.76e+11    2   21     -1 0.00e+00 0.00e+00 0.00e+00 0.00e+00 0.00e+00 0.00e+00 0.00e+00 0.00e+00 
3.90e+09 2.30e+11    2   22     -1 0.00e+00 0.00e+00 0.00e+00 0.00e+00 0.00e+00 0.00e+00 0.00e+00 0.00e+00 
3.90e+09 3.01e+11    2   23     -1 0.00e+00 0.00e+00 0.00e+00 0.00e+00 0.00e+00 0.00e+00 0.00e+00 0.00e+00 
3.90e+09 3.94e+11    2   24     -1 0.00e+00 0.00e+00 0.00e+00 0.00e+00 0.00e+00 0.00e+00 0.00e+00 0.00e+00 
3.90e+09 5.15e+11    2   25     -1 0.00e+00 0.00e+00 0.00e+00 0.00e+00 0.00e+00 0.00e+00 0.00e+00 0.00e+00 
3.90e+09 6.74e+11    2   26     -1 0.00e+00 0.00e+00 0.00e+00 0.00e+00 0.00e+00 0.00e+00 0.00e+00 0.00e+00 
3.90e+09 8.82e+11    2   27     -1 0.00e+00 0.00e+00 0.00e+00 0.00e+00 0.00e+00 0.00e+00 0.00e+00 0.00e+00 
3.90e+09 1.15e+12    2   28     -1 0.00e+00 0.00e+00 0.00e+00 0.00e+00 0.00e+00 0.00e+00 0.00e+00 0.00e+00 
3.90e+09 1.51e+12    2   29     -1 0.00e+00 0.00e+00 0.00e+00 0.00e+00 0.00e+00 0.00e+00 0.00e+00 0.00e+00 
4.85e+09 3.50e+08    3    0      0 6.68e-07 3.64e-02 9.63e-01 5.60e-04 3.37e-13 1.00e-20 1.00e-20 1.00e-20 
4.85e+09 8.08e+08    3    1      0 8.23e-08 1.04e-02 9.85e-01 4.25e-03 3.93e-11 1.00e-20 1.00e-20 1.00e-20 
4.85e+09 1.06e+09    3    2      0 9.34e-09 2.32e-03 9.43e-01 5.47e-02 2.96e-08 1.78e-17 1.00e-20 1.00e-20 
4.85e+09 1.38e+09    3    3      0 6.09e-10 3.32e-04 6.03e-01 3.97e-01 1.04e-05 8.55e-13 1.00e-20 1.00e-20 
4.85e+09 1.81e+09    3    4      0 3.47e-11 3.65e-05 2.06e-01 7.94e-01 3.20e-04 8.07e-10 1.00e-20 1.00e-20 
4.85e+09 2.37e+09    3    5      0 2.19e-12 4.10e-06 5.78e-02 9.39e-01 3.07e-03 1.09e-07 1.00e-20 1.00e-20 
4.85e+09 3.10e+09    3    6      0 1.89e-13 6.31e-07 1.97e-02 9.66e-01 1.48e-02 3.42e-06 1.00e-20 1.00e-20 
4.85e+09 4.06e+09    3    7      1 0.00e+00 0.00e+00 0.00e+00 0.00e+00 0.00e+00 0.00e+00 0.00e+00 0.00e+00 
4.85e+09 5.31e+09    3    8      1 0.00e+00 0.00e+00 0.00e+00 0.00e+00 0.00e+00 0.00e+00 0.00e+00 0.00e+00 
4.85e+09 6.95e+09    3    9      1 0.00e+00 0.00e+00 0.00e+00 0.00e+00 0.00e+00 0.00e+00 0.00e+00 0.00e+00 
4.85e+09 9.10e+09    3   10     -1 0.00e+00 0.00e+00 0.00e+00 0.00e+00 0.00e+00 0.00e+00 0.00e+00 0.00e+00 
4.85e+09 1.19e+10    3   11     -1 0.00e+00 0.00e+00 0.00e+00 0.00e+00 0.00e+00 0.00e+00 0.00e+00 0.00e+00 
4.85e+09 1.56e+10    3   12     -1 0.00e+00 0.00e+00 0.00e+00 0.00e+00 0.00e+00 0.00e+00 0.00e+00 0.00e+00 
4.85e+09 2.04e+10    3   13     -1 0.00e+00 0.00e+00 0.00e+00 0.00e+00 0.00e+00 0.00e+00 0.00e+00 0.00e+00 
4.85e+09 2.67e+10    3   14     -1 0.00e+00 0.00e+00 0.00e+00 0.00e+00 0.00e+00 0.00e+00 0.00e+00 0.00e+00 
4.85e+09 3.49e+10    3   15     -1 0.00e+00 0.00e+00 0.00e+00 0.00e+00 0.00e+00 0.00e+00 0.00e+00 0.00e+00 
4.85e+09 4.57e+10    3   16     -1 0.00e+00 0.00e+00 0.00e+00 0.00e+00 0.00e+00 0.00e+00 0.00e+00 0.00e+00 
4.85e+09 5.98e+10    3   17     -1 0.00e+00 0.00e+00 0.00e+00 0.00e+00 0.00e+00 0.00e+00 0.00e+00 0.00e+00 
4.85e+09 7.83e+10    3   18     -1 0.00e+00 0.00e+00 0.00e+00 0.00e+00 0.00e+00 0.00e+00 0.00e+00 0.00e+00 
4.85e+09 1.02e+11    3   19     -1 0.00e+00 0.00e+00 0.00e+00 0.00e+00 0.00e+00 0.00e+00 0.00e+00 0.00e+00 
4.85e+09 1.34e+11    3   20     -1 0.00e+00 0.00e+00 0.00e+00 0.00e+00 0.00e+00 0.00e+00 0.00e+00 0.00e+00 
4.85e+09 1.76e+11    3   21     -1 0.00e+00 0.00e+00 0.00e+00 0.00e+00 0.00e+00 0.00e+00 0.00e+00 0.00e+00 
4.85e+09 2.30e+11    3   22     -1 0.00e+00 0.00e+00 0.00e+00 0.00e+00 0.00e+00 0.00e+00 0.00e+00 0.00e+00 
4.85e+09 3.01e+11    3   23     -1 0.00e+00 0.00e+00 0.00e+00 0.00e+00 0.00e+00 0.00e+00 0.00e+00 0.00e+00 
4.85e+09 3.94e+11    3   24     -1 0.00e+00 0.00e+00 0.00e+00 0.00e+00 0.00e+00 0.00e+00 0.00e+00 0.00e+00 
4.85e+09 5.15e+11    3   25     -1 0.00e+00 0.00e+00 0.00e+00 0.00e+00 0.00e+00 0.00e+00 0.00e+00 0.00e+00 
4.85e+09 6.74e+11    3   26     -1 0.00e+00 0.00e+00 0.00e+00 0.00e+00 0.00e+00 0.00e+00 0.00e+00 0.00e+00 
4.85e+09 8.82e+11    3   27     -1 0.00e+00 0.00e+00 0.00e+00 0.00e+00 0.00e+00 0.00e+00 0.00e+00 0.00e+00 
4.85e+09 1.15e+12    3   28     -1 0.00e+00 0.00e+00 0.00e+00 0.00e+00 0.00e+00 0.00e+00 0.00e+00 0.00e+00 
4.85e+09 1.51e+12    3   29     -1 0.00e+00 0.00e+00 0.00e+00 0.00e+00 0.00e+00 0.00e+00 0.00e+00 0.00e+00 
6.03e+09 3.50e+08    4    0      0 2.60e-05 3.25e-01 6.75e-01 6.12e-06 7.15e-18 1.00e-20 1.00e-20 1.00e-20 
6.03e+09 8.08e+08    4    1      0 2.08e-06 8.92e-02 9.11e-01 6.85e-05 1.42e-15 1.00e-20 1.00e-20 1.00e-20 
6.03e+09 1.06e+09    4    2      0 3.57e-07 3.11e-02 9.68e-01 4.41e-04 1.15e-13 1.00e-20 1.00e-20 1.00e-20 
6.03e+09 1.38e+09    4    3      0 4.00e-08 7.23e-03 9.87e-01 6.24e-03 8.58e-11 1.00e-20 1.00e-20 1.00e-20 
6.03e+09 1.81e+09    4    4      0 1.89e-09 9.06e-04 8.63e-01 1.37e-01 3.18e-07 1.01e-15 1.00e-20 1.00e-20 
6.03e+09 2.37e+09    4    5      0 6.72e-11 7.73e-05 3.55e-01 6.45e-01 7.38e-05 3.05e-11 1.00e-20 1.00e-20 
6.03e+09 3.10e+09    4    6      0 2.57e-12 6.11e-06 8.90e-02 9.10e-01 1.40e-03 1.46e-08 1.00e-20 1.00e-20 
6.03e+09 4.06e+09    4    7      0 1.56e-13 7.25e-07 2.68e-02 9.64e-01 9.01e-03 8.26e-07 1.00e-20 1.00e-20 
6.03e+09 5.31e+09    4    8      0 1.65e-14 1.26e-07 9.22e-03 9.56e-01 3.50e-02 1.81e-05 1.00e-20 1.00e-20 
6.03e+09 6.95e+09    4    9      1 0.00e+00 0.00e+00 0.00e+00 0.00e+00 0.00e+00 0.00e+00 0.00e+00 0.00e+00 
6.03e+09 9.10e+09    4   10      1 0.00e+00 0.00e+00 0.00e+00 0.00e+00 0.00e+00 0.00e+00 0.00e+00 0.00e+00 
6.03e+09 1.19e+10    4   11      1 0.00e+00 0.00e+00 0.00e+00 0.00e+00 0.00e+00 0.00e+00 0.00e+00 0.00e+00 
6.03e+09 1.56e+10    4   12     -1 0.00e+00 0.00e+00 0.00e+00 0.00e+00 0.00e+00 0.00e+00 0.00e+00 0.00e+00 
6.03e+09 2.04e+10    4   13     -1 0.00e+00 0.00e+00 0.00e+00 0.00e+00 0.00e+00 0.00e+00 0.00e+00 0.00e+00 
6.03e+09 2.67e+10    4   14     -1 0.00e+00 0.00e+00 0.00e+00 0.00e+00 0.00e+00 0.00e+00 0.00e+00 0.00e+00 
6.03e+09 3.49e+10    4   15     -1 0.00e+00 0.00e+00 0.00e+00 0.00e+00 0.00e+00 0.00e+00 0.00e+00 0.00e+00 
6.03e+09 4.57e+10    4   16     -1 0.00e+00 0.00e+00 0.00e+00 0.00e+00 0.00e+00 0.00e+00 0.00e+00 0.00e+00 
6.03e+09 5.98e+10    4   17     -1 0.00e+00 0.00e+00 0.00e+00 0.00e+00 0.00e+00 0.00e+00 0.00e+00 0.00e+00 
6.03e+09 7.83e+10    4   18     -1 0.00e+00 0.00e+00 0.00e+00 0.00e+00 0.00e+00 0.00e+00 0.00e+00 0.00e+00 
6.03e+09 1.02e+11    4   19     -1 0.00e+00 0.00e+00 0.00e+00 0.00e+00 0.00e+00 0.00e+00 0.00e+00 0.00e+00 
6.03e+09 1.34e+11    4   20     -1 0.00e+00 0.00e+00 0.00e+00 0.00e+00 0.00e+00 0.00e+00 0.00e+00 0.00e+00 
6.03e+09 1.76e+11    4   21     -1 0.00e+00 0.00e+00 0.00e+00 0.00e+00 0.00e+00 0.00e+00 0.00e+00 0.00e+00 
6.03e+09 2.30e+11    4   22     -1 0.00e+00 0.00e+00 0.00e+00 0.00e+00 0.00e+00 0.00e+00 0.00e+00 0.00e+00 
6.03e+09 3.01e+11    4   23     -1 0.00e+00 0.00e+00 0.00e+00 0.00e+00 0.00e+00 0.00e+00 0.00e+00 0.00e+00 
6.03e+09 3.94e+11    4   24     -1 0.00e+00 0.00e+00 0.00e+00 0.00e+00 0.00e+00 0.00e+00 0.00e+00 0.00e+00 
6.03e+09 5.15e+11    4   25     -1 0.00e+00 0.00e+00 0.00e+00 0.00e+00 0.00e+00 0.00e+00 0.00e+00 0.00e+00 
6.03e+09 6.74e+11    4   26     -1 0.00e+00 0.00e+00 0.00e+00 0.00e+00 0.00e+00 0.00e+00 0.00e+00 0.00e+00 
6.03e+09 8.82e+11    4   27     -1 0.00e+00 0.00e+00 0.00e+00 0.00e+00 0.00e+00 0.00e+00 0.00e+00 0.00e+00 
6.03e+09 1.15e+12    4   28     -1 0.00e+00 0.00e+00 0.00e+00 0.00e+00 0.00e+00 0.00e+00 0.00e+00 0.00e+00 
6.03e+09 1.51e+12    4   29     -1 0.00e+00 0.00e+00 0.00e+00 0.00e+00 0.00e+00 0.00e+00 0.00e+00 0.00e+00 
7.50e+09 3.50e+08    5    0      0 2.29e-04 7.97e-01 2.03e-01 7.86e-08 1.00e-20 1.00e-20 1.00e-20 1.00e-20 
7.50e+09 8.08e+08    5    1      0 3.41e-05 4.22e-01 5.78e-01 2.01e-06 3.84e-19 1.00e-20 1.00e-20 1.00e-20 
7.50e+09 1.06e+09    5    2      0 5.92e-06 1.82e-01 8.18e-01 1.46e-05 2.71e-17 1.00e-20 1.00e-20 1.00e-20 
7.50e+09 1.38e+09    5    3      0 8.31e-07 5.87e-02 9.41e-01 1.19e-04 3.57e-15 1.00e-20 1.00e-20 1.00e-20 
7.50e+09 1.81e+09    5    4      0 7.35e-08 1.21e-02 9.86e-01 2.04e-03 4.08e-12 1.00e-20 1.00e-20 1.00e-20 
7.50e+09 2.37e+09    5    5      0 2.49e-09 1.26e-03 9.30e-01 6.91e-02 4.26e-08 2.13e-17 1.00e-20 1.00e-20 
7.50e+09 3.10e+09    5    6      0 6.91e-11 9.59e-05 4.42e-01 5.58e-01 3.31e-05 4.93e-12 1.00e-20 1.00e-20 
7.50e+09 4.06e+09    5    7      0 2.07e-12 6.35e-06 1.05e-01 8.94e-01 9.70e-04 5.29e-09 1.00e-20 1.00e-20 
7.50e+09 5.31e+09    5    8      0 1.04e-13 6.53e-07 2.94e-02 9.63e-01 7.40e-03 4.23e-07 1.00e-20 1.00e-20 
7.50e+09 6.95e+09    5    9      0 9.52e-15 1.03e-07 9.77e-03 9.60e-01 3.04e-02 1.03e-05 1.00e-20 1.00e-20 
7.50e+09 9.10e+09    5   10      0 1.88e-15 2.68e-08 3.80e-03 9.18e-01 7.83e-02 1.11e-04 1.00e-20 1.00e-20 
7.50e+09 1.19e+10    5   11      1 0.00e+00 0.00e+00 0.00e+00 0.00e+00 0.00e+00 0.00e+00 0.00e+00 0.00e+00 
7.50e+09 1.56e+10    5   12      1 0.00e+00 0.00e+00 0.00e+00 0.00e+00 0.00e+00 0.00e+00 0.00e+00 0.00e+00 
7.50e+09 2.04e+10    5   13     -1 0.00e+00 0.00e+00 0.00e+00 0.00e+00 0.00e+00 0.00e+00 0.00e+00 0.00e+00 
7.50e+09 2.67e+10    5   14     -1 0.00e+00 0.00e+00 0.00e+00 0.00e+00 0.00e+00 0.00e+00 0.00e+00 0.00e+00 
7.50e+09 3.49e+10    5   15     -1 0.00e+00 0.00e+00 0.00e+00 0.00e+00 0.00e+00 0.00e+00 0.00e+00 0.00e+00 
7.50e+09 4.57e+10    5   16     -1 0.00e+00 0.00e+00 0.00e+00 0.00e+00 0.00e+00 0.00e+00 0.00e+00 0.00e+00 
7.50e+09 5.98e+10    5   17     -1 0.00e+00 0.00e+00 0.00e+00 0.00e+00 0.00e+00 0.00e+00 0.00e+00 0.00e+00 
7.50e+09 7.83e+10    5   18     -1 0.00e+00 0.00e+00 0.00e+00 0.00e+00 0.00e+00 0.00e+00 0.00e+00 0.00e+00 
7.50e+09 1.02e+11    5   19     -1 0.00e+00 0.00e+00 0.00e+00 0.00e+00 0.00e+00 0.00e+00 0.00e+00 0.00e+00 
7.50e+09 1.34e+11    5   20     -1 0.00e+00 0.00e+00 0.00e+00 0.00e+00 0.00e+00 0.00e+00 0.00e+00 0.00e+00 
7.50e+09 1.76e+11    5   21     -1 0.00e+00 0.00e+00 0.00e+00 0.00e+00 0.00e+00 0.00e+00 0.00e+00 0.00e+00 
7.50e+09 2.30e+11    5   22     -1 0.00e+00 0.00e+00 0.00e+00 0.00e+00 0.00e+00 0.00e+00 0.00e+00 0.00e+00 
7.50e+09 3.01e+11    5   23     -1 0.00e+00 0.00e+00 0.00e+00 0.00e+00 0.00e+00 0.00e+00 0.00e+00 0.00e+00 
7.50e+09 3.94e+11    5   24     -1 0.00e+00 0.00e+00 0.00e+00 0.00e+00 0.00e+00 0.00e+00 0.00e+00 0.00e+00 
7.50e+09 5.15e+11    5   25     -1 0.00e+00 0.00e+00 0.00e+00 0.00e+00 0.00e+00 0.00e+00 0.00e+00 0.00e+00 
7.50e+09 6.74e+11    5   26     -1 0.00e+00 0.00e+00 0.00e+00 0.00e+00 0.00e+00 0.00e+00 0.00e+00 0.00e+00 
7.50e+09 8.82e+11    5   27     -1 0.00e+00 0.00e+00 0.00e+00 0.00e+00 0.00e+00 0.00e+00 0.00e+00 0.00e+00 
7.50e+09 1.15e+12    5   28     -1 0.00e+00 0.00e+00 0.00e+00 0.00e+00 0.00e+00 0.00e+00 0.00e+00 0.00e+00 
7.50e+09 1.51e+12    5   29     -1 0.00e+00 0.00e+00 0.00e+00 0.00e+00 0.00e+00 0.00e+00 0.00e+00 0.00e+00 
9.33e+09 3.50e+08    6    0      1 0.00e+00 0.00e+00 0.00e+00 0.00e+00 0.00e+00 0.00e+00 0.00e+00 0.00e+00 
9.33e+09 8.08e+08    6    1      1 0.00e+00 0.00e+00 0.00e+00 0.00e+00 0.00e+00 0.00e+00 0.00e+00 0.00e+00 
9.33e+09 1.06e+09    6    2      0 2.05e-05 3.85e-01 6.15e-01 2.04e-06 2.40e-19 1.00e-20 1.00e-20 1.00e-20 
9.33e+09 1.38e+09    6    3      0 5.70e-06 2.03e-01 7.97e-01 9.42e-06 6.53e-18 1.00e-20 1.00e-20 1.00e-20 
9.33e+09 1.81e+09    6    4      0 9.09e-07 6.89e-02 9.31e-01 7.72e-05 8.99e-16 1.00e-20 1.00e-20 1.00e-20 
9.33e+09 2.37e+09    6    5      0 6.52e-08 1.25e-02 9.86e-01 1.58e-03 1.72e-12 1.00e-20 1.00e-20 1.00e-20 
9.33e+09 3.10e+09    6    6      0 1.68e-09 1.10e-03 9.34e-01 6.49e-02 3.16e-08 1.01e-17 1.00e-20 1.00e-20 
9.33e+09 4.06e+09    6    7      0 4.01e-11 7.44e-05 4.29e-01 5.71e-01 3.32e-05 4.10e-12 1.00e-20 1.00e-20 
9.33e+09 5.31e+09    6    8      0 1.10e-12 4.61e-06 9.90e-02 9.00e-01 1.02e-03 4.81e-09 1.00e-20 1.00e-20 
9.33e+09 6.95e+09    6    9      0 5.64e-14 4.81e-07 2.77e-02 9.65e-01 7.53e-03 3.65e-07 1.00e-20 1.00e-20 
9.33e+09 9.10e+09    6   10      0 5.43e-15 7.94e-08 9.32e-03 9.62e-01 2.86e-02 7.74e-06 1.00e-20 1.00e-20 
9.33e+09 1.19e+10    6   11      0 1.23e-15 2.30e-08 3.84e-03 9.30e-01 6.61e-02 6.56e-05 1.00e-20 1.00e-20 
9.33e+09 1.56e+10    6   12      1 0.00e+00 0.00e+00 0.00e+00 0.00e+00 0.00e+00 0.00e+00 0.00e+00 0.00e+00 
9.33e+09 2.04e+10    6   13      1 0.00e+00 0.00e+00 0.00e+00 0.00e+00 0.00e+00 0.00e+00 0.00e+00 0.00e+00 
9.33e+09 2.67e+10    6   14     -1 0.00e+00 0.00e+00 0.00e+00 0.00e+00 0.00e+00 0.00e+00 0.00e+00 0.00e+00 
9.33e+09 3.49e+10    6   15     -1 0.00e+00 0.00e+00 0.00e+00 0.00e+00 0.00e+00 0.00e+00 0.00e+00 0.00e+00 
9.33e+09 4.57e+10    6   16     -1 0.00e+00 0.00e+00 0.00e+00 0.00e+00 0.00e+00 0.00e+00 0.00e+00 0.00e+00 
9.33e+09 5.98e+10    6   17     -1 0.00e+00 0.00e+00 0.00e+00 0.00e+00 0.00e+00 0.00e+00 0.00e+00 0.00e+00 
9.33e+09 7.83e+10    6   18     -1 0.00e+00 0.00e+00 0.00e+00 0.00e+00 0.00e+00 0.00e+00 0.00e+00 0.00e+00 
9.33e+09 1.02e+11    6   19     -1 0.00e+00 0.00e+00 0.00e+00 0.00e+00 0.00e+00 0.00e+00 0.00e+00 0.00e+00 
9.33e+09 1.34e+11    6   20     -1 0.00e+00 0.00e+00 0.00e+00 0.00e+00 0.00e+00 0.00e+00 0.00e+00 0.00e+00 
9.33e+09 1.76e+11    6   21     -1 0.00e+00 0.00e+00 0.00e+00 0.00e+00 0.00e+00 0.00e+00 0.00e+00 0.00e+00 
9.33e+09 2.30e+11    6   22     -1 0.00e+00 0.00e+00 0.00e+00 0.00e+00 0.00e+00 0.00e+00 0.00e+00 0.00e+00 
9.33e+09 3.01e+11    6   23     -1 0.00e+00 0.00e+00 0.00e+00 0.00e+00 0.00e+00 0.00e+00 0.00e+00 0.00e+00 
9.33e+09 3.94e+11    6   24     -1 0.00e+00 0.00e+00 0.00e+00 0.00e+00 0.00e+00 0.00e+00 0.00e+00 0.00e+00 
9.33e+09 5.15e+11    6   25     -1 0.00e+00 0.00e+00 0.00e+00 0.00e+00 0.00e+00 0.00e+00 0.00e+00 0.00e+00 
9.33e+09 6.74e+11    6   26     -1 0.00e+00 0.00e+00 0.00e+00 0.00e+00 0.00e+00 0.00e+00 0.00e+00 0.00e+00 
9.33e+09 8.82e+11    6   27     -1 0.00e+00 0.00e+00 0.00e+00 0.00e+00 0.00e+00 0.00e+00 0.00e+00 0.00e+00 
9.33e+09 1.15e+12    6   28     -1 0.00e+00 0.00e+00 0.00e+00 0.00e+00 0.00e+00 0.00e+00 0.00e+00 0.00e+00 
9.33e+09 1.51e+12    6   29     -1 0.00e+00 0.00e+00 0.00e+00 0.00e+00 0.00e+00 0.00e+00 0.00e+00 0.00e+00 
1.16e+10 3.50e+08    7    0     -1 0.00e+00 0.00e+00 0.00e+00 0.00e+00 0.00e+00 0.00e+00 0.00e+00 0.00e+00 
1.16e+10 8.08e+08    7    1      1 0.00e+00 0.00e+00 0.00e+00 0.00e+00 0.00e+00 0.00e+00 0.00e+00 0.00e+00 
1.16e+10 1.06e+09    7    2      1 0.00e+00 0.00e+00 0.00e+00 0.00e+00 0.00e+00 0.00e+00 0.00e+00 0.00e+00 
1.16e+10 1.38e+09    7    3      1 0.00e+00 0.00e+00 0.00e+00 0.00e+00 0.00e+00 0.00e+00 0.00e+00 0.00e+00 
1.16e+10 1.81e+09    7    4      1 0.00e+00 0.00e+00 0.00e+00 0.00e+00 0.00e+00 0.00e+00 0.00e+00 0.00e+00 
1.16e+10 2.37e+09    7    5      1 0.00e+00 0.00e+00 0.00e+00 0.00e+00 0.00e+00 0.00e+00 0.00e+00 0.00e+00 
1.16e+10 3.10e+09    7    6      0 2.85e-08 8.15e-03 9.89e-01 2.53e-03 4.64e-12 1.00e-20 1.00e-20 1.00e-20 
1.16e+10 4.06e+09    7    7      0 6.70e-10 6.70e-04 9.02e-01 9.78e-02 8.37e-08 4.70e-17 1.00e-20 1.00e-20 
1.16e+10 5.31e+09    7    8      0 1.52e-11 4.11e-05 3.51e-01 6.49e-01 5.76e-05 1.02e-11 1.00e-20 1.00e-20 
1.16e+10 6.95e+09    7    9      0 4.57e-13 2.69e-06 7.99e-02 9.19e-01 1.33e-03 7.40e-09 1.00e-20 1.00e-20 
1.16e+10 9.10e+09    7   10      0 2.76e-14 3.18e-07 2.37e-02 9.68e-01 8.26e-03 3.94e-07 1.00e-20 1.00e-20 
1.16e+10 1.19e+10    7   11      0 3.08e-15 5.95e-08 8.58e-03 9.64e-01 2.72e-02 6.15e-06 1.00e-20 1.00e-20 
1.16e+10 1.56e+10    7   12      0 7.96e-16 1.88e-08 3.67e-03 9.37e-01 5.89e-02 4.61e-05 1.00e-20 1.00e-20 
1.16e+10 2.04e+10    7   13      1 0.00e+00 0.00e+00 0.00e+00 0.00e+00 0.00e+00 0.00e+00 0.00e+00 0.00e+00 
1.16e+10 2.67e+10    7   14      1 0.00e+00 0.00e+00 0.00e+00 0.00e+00 0.00e+00 0.00e+00 0.00e+00 0.00e+00 
1.16e+10 3.49e+10    7   15     -1 0.00e+00 0.00e+00 0.00e+00 0.00e+00 0.00e+00 0.00e+00 0.00e+00 0.00e+00 
1.16e+10 4.57e+10    7   16     -1 0.00e+00 0.00e+00 0.00e+00 0.00e+00 0.00e+00 0.00e+00 0.00e+00 0.00e+00 
1.16e+10 5.98e+10    7   17     -1 0.00e+00 0.00e+00 0.00e+00 0.00e+00 0.00e+00 0.00e+00 0.00e+00 0.00e+00 
1.16e+10 7.83e+10    7   18     -1 0.00e+00 0.00e+00 0.00e+00 0.00e+00 0.00e+00 0.00e+00 0.00e+00 0.00e+00 
1.16e+10 1.02e+11    7   19     -1 0.00e+00 0.00e+00 0.00e+00 0.00e+00 0.00e+00 0.00e+00 0.00e+00 0.00e+00 
1.16e+10 1.34e+11    7   20     -1 0.00e+00 0.00e+00 0.00e+00 0.00e+00 0.00e+00 0.00e+00 0.00e+00 0.00e+00 
1.16e+10 1.76e+11    7   21     -1 0.00e+00 0.00e+00 0.00e+00 0.00e+00 0.00e+00 0.00e+00 0.00e+00 0.00e+00 
1.16e+10 2.30e+11    7   22     -1 0.00e+00 0.00e+00 0.00e+00 0.00e+00 0.00e+00 0.00e+00 0.00e+00 0.00e+00 
1.16e+10 3.01e+11    7   23     -1 0.00e+00 0.00e+00 0.00e+00 0.00e+00 0.00e+00 0.00e+00 0.00e+00 0.00e+00 
1.16e+10 3.94e+11    7   24     -1 0.00e+00 0.00e+00 0.00e+00 0.00e+00 0.00e+00 0.00e+00 0.00e+00 0.00e+00 
1.16e+10 5.15e+11    7   25     -1 0.00e+00 0.00e+00 0.00e+00 0.00e+00 0.00e+00 0.00e+00 0.00e+00 0.00e+00 
1.16e+10 6.74e+11    7   26     -1 0.00e+00 0.00e+00 0.00e+00 0.00e+00 0.00e+00 0.00e+00 0.00e+00 0.00e+00 
1.16e+10 8.82e+11    7   27     -1 0.00e+00 0.00e+00 0.00e+00 0.00e+00 0.00e+00 0.00e+00 0.00e+00 0.00e+00 
1.16e+10 1.15e+12    7   28     -1 0.00e+00 0.00e+00 0.00e+00 0.00e+00 0.00e+00 0.00e+00 0.00e+00 0.00e+00 
1.16e+10 1.51e+12    7   29     -1 0.00e+00 0.00e+00 0.00e+00 0.00e+00 0.00e+00 0.00e+00 0.00e+00 0.00e+00 
1.44e+10 3.50e+08    8    0     -1 0.00e+00 0.00e+00 0.00e+00 0.00e+00 0.00e+00 0.00e+00 0.00e+00 0.00e+00 
1.44e+10 8.08e+08    8    1     -1 0.00e+00 0.00e+00 0.00e+00 0.00e+00 0.00e+00 0.00e+00 0.00e+00 0.00e+00 
1.44e+10 1.06e+09    8    2     -1 0.00e+00 0.00e+00 0.00e+00 0.00e+00 0.00e+00 0.00e+00 0.00e+00 0.00e+00 
1.44e+10 1.38e+09    8    3     -1 0.00e+00 0.00e+00 0.00e+00 0.00e+00 0.00e+00 0.00e+00 0.00e+00 0.00e+00 
1.44e+10 1.81e+09    8    4     -1 0.00e+00 0.00e+00 0.00e+00 0.00e+00 0.00e+00 0.00e+00 0.00e+00 0.00e+00 
1.44e+10 2.37e+09    8    5      1 0.00e+00 0.00e+00 0.00e+00 0.00e+00 0.00e+00 0.00e+00 0.00e+00 0.00e+00 
1.44e+10 3.10e+09    8    6      1 0.00e+00 0.00e+00 0.00e+00 0.00e+00 0.00e+00 0.00e+00 0.00e+00 0.00e+00 
1.44e+10 4.06e+09    8    7      1 0.00e+00 0.00e+00 0.00e+00 0.00e+00 0.00e+00 0.00e+00 0.00e+00 0.00e+00 
1.44e+10 5.31e+09    8    8      0 1.84e-10 3.11e-04 8.09e-01 1.90e-01 4.84e-07 9.25e-16 1.00e-20 1.00e-20 
1.44e+10 6.95e+09    8    9      0 4.42e-12 1.80e-05 2.47e-01 7.53e-01 1.29e-04 4.54e-11 1.00e-20 1.00e-20 
1.44e+10 9.10e+09    8   10      0 1.66e-13 1.40e-06 5.91e-02 9.39e-01 1.93e-03 1.46e-08 1.00e-20 1.00e-20 
1.44e+10 1.19e+10    8   11      0 1.26e-14 1.98e-07 1.95e-02 9.71e-01 9.49e-03 4.78e-07 1.00e-20 1.00e-20 
1.44e+10 1.56e+10    8   12      0 1.66e-15 4.22e-08 7.51e-03 9.65e-01 2.72e-02 5.64e-06 1.00e-20 1.00e-20 
1.44e+10 2.04e+10    8   13      0 4.66e-16 1.39e-08 3.25e-03 9.38e-01 5.84e-02 4.22e-05 1.00e-20 1.00e-20 
1.44e+10 2.67e+10    8   14      1 0.00e+00 0.00e+00 0.00e+00 0.00e+00 0.00e+00 0.00e+00 0.00e+00 0.00e+00 
1.44e+10 3.49e+10    8   15      1 0.00e+00 0.00e+00 0.00e+00 0.00e+00 0.00e+00 0.00e+00 0.00e+00 0.00e+00 
1.44e+10 4.57e+10    8   16     -1 0.00e+00 0.00e+00 0.00e+00 0.00e+00 0.00e+00 0.00e+00 0.00e+00 0.00e+00 
1.44e+10 5.98e+10    8   17     -1 0.00e+00 0.00e+00 0.00e+00 0.00e+00 0.00e+00 0.00e+00 0.00e+00 0.00e+00 
1.44e+10 7.83e+10    8   18     -1 0.00e+00 0.00e+00 0.00e+00 0.00e+00 0.00e+00 0.00e+00 0.00e+00 0.00e+00 
1.44e+10 1.02e+11    8   19     -1 0.00e+00 0.00e+00 0.00e+00 0.00e+00 0.00e+00 0.00e+00 0.00e+00 0.00e+00 
1.44e+10 1.34e+11    8   20     -1 0.00e+00 0.00e+00 0.00e+00 0.00e+00 0.00e+00 0.00e+00 0.00e+00 0.00e+00 
1.44e+10 1.76e+11    8   21     -1 0.00e+00 0.00e+00 0.00e+00 0.00e+00 0.00e+00 0.00e+00 0.00e+00 0.00e+00 
1.44e+10 2.30e+11    8   22     -1 0.00e+00 0.00e+00 0.00e+00 0.00e+00 0.00e+00 0.00e+00 0.00e+00 0.00e+00 
1.44e+10 3.01e+11    8   23     -1 0.00e+00 0.00e+00 0.00e+00 0.00e+00 0.00e+00 0.00e+00 0.00e+00 0.00e+00 
1.44e+10 3.94e+11    8   24     -1 0.00e+00 0.00e+00 0.00e+00 0.00e+00 0.00e+00 0.00e+00 0.00e+00 0.00e+00 
1.44e+10 5.15e+11    8   25     -1 0.00e+00 0.00e+00 0.00e+00 0.00e+00 0.00e+00 0.00e+00 0.00e+00 0.00e+00 
1.44e+10 6.74e+11    8   26     -1 0.00e+00 0.00e+00 0.00e+00 0.00e+00 0.00e+00 0.00e+00 0.00e+00 0.00e+00 
1.44e+10 8.82e+11    8   27     -1 0.00e+00 0.00e+00 0.00e+00 0.00e+00 0.00e+00 0.00e+00 0.00e+00 0.00e+00 
1.44e+10 1.15e+12    8   28     -1 0.00e+00 0.00e+00 0.00e+00 0.00e+00 0.00e+00 0.00e+00 0.00e+00 0.00e+00 
1.44e+10 1.51e+12    8   29     -1 0.00e+00 0.00e+00 0.00e+00 0.00e+00 0.00e+00 0.00e+00 0.00e+00 0.00e+00 
1.79e+10 3.50e+08    9    0     -1 0.00e+00 0.00e+00 0.00e+00 0.00e+00 0.00e+00 0.00e+00 0.00e+00 0.00e+00 
1.79e+10 8.08e+08    9    1     -1 0.00e+00 0.00e+00 0.00e+00 0.00e+00 0.00e+00 0.00e+00 0.00e+00 0.00e+00 
1.79e+10 1.06e+09    9    2     -1 0.00e+00 0.00e+00 0.00e+00 0.00e+00 0.00e+00 0.00e+00 0.00e+00 0.00e+00 
1.79e+10 1.38e+09    9    3     -1 0.00e+00 0.00e+00 0.00e+00 0.00e+00 0.00e+00 0.00e+00 0.00e+00 0.00e+00 
1.79e+10 1.81e+09    9    4     -1 0.00e+00 0.00e+00 0.00e+00 0.00e+00 0.00e+00 0.00e+00 0.00e+00 0.00e+00 
1.79e+10 2.37e+09    9    5     -1 0.00e+00 0.00e+00 0.00e+00 0.00e+00 0.00e+00 0.00e+00 0.00e+00 0.00e+00 
1.79e+10 3.10e+09    9    6     -1 0.00e+00 0.00e+00 0.00e+00 0.00e+00 0.00e+00 0.00e+00 0.00e+00 0.00e+00 
1.79e+10 4.06e+09    9    7      1 0.00e+00 0.00e+00 0.00e+00 0.00e+00 0.00e+00 0.00e+00 0.00e+00 0.00e+00 
1.79e+10 5.31e+09    9    8      1 0.00e+00 0.00e+00 0.00e+00 0.00e+00 0.00e+00 0.00e+00 0.00e+00 0.00e+00 
1.79e+10 6.95e+09    9    9      0 3.98e-11 1.16e-04 6.29e-01 3.71e-01 3.67e-06 3.35e-14 1.00e-20 1.00e-20 
1.79e+10 9.10e+09    9   10      0 1.13e-12 6.97e-06 1.57e-01 8.43e-01 3.09e-04 2.49e-10 1.00e-20 1.00e-20 
1.79e+10 1.19e+10    9   11      0 5.81e-14 6.95e-07 4.23e-02 9.55e-01 2.88e-03 3.13e-08 1.00e-20 1.00e-20 
1.79e+10 1.56e+10    9   12      0 5.55e-15 1.20e-07 1.55e-02 9.73e-01 1.13e-02 6.43e-07 1.00e-20 1.00e-20 
1.79e+10 2.04e+10    9   13      0 8.76e-16 2.91e-08 6.41e-03 9.65e-01 2.84e-02 5.75e-06 1.00e-20 1.00e-20 
1.79e+10 2.67e+10    9   14      0 2.40e-16 9.41e-09 2.76e-03 9.34e-01 6.27e-02 4.55e-05 1.00e-20 1.00e-20 
1.79e+10 3.49e+10    9   15      1 0.00e+00 0.00e+00 0.00e+00 0.00e+00 0.00e+00 0.00e+00 0.00e+00 0.00e+00 
1.79e+10 4.57e+10    9   16      1 0.00e+00 0.00e+00 0.00e+00 0.00e+00 0.00e+00 0.00e+00 0.00e+00 0.00e+00 
1.79e+10 5.98e+10    9   17     -1 0.00e+00 0.00e+00 0.00e+00 0.00e+00 0.00e+00 0.00e+00 0.00e+00 0.00e+00 
1.79e+10 7.83e+10    9   18     -1 0.00e+00 0.00e+00 0.00e+00 0.00e+00 0.00e+00 0.00e+00 0.00e+00 0.00e+00 
1.79e+10 1.02e+11    9   19     -1 0.00e+00 0.00e+00 0.00e+00 0.00e+00 0.00e+00 0.00e+00 0.00e+00 0.00e+00 
1.79e+10 1.34e+11    9   20     -1 0.00e+00 0.00e+00 0.00e+00 0.00e+00 0.00e+00 0.00e+00 0.00e+00 0.00e+00 
1.79e+10 1.76e+11    9   21     -1 0.00e+00 0.00e+00 0.00e+00 0.00e+00 0.00e+00 0.00e+00 0.00e+00 0.00e+00 
1.79e+10 2.30e+11    9   22     -1 0.00e+00 0.00e+00 0.00e+00 0.00e+00 0.00e+00 0.00e+00 0.00e+00 0.00e+00 
1.79e+10 3.01e+11    9   23     -1 0.00e+00 0.00e+00 0.00e+00 0.00e+00 0.00e+00 0.00e+00 0.00e+00 0.00e+00 
1.79e+10 3.94e+11    9   24     -1 0.00e+00 0.00e+00 0.00e+00 0.00e+00 0.00e+00 0.00e+00 0.00e+00 0.00e+00 
1.79e+10 5.15e+11    9   25     -1 0.00e+00 0.00e+00 0.00e+00 0.00e+00 0.00e+00 0.00e+00 0.00e+00 0.00e+00 
1.79e+10 6.74e+11    9   26     -1 0.00e+00 0.00e+00 0.00e+00 0.00e+00 0.00e+00 0.00e+00 0.00e+00 0.00e+00 
1.79e+10 8.82e+11    9   27     -1 0.00e+00 0.00e+00 0.00e+00 0.00e+00 0.00e+00 0.00e+00 0.00e+00 0.00e+00 
1.79e+10 1.15e+12    9   28     -1 0.00e+00 0.00e+00 0.00e+00 0.00e+00 0.00e+00 0.00e+00 0.00e+00 0.00e+00 
1.79e+10 1.51e+12    9   29     -1 0.00e+00 0.00e+00 0.00e+00 0.00e+00 0.00e+00 0.00e+00 0.00e+00 0.00e+00 
2.23e+10 3.50e+08   10    0     -1 0.00e+00 0.00e+00 0.00e+00 0.00e+00 0.00e+00 0.00e+00 0.00e+00 0.00e+00 
2.23e+10 8.08e+08   10    1     -1 0.00e+00 0.00e+00 0.00e+00 0.00e+00 0.00e+00 0.00e+00 0.00e+00 0.00e+00 
2.23e+10 1.06e+09   10    2     -1 0.00e+00 0.00e+00 0.00e+00 0.00e+00 0.00e+00 0.00e+00 0.00e+00 0.00e+00 
2.23e+10 1.38e+09   10    3     -1 0.00e+00 0.00e+00 0.00e+00 0.00e+00 0.00e+00 0.00e+00 0.00e+00 0.00e+00 
2.23e+10 1.81e+09   10    4     -1 0.00e+00 0.00e+00 0.00e+00 0.00e+00 0.00e+00 0.00e+00 0.00e+00 0.00e+00 
2.23e+10 2.37e+09   10    5     -1 0.00e+00 0.00e+00 0.00e+00 0.00e+00 0.00e+00 0.00e+00 0.00e+00 0.00e+00 
2.23e+10 3.10e+09   10    6     -1 0.00e+00 0.00e+00 0.00e+00 0.00e+00 0.00e+00 0.00e+00 0.00e+00 0.00e+00 
2.23e+10 4.06e+09   10    7     -1 0.00e+00 0.00e+00 0.00e+00 0.00e+00 0.00e+00 0.00e+00 0.00e+00 0.00e+00 
2.23e+10 5.31e+09   10    8      1 0.00e+00 0.00e+00 0.00e+00 0.00e+00 0.00e+00 0.00e+00 0.00e+00 0.00e+00 
2.23e+10 6.95e+09   10    9      1 0.00e+00 0.00e+00 0.00e+00 0.00e+00 0.00e+00 0.00e+00 0.00e+00 0.00e+00 
2.23e+10 9.10e+09   10   10      0 7.16e-12 3.41e-05 3.87e-01 6.13e-01 2.76e-05 1.50e-12 1.00e-20 1.00e-20 
2.23e+10 1.19e+10   10   11      0 2.69e-13 2.49e-06 9.22e-02 9.07e-01 7.45e-04 1.50e-09 1.00e-20 1.00e-20 
2.23e+10 1.56e+10   10   12      0 2.06e-14 3.47e-07 3.00e-02 9.66e-01 4.28e-03 6.83e-08 1.00e-20 1.00e-20 
2.23e+10 2.04e+10   10   13      0 2.53e-15 7.32e-08 1.25e-02 9.74e-01 1.36e-02 8.73e-07 1.00e-20 1.00e-20 
2.23e+10 2.67e+10   10   14      0 4.43e-16 1.93e-08 5.37e-03 9.63e-01 3.13e-02 6.58e-06 1.00e-20 1.00e-20 
2.23e+10 3.49e+10   10   15      0 9.37e-17 5.36e-09 2.24e-03 9.21e-01 7.68e-02 6.07e-05 1.00e-20 1.00e-20 
2.23e+10 4.57e+10   10   16      1 0.00e+00 0.00e+00 0.00e+00 0.00e+00 0.00e+00 0.00e+00 0.00e+00 0.00e+00 
2.23e+10 5.98e+10   10   17      1 0.00e+00 0.00e+00 0.00e+00 0.00e+00 0.00e+00 0.00e+00 0.00e+00 0.00e+00 
2.23e+10 7.83e+10   10   18     -1 0.00e+00 0.00e+00 0.00e+00 0.00e+00 0.00e+00 0.00e+00 0.00e+00 0.00e+00 
2.23e+10 1.02e+11   10   19     -1 0.00e+00 0.00e+00 0.00e+00 0.00e+00 0.00e+00 0.00e+00 0.00e+00 0.00e+00 
2.23e+10 1.34e+11   10   20     -1 0.00e+00 0.00e+00 0.00e+00 0.00e+00 0.00e+00 0.00e+00 0.00e+00 0.00e+00 
2.23e+10 1.76e+11   10   21     -1 0.00e+00 0.00e+00 0.00e+00 0.00e+00 0.00e+00 0.00e+00 0.00e+00 0.00e+00 
2.23e+10 2.30e+11   10   22     -1 0.00e+00 0.00e+00 0.00e+00 0.00e+00 0.00e+00 0.00e+00 0.00e+00 0.00e+00 
2.23e+10 3.01e+11   10   23     -1 0.00e+00 0.00e+00 0.00e+00 0.00e+00 0.00e+00 0.00e+00 0.00e+00 0.00e+00 
2.23e+10 3.94e+11   10   24     -1 0.00e+00 0.00e+00 0.00e+00 0.00e+00 0.00e+00 0.00e+00 0.00e+00 0.00e+00 
2.23e+10 5.15e+11   10   25     -1 0.00e+00 0.00e+00 0.00e+00 0.00e+00 0.00e+00 0.00e+00 0.00e+00 0.00e+00 
2.23e+10 6.74e+11   10   26     -1 0.00e+00 0.00e+00 0.00e+00 0.00e+00 0.00e+00 0.00e+00 0.00e+00 0.00e+00 
2.23e+10 8.82e+11   10   27     -1 0.00e+00 0.00e+00 0.00e+00 0.00e+00 0.00e+00 0.00e+00 0.00e+00 0.00e+00 
2.23e+10 1.15e+12   10   28     -1 0.00e+00 0.00e+00 0.00e+00 0.00e+00 0.00e+00 0.00e+00 0.00e+00 0.00e+00 
2.23e+10 1.51e+12   10   29     -1 0.00e+00 0.00e+00 0.00e+00 0.00e+00 0.00e+00 0.00e+00 0.00e+00 0.00e+00 
2.77e+10 3.50e+08   11    0     -1 0.00e+00 0.00e+00 0.00e+00 0.00e+00 0.00e+00 0.00e+00 0.00e+00 0.00e+00 
2.77e+10 8.08e+08   11    1     -1 0.00e+00 0.00e+00 0.00e+00 0.00e+00 0.00e+00 0.00e+00 0.00e+00 0.00e+00 
2.77e+10 1.06e+09   11    2     -1 0.00e+00 0.00e+00 0.00e+00 0.00e+00 0.00e+00 0.00e+00 0.00e+00 0.00e+00 
2.77e+10 1.38e+09   11    3     -1 0.00e+00 0.00e+00 0.00e+00 0.00e+00 0.00e+00 0.00e+00 0.00e+00 0.00e+00 
2.77e+10 1.81e+09   11    4     -1 0.00e+00 0.00e+00 0.00e+00 0.00e+00 0.00e+00 0.00e+00 0.00e+00 0.00e+00 
2.77e+10 2.37e+09   11    5     -1 0.00e+00 0.00e+00 0.00e+00 0.00e+00 0.00e+00 0.00e+00 0.00e+00 0.00e+00 
2.77e+10 3.10e+09   11    6     -1 0.00e+00 0.00e+00 0.00e+00 0.00e+00 0.00e+00 0.00e+00 0.00e+00 0.00e+00 
2.77e+10 4.06e+09   11    7     -1 0.00e+00 0.00e+00 0.00e+00 0.00e+00 0.00e+00 0.00e+00 0.00e+00 0.00e+00 
2.77e+10 5.31e+09   11    8     -1 0.00e+00 0.00e+00 0.00e+00 0.00e+00 0.00e+00 0.00e+00 0.00e+00 0.00e+00 
2.77e+10 6.95e+09   11    9      1 0.00e+00 0.00e+00 0.00e+00 0.00e+00 0.00e+00 0.00e+00 0.00e+00 0.00e+00 
2.77e+10 9.10e+09   11   10      1 0.00e+00 0.00e+00 0.00e+00 0.00e+00 0.00e+00 0.00e+00 0.00e+00 0.00e+00 
2.77e+10 1.19e+10   11   11      1 0.00e+00 0.00e+00 0.00e+00 0.00e+00 0.00e+00 0.00e+00 0.00e+00 0.00e+00 
2.77e+10 1.56e+10   11   12      0 6.93e-14 9.37e-07 5.50e-02 9.43e-01 1.59e-03 7.29e-09 1.00e-20 1.00e-20 
2.77e+10 2.04e+10   11   13      0 7.84e-15 1.80e-07 2.16e-02 9.72e-01 6.27e-03 1.45e-07 1.00e-20 1.00e-20 
2.77e+10 2.67e+10   11   14      0 1.22e-15 4.61e-08 1.01e-02 9.73e-01 1.65e-02 1.20e-06 1.00e-20 1.00e-20 
2.77e+10 3.49e+10   11   15      0 2.07e-16 1.23e-08 4.56e-03 9.58e-01 3.72e-02 8.29e-06 1.00e-20 1.00e-20 
2.77e+10 4.57e+10   11   16      0 3.24e-17 2.93e-09 1.91e-03 8.98e-01 9.98e-02 8.22e-05 1.00e-20 1.00e-20 
2.77e+10 5.98e+10   11   17      1 0.00e+00 0.00e+00 0.00e+00 0.00e+00 0.00e+00 0.00e+00 0.00e+00 0.00e+00 
2.77e+10 7.83e+10   11   18      1 0.00e+00 0.00e+00 0.00e+00 0.00e+00 0.00e+00 0.00e+00 0.00e+00 0.00e+00 
2.77e+10 1.02e+11   11   19     -1 0.00e+00 0.00e+00 0.00e+00 0.00e+00 0.00e+00 0.00e+00 0.00e+00 0.00e+00 
2.77e+10 1.34e+11   11   20     -1 0.00e+00 0.00e+00 0.00e+00 0.00e+00 0.00e+00 0.00e+00 0.00e+00 0.00e+00 
2.77e+10 1.76e+11   11   21     -1 0.00e+00 0.00e+00 0.00e+00 0.00e+00 0.00e+00 0.00e+00 0.00e+00 0.00e+00 
2.77e+10 2.30e+11   11   22     -1 0.00e+00 0.00e+00 0.00e+00 0.00e+00 0.00e+00 0.00e+00 0.00e+00 0.00e+00 
2.77e+10 3.01e+11   11   23     -1 0.00e+00 0.00e+00 0.00e+00 0.00e+00 0.00e+00 0.00e+00 0.00e+00 0.00e+00 
2.77e+10 3.94e+11   11   24     -1 0.00e+00 0.00e+00 0.00e+00 0.00e+00 0.00e+00 0.00e+00 0.00e+00 0.00e+00 
2.77e+10 5.15e+11   11   25     -1 0.00e+00 0.00e+00 0.00e+00 0.00e+00 0.00e+00 0.00e+00 0.00e+00 0.00e+00 
2.77e+10 6.74e+11   11   26     -1 0.00e+00 0.00e+00 0.00e+00 0.00e+00 0.00e+00 0.00e+00 0.00e+00 0.00e+00 
2.77e+10 8.82e+11   11   27     -1 0.00e+00 0.00e+00 0.00e+00 0.00e+00 0.00e+00 0.00e+00 0.00e+00 0.00e+00 
2.77e+10 1.15e+12   11   28     -1 0.00e+00 0.00e+00 0.00e+00 0.00e+00 0.00e+00 0.00e+00 0.00e+00 0.00e+00 
2.77e+10 1.51e+12   11   29     -1 0.00e+00 0.00e+00 0.00e+00 0.00e+00 0.00e+00 0.00e+00 0.00e+00 0.00e+00 
3.44e+10 3.50e+08   12    0     -1 0.00e+00 0.00e+00 0.00e+00 0.00e+00 0.00e+00 0.00e+00 0.00e+00 0.00e+00 
3.44e+10 8.08e+08   12    1     -1 0.00e+00 0.00e+00 0.00e+00 0.00e+00 0.00e+00 0.00e+00 0.00e+00 0.00e+00 
3.44e+10 1.06e+09   12    2     -1 0.00e+00 0.00e+00 0.00e+00 0.00e+00 0.00e+00 0.00e+00 0.00e+00 0.00e+00 
3.44e+10 1.38e+09   12    3     -1 0.00e+00 0.00e+00 0.00e+00 0.00e+00 0.00e+00 0.00e+00 0.00e+00 0.00e+00 
3.44e+10 1.81e+09   12    4     -1 0.00e+00 0.00e+00 0.00e+00 0.00e+00 0.00e+00 0.00e+00 0.00e+00 0.00e+00 
3.44e+10 2.37e+09   12    5     -1 0.00e+00 0.00e+00 0.00e+00 0.00e+00 0.00e+00 0.00e+00 0.00e+00 0.00e+00 
3.44e+10 3.10e+09   12    6     -1 0.00e+00 0.00e+00 0.00e+00 0.00e+00 0.00e+00 0.00e+00 0.00e+00 0.00e+00 
3.44e+10 4.06e+09   12    7     -1 0.00e+00 0.00e+00 0.00e+00 0.00e+00 0.00e+00 0.00e+00 0.00e+00 0.00e+00 
3.44e+10 5.31e+09   12    8     -1 0.00e+00 0.00e+00 0.00e+00 0.00e+00 0.00e+00 0.00e+00 0.00e+00 0.00e+00 
3.44e+10 6.95e+09   12    9     -1 0.00e+00 0.00e+00 0.00e+00 0.00e+00 0.00e+00 0.00e+00 0.00e+00 0.00e+00 
3.44e+10 9.10e+09   12   10     -1 0.00e+00 0.00e+00 0.00e+00 0.00e+00 0.00e+00 0.00e+00 0.00e+00 0.00e+00 
3.44e+10 1.19e+10   12   11      1 0.00e+00 0.00e+00 0.00e+00 0.00e+00 0.00e+00 0.00e+00 0.00e+00 0.00e+00 
3.44e+10 1.56e+10   12   12      1 0.00e+00 0.00e+00 0.00e+00 0.00e+00 0.00e+00 0.00e+00 0.00e+00 0.00e+00 
3.44e+10 2.04e+10   12   13      0 2.14e-14 4.06e-07 3.54e-02 9.62e-01 2.90e-03 2.53e-08 1.00e-20 1.00e-20 
3.44e+10 2.67e+10   12   14      0 3.74e-15 1.09e-07 1.70e-02 9.75e-01 8.40e-03 2.48e-07 1.00e-20 1.00e-20 
3.44e+10 3.49e+10   12   15      0 7.19e-16 3.29e-08 8.79e-03 9.72e-01 1.93e-02 1.51e-06 1.00e-20 1.00e-20 
3.44e+10 4.57e+10   12   16      0 1.13e-16 8.62e-09 4.09e-03 9.51e-01 4.45e-02 1.03e-05 1.00e-20 1.00e-20 
3.44e+10 5.98e+10   12   17      0 1.87e-17 2.14e-09 1.79e-03 8.76e-01 1.22e-01 1.00e-04 1.00e-20 1.00e-20 
3.44e+10 7.83e+10   12   18      1 0.00e+00 0.00e+00 0.00e+00 0.00e+00 0.00e+00 0.00e+00 0.00e+00 0.00e+00 
3.44e+10 1.02e+11   12   19      1 0.00e+00 0.00e+00 0.00e+00 0.00e+00 0.00e+00 0.00e+00 0.00e+00 0.00e+00 
3.44e+10 1.34e+11   12   20     -1 0.00e+00 0.00e+00 0.00e+00 0.00e+00 0.00e+00 0.00e+00 0.00e+00 0.00e+00 
3.44e+10 1.76e+11   12   21     -1 0.00e+00 0.00e+00 0.00e+00 0.00e+00 0.00e+00 0.00e+00 0.00e+00 0.00e+00 
3.44e+10 2.30e+11   12   22     -1 0.00e+00 0.00e+00 0.00e+00 0.00e+00 0.00e+00 0.00e+00 0.00e+00 0.00e+00 
3.44e+10 3.01e+11   12   23     -1 0.00e+00 0.00e+00 0.00e+00 0.00e+00 0.00e+00 0.00e+00 0.00e+00 0.00e+00 
3.44e+10 3.94e+11   12   24     -1 0.00e+00 0.00e+00 0.00e+00 0.00e+00 0.00e+00 0.00e+00 0.00e+00 0.00e+00 
3.44e+10 5.15e+11   12   25     -1 0.00e+00 0.00e+00 0.00e+00 0.00e+00 0.00e+00 0.00e+00 0.00e+00 0.00e+00 
3.44e+10 6.74e+11   12   26     -1 0.00e+00 0.00e+00 0.00e+00 0.00e+00 0.00e+00 0.00e+00 0.00e+00 0.00e+00 
3.44e+10 8.82e+11   12   27     -1 0.00e+00 0.00e+00 0.00e+00 0.00e+00 0.00e+00 0.00e+00 0.00e+00 0.00e+00 
3.44e+10 1.15e+12   12   28     -1 0.00e+00 0.00e+00 0.00e+00 0.00e+00 0.00e+00 0.00e+00 0.00e+00 0.00e+00 
3.44e+10 1.51e+12   12   29     -1 0.00e+00 0.00e+00 0.00e+00 0.00e+00 0.00e+00 0.00e+00 0.00e+00 0.00e+00 
4.28e+10 3.50e+08   13    0     -1 0.00e+00 0.00e+00 0.00e+00 0.00e+00 0.00e+00 0.00e+00 0.00e+00 0.00e+00 
4.28e+10 8.08e+08   13    1     -1 0.00e+00 0.00e+00 0.00e+00 0.00e+00 0.00e+00 0.00e+00 0.00e+00 0.00e+00 
4.28e+10 1.06e+09   13    2     -1 0.00e+00 0.00e+00 0.00e+00 0.00e+00 0.00e+00 0.00e+00 0.00e+00 0.00e+00 
4.28e+10 1.38e+09   13    3     -1 0.00e+00 0.00e+00 0.00e+00 0.00e+00 0.00e+00 0.00e+00 0.00e+00 0.00e+00 
4.28e+10 1.81e+09   13    4     -1 0.00e+00 0.00e+00 0.00e+00 0.00e+00 0.00e+00 0.00e+00 0.00e+00 0.00e+00 
4.28e+10 2.37e+09   13    5     -1 0.00e+00 0.00e+00 0.00e+00 0.00e+00 0.00e+00 0.00e+00 0.00e+00 0.00e+00 
4.28e+10 3.10e+09   13    6     -1 0.00e+00 0.00e+00 0.00e+00 0.00e+00 0.00e+00 0.00e+00 0.00e+00 0.00e+00 
4.28e+10 4.06e+09   13    7     -1 0.00e+00 0.00e+00 0.00e+00 0.00e+00 0.00e+00 0.00e+00 0.00e+00 0.00e+00 
4.28e+10 5.31e+09   13    8     -1 0.00e+00 0.00e+00 0.00e+00 0.00e+00 0.00e+00 0.00e+00 0.00e+00 0.00e+00 
4.28e+10 6.95e+09   13    9     -1 0.00e+00 0.00e+00 0.00e+00 0.00e+00 0.00e+00 0.00e+00 0.00e+00 0.00e+00 
4.28e+10 9.10e+09   13   10     -1 0.00e+00 0.00e+00 0.00e+00 0.00e+00 0.00e+00 0.00e+00 0.00e+00 0.00e+00 
4.28e+10 1.19e+10   13   11     -1 0.00e+00 0.00e+00 0.00e+00 0.00e+00 0.00e+00 0.00e+00 0.00e+00 0.00e+00 
4.28e+10 1.56e+10   13   12      1 0.00e+00 0.00e+00 0.00e+00 0.00e+00 0.00e+00 0.00e+00 0.00e+00 0.00e+00 
4.28e+10 2.04e+10   13   13      1 0.00e+00 0.00e+00 0.00e+00 0.00e+00 0.00e+00 0.00e+00 0.00e+00 0.00e+00 
4.28e+10 2.67e+10   13   14      0 9.31e-15 2.22e-07 2.59e-02 9.70e-01 4.52e-03 6.03e-08 1.00e-20 1.00e-20 
4.28e+10 3.49e+10   13   15      0 2.54e-15 8.20e-08 1.48e-02 9.75e-01 1.02e-02 3.31e-07 1.00e-20 1.00e-20 
4.28e+10 4.57e+10   13   16      0 5.63e-16 2.77e-08 8.19e-03 9.71e-01 2.12e-02 1.63e-06 1.00e-20 1.00e-20 
4.28e+10 5.98e+10   13   17      0 8.87e-17 7.32e-09 3.88e-03 9.46e-01 5.04e-02 1.16e-05 1.00e-20 1.00e-20 
4.28e+10 7.83e+10   13   18      0 1.78e-17 2.00e-09 1.75e-03 8.63e-01 1.35e-01 1.10e-04 1.00e-20 1.00e-20 
4.28e+10 1.02e+11   13   19      1 0.00e+00 0.00e+00 0.00e+00 0.00e+00 0.00e+00 0.00e+00 0.00e+00 0.00e+00 
4.28e+10 1.34e+11   13   20      1 0.00e+00 0.00e+00 0.00e+00 0.00e+00 0.00e+00 0.00e+00 0.00e+00 0.00e+00 
4.28e+10 1.76e+11   13   21     -1 0.00e+00 0.00e+00 0.00e+00 0.00e+00 0.00e+00 0.00e+00 0.00e+00 0.00e+00 
4.28e+10 2.30e+11   13   22     -1 0.00e+00 0.00e+00 0.00e+00 0.00e+00 0.00e+00 0.00e+00 0.00e+00 0.00e+00 
4.28e+10 3.01e+11   13   23     -1 0.00e+00 0.00e+00 0.00e+00 0.00e+00 0.00e+00 0.00e+00 0.00e+00 0.00e+00 
4.28e+10 3.94e+11   13   24     -1 0.00e+00 0.00e+00 0.00e+00 0.00e+00 0.00e+00 0.00e+00 0.00e+00 0.00e+00 
4.28e+10 5.15e+11   13   25     -1 0.00e+00 0.00e+00 0.00e+00 0.00e+00 0.00e+00 0.00e+00 0.00e+00 0.00e+00 
4.28e+10 6.74e+11   13   26     -1 0.00e+00 0.00e+00 0.00e+00 0.00e+00 0.00e+00 0.00e+00 0.00e+00 0.00e+00 
4.28e+10 8.82e+11   13   27     -1 0.00e+00 0.00e+00 0.00e+00 0.00e+00 0.00e+00 0.00e+00 0.00e+00 0.00e+00 
4.28e+10 1.15e+12   13   28     -1 0.00e+00 0.00e+00 0.00e+00 0.00e+00 0.00e+00 0.00e+00 0.00e+00 0.00e+00 
4.28e+10 1.51e+12   13   29     -1 0.00e+00 0.00e+00 0.00e+00 0.00e+00 0.00e+00 0.00e+00 0.00e+00 0.00e+00 
5.32e+10 3.50e+08   14    0     -1 0.00e+00 0.00e+00 0.00e+00 0.00e+00 0.00e+00 0.00e+00 0.00e+00 0.00e+00 
5.32e+10 8.08e+08   14    1     -1 0.00e+00 0.00e+00 0.00e+00 0.00e+00 0.00e+00 0.00e+00 0.00e+00 0.00e+00 
5.32e+10 1.06e+09   14    2     -1 0.00e+00 0.00e+00 0.00e+00 0.00e+00 0.00e+00 0.00e+00 0.00e+00 0.00e+00 
5.32e+10 1.38e+09   14    3     -1 0.00e+00 0.00e+00 0.00e+00 0.00e+00 0.00e+00 0.00e+00 0.00e+00 0.00e+00 
5.32e+10 1.81e+09   14    4     -1 0.00e+00 0.00e+00 0.00e+00 0.00e+00 0.00e+00 0.00e+00 0.00e+00 0.00e+00 
5.32e+10 2.37e+09   14    5     -1 0.00e+00 0.00e+00 0.00e+00 0.00e+00 0.00e+00 0.00e+00 0.00e+00 0.00e+00 
5.32e+10 3.10e+09   14    6     -1 0.00e+00 0.00e+00 0.00e+00 0.00e+00 0.00e+00 0.00e+00 0.00e+00 0.00e+00 
5.32e+10 4.06e+09   14    7     -1 0.00e+00 0.00e+00 0.00e+00 0.00e+00 0.00e+00 0.00e+00 0.00e+00 0.00e+00 
5.32e+10 5.31e+09   14    8     -1 0.00e+00 0.00e+00 0.00e+00 0.00e+00 0.00e+00 0.00e+00 0.00e+00 0.00e+00 
5.32e+10 6.95e+09   14    9     -1 0.00e+00 0.00e+00 0.00e+00 0.00e+00 0.00e+00 0.00e+00 0.00e+00 0.00e+00 
5.32e+10 9.10e+09   14   10     -1 0.00e+00 0.00e+00 0.00e+00 0.00e+00 0.00e+00 0.00e+00 0.00e+00 0.00e+00 
5.32e+10 1.19e+10   14   11     -1 0.00e+00 0.00e+00 0.00e+00 0.00e+00 0.00e+00 0.00e+00 0.00e+00 0.00e+00 
5.32e+10 1.56e+10   14   12     -1 0.00e+00 0.00e+00 0.00e+00 0.00e+00 0.00e+00 0.00e+00 0.00e+00 0.00e+00 
5.32e+10 2.04e+10   14   13      1 0.00e+00 0.00e+00 0.00e+00 0.00e+00 0.00e+00 0.00e+00 0.00e+00 0.00e+00 
5.32e+10 2.67e+10   14   14      1 0.00e+00 0.00e+00 0.00e+00 0.00e+00 0.00e+00 0.00e+00 0.00e+00 0.00e+00 
5.32e+10 3.49e+10   14   15      0 6.31e-15 1.61e-07 2.19e-02 9.72e-01 5.96e-03 9.71e-08 1.00e-20 1.00e-20 
5.32e+10 4.57e+10   14   16      0 2.23e-15 7.25e-08 1.39e-02 9.75e-01 1.14e-02 3.61e-07 1.00e-20 1.00e-20 
5.32e+10 5.98e+10   14   17      0 4.81e-16 2.44e-08 7.70e-03 9.69e-01 2.31e-02 1.74e-06 1.00e-20 1.00e-20 
5.32e+10 7.83e+10   14   18      0 8.29e-17 6.70e-09 3.70e-03 9.40e-01 5.61e-02 1.31e-05 1.00e-20 1.00e-20 
5.32e+10 1.02e+11   14   19      0 1.86e-17 1.94e-09 1.69e-03 8.51e-01 1.48e-01 1.20e-04 1.00e-20 1.00e-20 
5.32e+10 1.34e+11   14   20      1 0.00e+00 0.00e+00 0.00e+00 0.00e+00 0.00e+00 0.00e+00 0.00e+00 0.00e+00 
5.32e+10 1.76e+11   14   21      1 0.00e+00 0.00e+00 0.00e+00 0.00e+00 0.00e+00 0.00e+00 0.00e+00 0.00e+00 
5.32e+10 2.30e+11   14   22     -1 0.00e+00 0.00e+00 0.00e+00 0.00e+00 0.00e+00 0.00e+00 0.00e+00 0.00e+00 
5.32e+10 3.01e+11   14   23     -1 0.00e+00 0.00e+00 0.00e+00 0.00e+00 0.00e+00 0.00e+00 0.00e+00 0.00e+00 
5.32e+10 3.94e+11   14   24     -1 0.00e+00 0.00e+00 0.00e+00 0.00e+00 0.00e+00 0.00e+00 0.00e+00 0.00e+00 
5.32e+10 5.15e+11   14   25     -1 0.00e+00 0.00e+00 0.00e+00 0.00e+00 0.00e+00 0.00e+00 0.00e+00 0.00e+00 
5.32e+10 6.74e+11   14   26     -1 0.00e+00 0.00e+00 0.00e+00 0.00e+00 0.00e+00 0.00e+00 0.00e+00 0.00e+00 
5.32e+10 8.82e+11   14   27     -1 0.00e+00 0.00e+00 0.00e+00 0.00e+00 0.00e+00 0.00e+00 0.00e+00 0.00e+00 
5.32e+10 1.15e+12   14   28     -1 0.00e+00 0.00e+00 0.00e+00 0.00e+00 0.00e+00 0.00e+00 0.00e+00 0.00e+00 
5.32e+10 1.51e+12   14   29     -1 0.00e+00 0.00e+00 0.00e+00 0.00e+00 0.00e+00 0.00e+00 0.00e+00 0.00e+00 
6.62e+10 3.50e+08   15    0     -1 0.00e+00 0.00e+00 0.00e+00 0.00e+00 0.00e+00 0.00e+00 0.00e+00 0.00e+00 
6.62e+10 8.08e+08   15    1     -1 0.00e+00 0.00e+00 0.00e+00 0.00e+00 0.00e+00 0.00e+00 0.00e+00 0.00e+00 
6.62e+10 1.06e+09   15    2     -1 0.00e+00 0.00e+00 0.00e+00 0.00e+00 0.00e+00 0.00e+00 0.00e+00 0.00e+00 
6.62e+10 1.38e+09   15    3     -1 0.00e+00 0.00e+00 0.00e+00 0.00e+00 0.00e+00 0.00e+00 0.00e+00 0.00e+00 
6.62e+10 1.81e+09   15    4     -1 0.00e+00 0.00e+00 0.00e+00 0.00e+00 0.00e+00 0.00e+00 0.00e+00 0.00e+00 
6.62e+10 2.37e+09   15    5     -1 0.00e+00 0.00e+00 0.00e+00 0.00e+00 0.00e+00 0.00e+00 0.00e+00 0.00e+00 
6.62e+10 3.10e+09   15    6     -1 0.00e+00 0.00e+00 0.00e+00 0.00e+00 0.00e+00 0.00e+00 0.00e+00 0.00e+00 
6.62e+10 4.06e+09   15    7     -1 0.00e+00 0.00e+00 0.00e+00 0.00e+00 0.00e+00 0.00e+00 0.00e+00 0.00e+00 
6.62e+10 5.31e+09   15    8     -1 0.00e+00 0.00e+00 0.00e+00 0.00e+00 0.00e+00 0.00e+00 0.00e+00 0.00e+00 
6.62e+10 6.95e+09   15    9     -1 0.00e+00 0.00e+00 0.00e+00 0.00e+00 0.00e+00 0.00e+00 0.00e+00 0.00e+00 
6.62e+10 9.10e+09   15   10     -1 0.00e+00 0.00e+00 0.00e+00 0.00e+00 0.00e+00 0.00e+00 0.00e+00 0.00e+00 
6.62e+10 1.19e+10   15   11     -1 0.00e+00 0.00e+00 0.00e+00 0.00e+00 0.00e+00 0.00e+00 0.00e+00 0.00e+00 
6.62e+10 1.56e+10   15   12     -1 0.00e+00 0.00e+00 0.00e+00 0.00e+00 0.00e+00 0.00e+00 0.00e+00 0.00e+00 
6.62e+10 2.04e+10   15   13     -1 0.00e+00 0.00e+00 0.00e+00 0.00e+00 0.00e+00 0.00e+00 0.00e+00 0.00e+00 
6.62e+10 2.67e+10   15   14      1 0.00e+00 0.00e+00 0.00e+00 0.00e+00 0.00e+00 0.00e+00 0.00e+00 0.00e+00 
6.62e+10 3.49e+10   15   15      1 0.00e+00 0.00e+00 0.00e+00 0.00e+00 0.00e+00 0.00e+00 0.00e+00 0.00e+00 
6.62e+10 4.57e+10   15   16      0 5.13e-15 1.33e-07 1.96e-02 9.73e-01 7.33e-03 1.29e-07 1.00e-20 1.00e-20 
6.62e+10 5.98e+10   15   17      0 1.96e-15 6.44e-08 1.31e-02 9.74e-01 1.31e-02 4.08e-07 1.00e-20 1.00e-20 
6.62e+10 7.83e+10   15   18      0 4.20e-16 2.17e-08 7.26e-03 9.67e-01 2.54e-02 1.90e-06 1.00e-20 1.00e-20 
6.62e+10 1.02e+11   15   19      0 7.86e-17 6.14e-09 3.49e-03 9.33e-01 6.33e-02 1.54e-05 1.00e-20 1.00e-20 
6.62e+10 1.34e+11   15   20      0 1.94e-17 1.89e-09 1.63e-03 8.36e-01 1.62e-01 1.30e-04 1.00e-20 1.00e-20 
6.62e+10 1.76e+11   15   21      1 0.00e+00 0.00e+00 0.00e+00 0.00e+00 0.00e+00 0.00e+00 0.00e+00 0.00e+00 
6.62e+10 2.30e+11   15   22     -1 0.00e+00 0.00e+00 0.00e+00 0.00e+00 0.00e+00 0.00e+00 0.00e+00 0.00e+00 
6.62e+10 3.01e+11   15   23     -1 0.00e+00 0.00e+00 0.00e+00 0.00e+00 0.00e+00 0.00e+00 0.00e+00 0.00e+00 
6.62e+10 3.94e+11   15   24     -1 0.00e+00 0.00e+00 0.00e+00 0.00e+00 0.00e+00 0.00e+00 0.00e+00 0.00e+00 
6.62e+10 5.15e+11   15   25     -1 0.00e+00 0.00e+00 0.00e+00 0.00e+00 0.00e+00 0.00e+00 0.00e+00 0.00e+00 
6.62e+10 6.74e+11   15   26     -1 0.00e+00 0.00e+00 0.00e+00 0.00e+00 0.00e+00 0.00e+00 0.00e+00 0.00e+00 
6.62e+10 8.82e+11   15   27     -1 0.00e+00 0.00e+00 0.00e+00 0.00e+00 0.00e+00 0.00e+00 0.00e+00 0.00e+00 
6.62e+10 1.15e+12   15   28     -1 0.00e+00 0.00e+00 0.00e+00 0.00e+00 0.00e+00 0.00e+00 0.00e+00 0.00e+00 
6.62e+10 1.51e+12   15   29     -1 0.00e+00 0.00e+00 0.00e+00 0.00e+00 0.00e+00 0.00e+00 0.00e+00 0.00e+00 
8.23e+10 3.50e+08   16    0     -1 0.00e+00 0.00e+00 0.00e+00 0.00e+00 0.00e+00 0.00e+00 0.00e+00 0.00e+00 
8.23e+10 8.08e+08   16    1     -1 0.00e+00 0.00e+00 0.00e+00 0.00e+00 0.00e+00 0.00e+00 0.00e+00 0.00e+00 
8.23e+10 1.06e+09   16    2     -1 0.00e+00 0.00e+00 0.00e+00 0.00e+00 0.00e+00 0.00e+00 0.00e+00 0.00e+00 
8.23e+10 1.38e+09   16    3     -1 0.00e+00 0.00e+00 0.00e+00 0.00e+00 0.00e+00 0.00e+00 0.00e+00 0.00e+00 
8.23e+10 1.81e+09   16    4     -1 0.00e+00 0.00e+00 0.00e+00 0.00e+00 0.00e+00 0.00e+00 0.00e+00 0.00e+00 
8.23e+10 2.37e+09   16    5     -1 0.00e+00 0.00e+00 0.00e+00 0.00e+00 0.00e+00 0.00e+00 0.00e+00 0.00e+00 
8.23e+10 3.10e+09   16    6     -1 0.00e+00 0.00e+00 0.00e+00 0.00e+00 0.00e+00 0.00e+00 0.00e+00 0.00e+00 
8.23e+10 4.06e+09   16    7     -1 0.00e+00 0.00e+00 0.00e+00 0.00e+00 0.00e+00 0.00e+00 0.00e+00 0.00e+00 
8.23e+10 5.31e+09   16    8     -1 0.00e+00 0.00e+00 0.00e+00 0.00e+00 0.00e+00 0.00e+00 0.00e+00 0.00e+00 
8.23e+10 6.95e+09   16    9     -1 0.00e+00 0.00e+00 0.00e+00 0.00e+00 0.00e+00 0.00e+00 0.00e+00 0.00e+00 
8.23e+10 9.10e+09   16   10     -1 0.00e+00 0.00e+00 0.00e+00 0.00e+00 0.00e+00 0.00e+00 0.00e+00 0.00e+00 
8.23e+10 1.19e+10   16   11     -1 0.00e+00 0.00e+00 0.00e+00 0.00e+00 0.00e+00 0.00e+00 0.00e+00 0.00e+00 
8.23e+10 1.56e+10   16   12     -1 0.00e+00 0.00e+00 0.00e+00 0.00e+00 0.00e+00 0.00e+00 0.00e+00 0.00e+00 
8.23e+10 2.04e+10   16   13     -1 0.00e+00 0.00e+00 0.00e+00 0.00e+00 0.00e+00 0.00e+00 0.00e+00 0.00e+00 
8.23e+10 2.67e+10   16   14     -1 0.00e+00 0.00e+00 0.00e+00 0.00e+00 0.00e+00 0.00e+00 0.00e+00 0.00e+00 
8.23e+10 3.49e+10   16   15      1 0.00e+00 0.00e+00 0.00e+00 0.00e+00 0.00e+00 0.00e+00 0.00e+00 0.00e+00 
8.23e+10 4.57e+10   16   16      0 1.03e-14 2.22e-07 2.61e-02 9.69e-01 4.98e-03 5.21e-08 1.00e-20 1.00e-20 
8.23e+10 5.98e+10   16   17      0 4.42e-15 1.16e-07 1.81e-02 9.73e-01 8.74e-03 1.55e-07 1.00e-20 1.00e-20 
8.23e+10 7.83e+10   16   18      0 1.72e-15 5.79e-08 1.22e-02 9.73e-01 1.50e-02 4.57e-07 1.00e-20 1.00e-20 
8.23e+10 1.02e+11   16   19      0 3.72e-16 1.96e-08 6.84e-03 9.65e-01 2.85e-02 2.14e-06 1.00e-20 1.00e-20 
8.23e+10 1.34e+11   16   20      0 7.48e-17 5.66e-09 3.27e-03 9.24e-01 7.29e-02 1.86e-05 1.00e-20 1.00e-20 
8.23e+10 1.76e+11   16   21      1 0.00e+00 0.00e+00 0.00e+00 0.00e+00 0.00e+00 0.00e+00 0.00e+00 0.00e+00 
8.23e+10 2.30e+11   16   22      1 0.00e+00 0.00e+00 0.00e+00 0.00e+00 0.00e+00 0.00e+00 0.00e+00 0.00e+00 
8.23e+10 3.01e+11   16   23     -1 0.00e+00 0.00e+00 0.00e+00 0.00e+00 0.00e+00 0.00e+00 0.00e+00 0.00e+00 
8.23e+10 3.94e+11   16   24     -1 0.00e+00 0.00e+00 0.00e+00 0.00e+00 0.00e+00 0.00e+00 0.00e+00 0.00e+00 
8.23e+10 5.15e+11   16   25     -1 0.00e+00 0.00e+00 0.00e+00 0.00e+00 0.00e+00 0.00e+00 0.00e+00 0.00e+00 
8.23e+10 6.74e+11   16   26     -1 0.00e+00 0.00e+00 0.00e+00 0.00e+00 0.00e+00 0.00e+00 0.00e+00 0.00e+00 
8.23e+10 8.82e+11   16   27     -1 0.00e+00 0.00e+00 0.00e+00 0.00e+00 0.00e+00 0.00e+00 0.00e+00 0.00e+00 
8.23e+10 1.15e+12   16   28     -1 0.00e+00 0.00e+00 0.00e+00 0.00e+00 0.00e+00 0.00e+00 0.00e+00 0.00e+00 
8.23e+10 1.51e+12   16   29     -1 0.00e+00 0.00e+00 0.00e+00 0.00e+00 0.00e+00 0.00e+00 0.00e+00 0.00e+00 
1.02e+11 3.50e+08   17    0     -1 0.00e+00 0.00e+00 0.00e+00 0.00e+00 0.00e+00 0.00e+00 0.00e+00 0.00e+00 
1.02e+11 8.08e+08   17    1     -1 0.00e+00 0.00e+00 0.00e+00 0.00e+00 0.00e+00 0.00e+00 0.00e+00 0.00e+00 
1.02e+11 1.06e+09   17    2     -1 0.00e+00 0.00e+00 0.00e+00 0.00e+00 0.00e+00 0.00e+00 0.00e+00 0.00e+00 
1.02e+11 1.38e+09   17    3     -1 0.00e+00 0.00e+00 0.00e+00 0.00e+00 0.00e+00 0.00e+00 0.00e+00 0.00e+00 
1.02e+11 1.81e+09   17    4     -1 0.00e+00 0.00e+00 0.00e+00 0.00e+00 0.00e+00 0.00e+00 0.00e+00 0.00e+00 
1.02e+11 2.37e+09   17    5     -1 0.00e+00 0.00e+00 0.00e+00 0.00e+00 0.00e+00 0.00e+00 0.00e+00 0.00e+00 
1.02e+11 3.10e+09   17    6     -1 0.00e+00 0.00e+00 0.00e+00 0.00e+00 0.00e+00 0.00e+00 0.00e+00 0.00e+00 
1.02e+11 4.06e+09   17    7     -1 0.00e+00 0.00e+00 0.00e+00 0.00e+00 0.00e+00 0.00e+00 0.00e+00 0.00e+00 
1.02e+11 5.31e+09   17    8     -1 0.00e+00 0.00e+00 0.00e+00 0.00e+00 0.00e+00 0.00e+00 0.00e+00 0.00e+00 
1.02e+11 6.95e+09   17    9     -1 0.00e+00 0.00e+00 0.00e+00 0.00e+00 0.00e+00 0.00e+00 0.00e+00 0.00e+00 
1.02e+11 9.10e+09   17   10     -1 0.00e+00 0.00e+00 0.00e+00 0.00e+00 0.00e+00 0.00e+00 0.00e+00 0.00e+00 
1.02e+11 1.19e+10   17   11     -1 0.00e+00 0.00e+00 0.00e+00 0.00e+00 0.00e+00 0.00e+00 0.00e+00 0.00e+00 
1.02e+11 1.56e+10   17   12     -1 0.00e+00 0.00e+00 0.00e+00 0.00e+00 0.00e+00 0.00e+00 0.00e+00 0.00e+00 
1.02e+11 2.04e+10   17   13     -1 0.00e+00 0.00e+00 0.00e+00 0.00e+00 0.00e+00 0.00e+00 0.00e+00 0.00e+00 
1.02e+11 2.67e+10   17   14     -1 0.00e+00 0.00e+00 0.00e+00 0.00e+00 0.00e+00 0.00e+00 0.00e+00 0.00e+00 
1.02e+11 3.49e+10   17   15      1 0.00e+00 0.00e+00 0.00e+00 0.00e+00 0.00e+00 0.00e+00 0.00e+00 0.00e+00 
1.02e+11 4.57e+10   17   16      1 0.00e+00 0.00e+00 0.00e+00 0.00e+00 0.00e+00 0.00e+00 0.00e+00 0.00e+00 
1.02e+11 5.98e+10   17   17      0 8.51e-15 1.88e-07 2.36e-02 9.70e-01 6.25e-03 7.04e-08 1.00e-20 1.00e-20 
1.02e+11 7.83e+10   17   18      0 4.13e-15 1.10e-07 1.72e-02 9.73e-01 1.01e-02 1.68e-07 1.00e-20 1.00e-20 
1.02e+11 1.02e+11   17   19      0 1.49e-15 5.24e-08 1.15e-02 9.72e-01 1.69e-02 5.06e-07 1.00e-20 1.00e-20 
1.02e+11 1.34e+11   17   20      0 3.33e-16 1.78e-08 6.43e-03 9.61e-01 3.23e-02 2.48e-06 1.00e-20 1.00e-20 
1.02e+11 1.76e+11   17   21      0 7.09e-17 5.21e-09 3.05e-03 9.11e-01 8.57e-02 2.32e-05 1.00e-20 1.00e-20 
1.02e+11 2.30e+11   17   22      1 0.00e+00 0.00e+00 0.00e+00 0.00e+00 0.00e+00 0.00e+00 0.00e+00 0.00e+00 
1.02e+11 3.01e+11   17   23      1 0.00e+00 0.00e+00 0.00e+00 0.00e+00 0.00e+00 0.00e+00 0.00e+00 0.00e+00 
1.02e+11 3.94e+11   17   24     -1 0.00e+00 0.00e+00 0.00e+00 0.00e+00 0.00e+00 0.00e+00 0.00e+00 0.00e+00 
1.02e+11 5.15e+11   17   25     -1 0.00e+00 0.00e+00 0.00e+00 0.00e+00 0.00e+00 0.00e+00 0.00e+00 0.00e+00 
1.02e+11 6.74e+11   17   26     -1 0.00e+00 0.00e+00 0.00e+00 0.00e+00 0.00e+00 0.00e+00 0.00e+00 0.00e+00 
1.02e+11 8.82e+11   17   27     -1 0.00e+00 0.00e+00 0.00e+00 0.00e+00 0.00e+00 0.00e+00 0.00e+00 0.00e+00 
1.02e+11 1.15e+12   17   28     -1 0.00e+00 0.00e+00 0.00e+00 0.00e+00 0.00e+00 0.00e+00 0.00e+00 0.00e+00 
1.02e+11 1.51e+12   17   29     -1 0.00e+00 0.00e+00 0.00e+00 0.00e+00 0.00e+00 0.00e+00 0.00e+00 0.00e+00 
1.27e+11 3.50e+08   18    0     -1 0.00e+00 0.00e+00 0.00e+00 0.00e+00 0.00e+00 0.00e+00 0.00e+00 0.00e+00 
1.27e+11 8.08e+08   18    1     -1 0.00e+00 0.00e+00 0.00e+00 0.00e+00 0.00e+00 0.00e+00 0.00e+00 0.00e+00 
1.27e+11 1.06e+09   18    2     -1 0.00e+00 0.00e+00 0.00e+00 0.00e+00 0.00e+00 0.00e+00 0.00e+00 0.00e+00 
1.27e+11 1.38e+09   18    3     -1 0.00e+00 0.00e+00 0.00e+00 0.00e+00 0.00e+00 0.00e+00 0.00e+00 0.00e+00 
1.27e+11 1.81e+09   18    4     -1 0.00e+00 0.00e+00 0.00e+00 0.00e+00 0.00e+00 0.00e+00 0.00e+00 0.00e+00 
1.27e+11 2.37e+09   18    5     -1 0.00e+00 0.00e+00 0.00e+00 0.00e+00 0.00e+00 0.00e+00 0.00e+00 0.00e+00 
1.27e+11 3.10e+09   18    6     -1 0.00e+00 0.00e+00 0.00e+00 0.00e+00 0.00e+00 0.00e+00 0.00e+00 0.00e+00 
1.27e+11 4.06e+09   18    7     -1 0.00e+00 0.00e+00 0.00e+00 0.00e+00 0.00e+00 0.00e+00 0.00e+00 0.00e+00 
1.27e+11 5.31e+09   18    8     -1 0.00e+00 0.00e+00 0.00e+00 0.00e+00 0.00e+00 0.00e+00 0.00e+00 0.00e+00 
1.27e+11 6.95e+09   18    9     -1 0.00e+00 0.00e+00 0.00e+00 0.00e+00 0.00e+00 0.00e+00 0.00e+00 0.00e+00 
1.27e+11 9.10e+09   18   10     -1 0.00e+00 0.00e+00 0.00e+00 0.00e+00 0.00e+00 0.00e+00 0.00e+00 0.00e+00 
1.27e+11 1.19e+10   18   11     -1 0.00e+00 0.00e+00 0.00e+00 0.00e+00 0.00e+00 0.00e+00 0.00e+00 0.00e+00 
1.27e+11 1.56e+10   18   12     -1 0.00e+00 0.00e+00 0.00e+00 0.00e+00 0.00e+00 0.00e+00 0.00e+00 0.00e+00 
1.27e+11 2.04e+10   18   13     -1 0.00e+00 0.00e+00 0.00e+00 0.00e+00 0.00e+00 0.00e+00 0.00e+00 0.00e+00 
1.27e+11 2.67e+10   18   14     -1 0.00e+00 0.00e+00 0.00e+00 0.00e+00 0.00e+00 0.00e+00 0.00e+00 0.00e+00 
1.27e+11 3.49e+10   18   15     -1 0.00e+00 0.00e+00 0.00e+00 0.00e+00 0.00e+00 0.00e+00 0.00e+00 0.00e+00 
1.27e+11 4.57e+10   18   16      1 0.00e+00 0.00e+00 0.00e+00 0.00e+00 0.00e+00 0.00e+00 0.00e+00 0.00e+00 
1.27e+11 5.98e+10   18   17      1 0.00e+00 0.00e+00 0.00e+00 0.00e+00 0.00e+00 0.00e+00 0.00e+00 0.00e+00 
1.27e+11 7.83e+10   18   18      0 7.47e-15 1.70e-07 2.19e-02 9.71e-01 7.41e-03 8.41e-08 1.00e-20 1.00e-20 
1.27e+11 1.02e+11   18   19      0 3.72e-15 1.02e-07 1.62e-02 9.72e-01 1.14e-02 1.84e-07 1.00e-20 1.00e-20 
1.27e+11 1.34e+11   18   20      0 1.33e-15 4.86e-08 1.08e-02 9.70e-01 1.88e-02 5.51e-07 1.00e-20 1.00e-20 
1.27e+11 1.76e+11   18   21      0 3.03e-16 1.63e-08 6.01e-03 9.57e-01 3.74e-02 3.00e-06 1.00e-20 1.00e-20 
1.27e+11 2.30e+11   18   22      0 6.63e-17 4.76e-09 2.78e-03 8.94e-01 1.03e-01 3.03e-05 1.00e-20 1.00e-20 
1.27e+11 3.01e+11   18   23      1 0.00e+00 0.00e+00 0.00e+00 0.00e+00 0.00e+00 0.00e+00 0.00e+00 0.00e+00 
1.27e+11 3.94e+11   18   24      1 0.00e+00 0.00e+00 0.00e+00 0.00e+00 0.00e+00 0.00e+00 0.00e+00 0.00e+00 
1.27e+11 5.15e+11   18   25     -1 0.00e+00 0.00e+00 0.00e+00 0.00e+00 0.00e+00 0.00e+00 0.00e+00 0.00e+00 
1.27e+11 6.74e+11   18   26     -1 0.00e+00 0.00e+00 0.00e+00 0.00e+00 0.00e+00 0.00e+00 0.00e+00 0.00e+00 
1.27e+11 8.82e+11   18   27     -1 0.00e+00 0.00e+00 0.00e+00 0.00e+00 0.00e+00 0.00e+00 0.00e+00 0.00e+00 
1.27e+11 1.15e+12   18   28     -1 0.00e+00 0.00e+00 0.00e+00 0.00e+00 0.00e+00 0.00e+00 0.00e+00 0.00e+00 
1.27e+11 1.51e+12   18   29     -1 0.00e+00 0.00e+00 0.00e+00 0.00e+00 0.00e+00 0.00e+00 0.00e+00 0.00e+00 
1.58e+11 3.50e+08   19    0     -1 0.00e+00 0.00e+00 0.00e+00 0.00e+00 0.00e+00 0.00e+00 0.00e+00 0.00e+00 
1.58e+11 8.08e+08   19    1     -1 0.00e+00 0.00e+00 0.00e+00 0.00e+00 0.00e+00 0.00e+00 0.00e+00 0.00e+00 
1.58e+11 1.06e+09   19    2     -1 0.00e+00 0.00e+00 0.00e+00 0.00e+00 0.00e+00 0.00e+00 0.00e+00 0.00e+00 
1.58e+11 1.38e+09   19    3     -1 0.00e+00 0.00e+00 0.00e+00 0.00e+00 0.00e+00 0.00e+00 0.00e+00 0.00e+00 
1.58e+11 1.81e+09   19    4     -1 0.00e+00 0.00e+00 0.00e+00 0.00e+00 0.00e+00 0.00e+00 0.00e+00 0.00e+00 
1.58e+11 2.37e+09   19    5     -1 0.00e+00 0.00e+00 0.00e+00 0.00e+00 0.00e+00 0.00e+00 0.00e+00 0.00e+00 
1.58e+11 3.10e+09   19    6     -1 0.00e+00 0.00e+00 0.00e+00 0.00e+00 0.00e+00 0.00e+00 0.00e+00 0.00e+00 
1.58e+11 4.06e+09   19    7     -1 0.00e+00 0.00e+00 0.00e+00 0.00e+00 0.00e+00 0.00e+00 0.00e+00 0.00e+00 
1.58e+11 5.31e+09   19    8     -1 0.00e+00 0.00e+00 0.00e+00 0.00e+00 0.00e+00 0.00e+00 0.00e+00 0.00e+00 
1.58e+11 6.95e+09   19    9     -1 0.00e+00 0.00e+00 0.00e+00 0.00e+00 0.00e+00 0.00e+00 0.00e+00 0.00e+00 
1.58e+11 9.10e+09   19   10     -1 0.00e+00 0.00e+00 0.00e+00 0.00e+00 0.00e+00 0.00e+00 0.00e+00 0.00e+00 
1.58e+11 1.19e+10   19   11     -1 0.00e+00 0.00e+00 0.00e+00 0.00e+00 0.00e+00 0.00e+00 0.00e+00 0.00e+00 
1.58e+11 1.56e+10   19   12     -1 0.00e+00 0.00e+00 0.00e+00 0.00e+00 0.00e+00 0.00e+00 0.00e+00 0.00e+00 
1.58e+11 2.04e+10   19   13     -1 0.00e+00 0.00e+00 0.00e+00 0.00e+00 0.00e+00 0.00e+00 0.00e+00 0.00e+00 
1.58e+11 2.67e+10   19   14     -1 0.00e+00 0.00e+00 0.00e+00 0.00e+00 0.00e+00 0.00e+00 0.00e+00 0.00e+00 
1.58e+11 3.49e+10   19   15     -1 0.00e+00 0.00e+00 0.00e+00 0.00e+00 0.00e+00 0.00e+00 0.00e+00 0.00e+00 
1.58e+11 4.57e+10   19   16     -1 0.00e+00 0.00e+00 0.00e+00 0.00e+00 0.00e+00 0.00e+00 0.00e+00 0.00e+00 
1.58e+11 5.98e+10   19   17      1 0.00e+00 0.00e+00 0.00e+00 0.00e+00 0.00e+00 0.00e+00 0.00e+00 0.00e+00 
1.58e+11 7.83e+10   19   18      1 0.00e+00 0.00e+00 0.00e+00 0.00e+00 0.00e+00 0.00e+00 0.00e+00 0.00e+00 
1.58e+11 1.02e+11   19   19      0 7.16e-15 1.65e-07 2.07e-02 9.71e-01 8.39e-03 9.02e-08 1.00e-20 1.00e-20 
1.58e+11 1.34e+11   19   20      0 3.41e-15 9.71e-08 1.52e-02 9.72e-01 1.24e-02 1.93e-07 1.00e-20 1.00e-20 
1.58e+11 1.76e+11   19   21      0 1.19e-15 4.53e-08 1.02e-02 9.69e-01 2.04e-02 5.98e-07 1.00e-20 1.00e-20 
1.58e+11 2.30e+11   19   22      0 2.67e-16 1.46e-08 5.49e-03 9.50e-01 4.43e-02 3.90e-06 1.00e-20 1.00e-20 
1.58e+11 3.01e+11   19   23      0 5.98e-17 4.26e-09 2.49e-03 8.73e-01 1.24e-01 4.08e-05 1.00e-20 1.00e-20 
1.58e+11 3.94e+11   19   24      1 0.00e+00 0.00e+00 0.00e+00 0.00e+00 0.00e+00 0.00e+00 0.00e+00 0.00e+00 
1.58e+11 5.15e+11   19   25      1 0.00e+00 0.00e+00 0.00e+00 0.00e+00 0.00e+00 0.00e+00 0.00e+00 0.00e+00 
1.58e+11 6.74e+11   19   26     -1 0.00e+00 0.00e+00 0.00e+00 0.00e+00 0.00e+00 0.00e+00 0.00e+00 0.00e+00 
1.58e+11 8.82e+11   19   27     -1 0.00e+00 0.00e+00 0.00e+00 0.00e+00 0.00e+00 0.00e+00 0.00e+00 0.00e+00 
1.58e+11 1.15e+12   19   28     -1 0.00e+00 0.00e+00 0.00e+00 0.00e+00 0.00e+00 0.00e+00 0.00e+00 0.00e+00 
1.58e+11 1.51e+12   19   29     -1 0.00e+00 0.00e+00 0.00e+00 0.00e+00 0.00e+00 0.00e+00 0.00e+00 0.00e+00 
1.97e+11 3.50e+08   20    0     -1 0.00e+00 0.00e+00 0.00e+00 0.00e+00 0.00e+00 0.00e+00 0.00e+00 0.00e+00 
1.97e+11 8.08e+08   20    1     -1 0.00e+00 0.00e+00 0.00e+00 0.00e+00 0.00e+00 0.00e+00 0.00e+00 0.00e+00 
1.97e+11 1.06e+09   20    2     -1 0.00e+00 0.00e+00 0.00e+00 0.00e+00 0.00e+00 0.00e+00 0.00e+00 0.00e+00 
1.97e+11 1.38e+09   20    3     -1 0.00e+00 0.00e+00 0.00e+00 0.00e+00 0.00e+00 0.00e+00 0.00e+00 0.00e+00 
1.97e+11 1.81e+09   20    4     -1 0.00e+00 0.00e+00 0.00e+00 0.00e+00 0.00e+00 0.00e+00 0.00e+00 0.00e+00 
1.97e+11 2.37e+09   20    5     -1 0.00e+00 0.00e+00 0.00e+00 0.00e+00 0.00e+00 0.00e+00 0.00e+00 0.00e+00 
1.97e+11 3.10e+09   20    6     -1 0.00e+00 0.00e+00 0.00e+00 0.00e+00 0.00e+00 0.00e+00 0.00e+00 0.00e+00 
1.97e+11 4.06e+09   20    7     -1 0.00e+00 0.00e+00 0.00e+00 0.00e+00 0.00e+00 0.00e+00 0.00e+00 0.00e+00 
1.97e+11 5.31e+09   20    8     -1 0.00e+00 0.00e+00 0.00e+00 0.00e+00 0.00e+00 0.00e+00 0.00e+00 0.00e+00 
1.97e+11 6.95e+09   20    9     -1 0.00e+00 0.00e+00 0.00e+00 0.00e+00 0.00e+00 0.00e+00 0.00e+00 0.00e+00 
1.97e+11 9.10e+09   20   10     -1 0.00e+00 0.00e+00 0.00e+00 0.00e+00 0.00e+00 0.00e+00 0.00e+00 0.00e+00 
1.97e+11 1.19e+10   20   11     -1 0.00e+00 0.00e+00 0.00e+00 0.00e+00 0.00e+00 0.00e+00 0.00e+00 0.00e+00 
1.97e+11 1.56e+10   20   12     -1 0.00e+00 0.00e+00 0.00e+00 0.00e+00 0.00e+00 0.00e+00 0.00e+00 0.00e+00 
1.97e+11 2.04e+10   20   13     -1 0.00e+00 0.00e+00 0.00e+00 0.00e+00 0.00e+00 0.00e+00 0.00e+00 0.00e+00 
1.97e+11 2.67e+10   20   14     -1 0.00e+00 0.00e+00 0.00e+00 0.00e+00 0.00e+00 0.00e+00 0.00e+00 0.00e+00 
1.97e+11 3.49e+10   20   15     -1 0.00e+00 0.00e+00 0.00e+00 0.00e+00 0.00e+00 0.00e+00 0.00e+00 0.00e+00 
1.97e+11 4.57e+10   20   16     -1 0.00e+00 0.00e+00 0.00e+00 0.00e+00 0.00e+00 0.00e+00 0.00e+00 0.00e+00 
1.97e+11 5.98e+10   20   17     -1 0.00e+00 0.00e+00 0.00e+00 0.00e+00 0.00e+00 0.00e+00 0.00e+00 0.00e+00 
1.97e+11 7.83e+10   20   18      1 0.00e+00 0.00e+00 0.00e+00 0.00e+00 0.00e+00 0.00e+00 0.00e+00 0.00e+00 
1.97e+11 1.02e+11   20   19      1 0.00e+00 0.00e+00 0.00e+00 0.00e+00 0.00e+00 0.00e+00 0.00e+00 0.00e+00 
1.97e+11 1.34e+11   20   20      0 6.54e-15 1.56e-07 1.94e-02 9.72e-01 9.11e-03 9.60e-08 1.00e-20 1.00e-20 
1.97e+11 1.76e+11   20   21      0 3.28e-15 9.54e-08 1.45e-02 9.73e-01 1.30e-02 1.92e-07 1.00e-20 1.00e-20 
1.97e+11 2.30e+11   20   22      0 1.05e-15 4.14e-08 9.46e-03 9.68e-01 2.25e-02 6.85e-07 1.00e-20 1.00e-20 
1.97e+11 3.01e+11   20   23      0 2.34e-16 1.29e-08 4.93e-03 9.42e-01 5.31e-02 5.29e-06 1.00e-20 1.00e-20 
1.97e+11 3.94e+11   20   24      0 5.48e-17 3.86e-09 2.20e-03 8.51e-01 1.47e-01 5.35e-05 1.00e-20 1.00e-20 
1.97e+11 5.15e+11   20   25      1 0.00e+00 0.00e+00 0.00e+00 0.00e+00 0.00e+00 0.00e+00 0.00e+00 0.00e+00 
1.97e+11 6.74e+11   20   26      1 0.00e+00 0.00e+00 0.00e+00 0.00e+00 0.00e+00 0.00e+00 0.00e+00 0.00e+00 
1.97e+11 8.82e+11   20   27     -1 0.00e+00 0.00e+00 0.00e+00 0.00e+00 0.00e+00 0.00e+00 0.00e+00 0.00e+00 
1.97e+11 1.15e+12   20   28     -1 0.00e+00 0.00e+00 0.00e+00 0.00e+00 0.00e+00 0.00e+00 0.00e+00 0.00e+00 
1.97e+11 1.51e+12   20   29     -1 0.00e+00 0.00e+00 0.00e+00 0.00e+00 0.00e+00 0.00e+00 0.00e+00 0.00e+00 
2.44e+11 3.50e+08   21    0     -1 0.00e+00 0.00e+00 0.00e+00 0.00e+00 0.00e+00 0.00e+00 0.00e+00 0.00e+00 
2.44e+11 8.08e+08   21    1     -1 0.00e+00 0.00e+00 0.00e+00 0.00e+00 0.00e+00 0.00e+00 0.00e+00 0.00e+00 
2.44e+11 1.06e+09   21    2     -1 0.00e+00 0.00e+00 0.00e+00 0.00e+00 0.00e+00 0.00e+00 0.00e+00 0.00e+00 
2.44e+11 1.38e+09   21    3     -1 0.00e+00 0.00e+00 0.00e+00 0.00e+00 0.00e+00 0.00e+00 0.00e+00 0.00e+00 
2.44e+11 1.81e+09   21    4     -1 0.00e+00 0.00e+00 0.00e+00 0.00e+00 0.00e+00 0.00e+00 0.00e+00 0.00e+00 
2.44e+11 2.37e+09   21    5     -1 0.00e+00 0.00e+00 0.00e+00 0.00e+00 0.00e+00 0.00e+00 0.00e+00 0.00e+00 
2.44e+11 3.10e+09   21    6     -1 0.00e+00 0.00e+00 0.00e+00 0.00e+00 0.00e+00 0.00e+00 0.00e+00 0.00e+00 
2.44e+11 4.06e+09   21    7     -1 0.00e+00 0.00e+00 0.00e+00 0.00e+00 0.00e+00 0.00e+00 0.00e+00 0.00e+00 
2.44e+11 5.31e+09   21    8     -1 0.00e+00 0.00e+00 0.00e+00 0.00e+00 0.00e+00 0.00e+00 0.00e+00 0.00e+00 
2.44e+11 6.95e+09   21    9     -1 0.00e+00 0.00e+00 0.00e+00 0.00e+00 0.00e+00 0.00e+00 0.00e+00 0.00e+00 
2.44e+11 9.10e+09   21   10     -1 0.00e+00 0.00e+00 0.00e+00 0.00e+00 0.00e+00 0.00e+00 0.00e+00 0.00e+00 
2.44e+11 1.19e+10   21   11     -1 0.00e+00 0.00e+00 0.00e+00 0.00e+00 0.00e+00 0.00e+00 0.00e+00 0.00e+00 
2.44e+11 1.56e+10   21   12     -1 0.00e+00 0.00e+00 0.00e+00 0.00e+00 0.00e+00 0.00e+00 0.00e+00 0.00e+00 
2.44e+11 2.04e+10   21   13     -1 0.00e+00 0.00e+00 0.00e+00 0.00e+00 0.00e+00 0.00e+00 0.00e+00 0.00e+00 
2.44e+11 2.67e+10   21   14     -1 0.00e+00 0.00e+00 0.00e+00 0.00e+00 0.00e+00 0.00e+00 0.00e+00 0.00e+00 
2.44e+11 3.49e+10   21   15     -1 0.00e+00 0.00e+00 0.00e+00 0.00e+00 0.00e+00 0.00e+00 0.00e+00 0.00e+00 
2.44e+11 4.57e+10   21   16     -1 0.00e+00 0.00e+00 0.00e+00 0.00e+00 0.00e+00 0.00e+00 0.00e+00 0.00e+00 
2.44e+11 5.98e+10   21   17     -1 0.00e+00 0.00e+00 0.00e+00 0.00e+00 0.00e+00 0.00e+00 0.00e+00 0.00e+00 
2.44e+11 7.83e+10   21   18     -1 0.00e+00 0.00e+00 0.00e+00 0.00e+00 0.00e+00 0.00e+00 0.00e+00 0.00e+00 
2.44e+11 1.02e+11   21   19      1 0.00e+00 0.00e+00 0.00e+00 0.00e+00 0.00e+00 0.00e+00 0.00e+00 0.00e+00 
2.44e+11 1.34e+11   21   20      1 0.00e+00 0.00e+00 0.00e+00 0.00e+00 0.00e+00 0.00e+00 0.00e+00 0.00e+00 
2.44e+11 1.76e+11   21   21      0 6.24e-15 1.52e-07 1.84e-02 9.72e-01 9.46e-03 9.53e-08 1.00e-20 1.00e-20 
2.44e+11 2.30e+11   21   22      0 3.39e-15 9.81e-08 1.37e-02 9.73e-01 1.32e-02 1.83e-07 1.00e-20 1.00e-20 
2.44e+11 3.01e+11   21   23      0 9.48e-16 3.83e-08 8.74e-03 9.66e-01 2.48e-02 7.96e-07 1.00e-20 1.00e-20 
2.44e+11 3.94e+11   21   24      0 2.09e-16 1.16e-08 4.39e-03 9.32e-01 6.36e-02 7.16e-06 1.00e-20 1.00e-20 
2.44e+11 5.15e+11   21   25      0 5.17e-17 3.59e-09 1.94e-03 8.31e-01 1.67e-01 6.65e-05 1.00e-20 1.00e-20 
2.44e+11 6.74e+11   21   26      1 0.00e+00 0.00e+00 0.00e+00 0.00e+00 0.00e+00 0.00e+00 0.00e+00 0.00e+00 
2.44e+11 8.82e+11   21   27     -1 0.00e+00 0.00e+00 0.00e+00 0.00e+00 0.00e+00 0.00e+00 0.00e+00 0.00e+00 
2.44e+11 1.15e+12   21   28     -1 0.00e+00 0.00e+00 0.00e+00 0.00e+00 0.00e+00 0.00e+00 0.00e+00 0.00e+00 
2.44e+11 1.51e+12   21   29     -1 0.00e+00 0.00e+00 0.00e+00 0.00e+00 0.00e+00 0.00e+00 0.00e+00 0.00e+00 
3.04e+11 3.50e+08   22    0     -1 0.00e+00 0.00e+00 0.00e+00 0.00e+00 0.00e+00 0.00e+00 0.00e+00 0.00e+00 
3.04e+11 8.08e+08   22    1     -1 0.00e+00 0.00e+00 0.00e+00 0.00e+00 0.00e+00 0.00e+00 0.00e+00 0.00e+00 
3.04e+11 1.06e+09   22    2     -1 0.00e+00 0.00e+00 0.00e+00 0.00e+00 0.00e+00 0.00e+00 0.00e+00 0.00e+00 
3.04e+11 1.38e+09   22    3     -1 0.00e+00 0.00e+00 0.00e+00 0.00e+00 0.00e+00 0.00e+00 0.00e+00 0.00e+00 
3.04e+11 1.81e+09   22    4     -1 0.00e+00 0.00e+00 0.00e+00 0.00e+00 0.00e+00 0.00e+00 0.00e+00 0.00e+00 
3.04e+11 2.37e+09   22    5     -1 0.00e+00 0.00e+00 0.00e+00 0.00e+00 0.00e+00 0.00e+00 0.00e+00 0.00e+00 
3.04e+11 3.10e+09   22    6     -1 0.00e+00 0.00e+00 0.00e+00 0.00e+00 0.00e+00 0.00e+00 0.00e+00 0.00e+00 
3.04e+11 4.06e+09   22    7     -1 0.00e+00 0.00e+00 0.00e+00 0.00e+00 0.00e+00 0.00e+00 0.00e+00 0.00e+00 
3.04e+11 5.31e+09   22    8     -1 0.00e+00 0.00e+00 0.00e+00 0.00e+00 0.00e+00 0.00e+00 0.00e+00 0.00e+00 
3.04e+11 6.95e+09   22    9     -1 0.00e+00 0.00e+00 0.00e+00 0.00e+00 0.00e+00 0.00e+00 0.00e+00 0.00e+00 
3.04e+11 9.10e+09   22   10     -1 0.00e+00 0.00e+00 0.00e+00 0.00e+00 0.00e+00 0.00e+00 0.00e+00 0.00e+00 
3.04e+11 1.19e+10   22   11     -1 0.00e+00 0.00e+00 0.00e+00 0.00e+00 0.00e+00 0.00e+00 0.00e+00 0.00e+00 
3.04e+11 1.56e+10   22   12     -1 0.00e+00 0.00e+00 0.00e+00 0.00e+00 0.00e+00 0.00e+00 0.00e+00 0.00e+00 
3.04e+11 2.04e+10   22   13     -1 0.00e+00 0.00e+00 0.00e+00 0.00e+00 0.00e+00 0.00e+00 0.00e+00 0.00e+00 
3.04e+11 2.67e+10   22   14     -1 0.00e+00 0.00e+00 0.00e+00 0.00e+00 0.00e+00 0.00e+00 0.00e+00 0.00e+00 
3.04e+11 3.49e+10   22   15     -1 0.00e+00 0.00e+00 0.00e+00 0.00e+00 0.00e+00 0.00e+00 0.00e+00 0.00e+00 
3.04e+11 4.57e+10   22   16     -1 0.00e+00 0.00e+00 0.00e+00 0.00e+00 0.00e+00 0.00e+00 0.00e+00 0.00e+00 
3.04e+11 5.98e+10   22   17     -1 0.00e+00 0.00e+00 0.00e+00 0.00e+00 0.00e+00 0.00e+00 0.00e+00 0.00e+00 
3.04e+11 7.83e+10   22   18     -1 0.00e+00 0.00e+00 0.00e+00 0.00e+00 0.00e+00 0.00e+00 0.00e+00 0.00e+00 
3.04e+11 1.02e+11   22   19     -1 0.00e+00 0.00e+00 0.00e+00 0.00e+00 0.00e+00 0.00e+00 0.00e+00 0.00e+00 
3.04e+11 1.34e+11   22   20      1 0.00e+00 0.00e+00 0.00e+00 0.00e+00 0.00e+00 0.00e+00 0.00e+00 0.00e+00 
3.04e+11 1.76e+11   22   21      1 0.00e+00 0.00e+00 0.00e+00 0.00e+00 0.00e+00 0.00e+00 0.00e+00 0.00e+00 
3.04e+11 2.30e+11   22   22      0 6.77e-15 1.62e-07 1.77e-02 9.73e-01 9.33e-03 8.55e-08 1.00e-20 1.00e-20 
3.04e+11 3.01e+11   22   23      0 3.42e-15 9.83e-08 1.30e-02 9.74e-01 1.34e-02 1.83e-07 1.00e-20 1.00e-20 
3.04e+11 3.94e+11   22   24      0 8.51e-16 3.50e-08 7.99e-03 9.64e-01 2.76e-02 9.62e-07 1.00e-20 1.00e-20 
3.04e+11 5.15e+11   22   25      0 1.91e-16 1.05e-08 3.86e-03 9.21e-01 7.47e-02 9.54e-06 1.00e-20 1.00e-20 
3.04e+11 6.74e+11   22   26      1 0.00e+00 0.00e+00 0.00e+00 0.00e+00 0.00e+00 0.00e+00 0.00e+00 0.00e+00 
3.04e+11 8.82e+11   22   27      1 0.00e+00 0.00e+00 0.00e+00 0.00e+00 0.00e+00 0.00e+00 0.00e+00 0.00e+00 
3.04e+11 1.15e+12   22   28     -1 0.00e+00 0.00e+00 0.00e+00 0.00e+00 0.00e+00 0.00e+00 0.00e+00 0.00e+00 
3.04e+11 1.51e+12   22   29     -1 0.00e+00 0.00e+00 0.00e+00 0.00e+00 0.00e+00 0.00e+00 0.00e+00 0.00e+00 
3.78e+11 3.50e+08   23    0     -1 0.00e+00 0.00e+00 0.00e+00 0.00e+00 0.00e+00 0.00e+00 0.00e+00 0.00e+00 
3.78e+11 8.08e+08   23    1     -1 0.00e+00 0.00e+00 0.00e+00 0.00e+00 0.00e+00 0.00e+00 0.00e+00 0.00e+00 
3.78e+11 1.06e+09   23    2     -1 0.00e+00 0.00e+00 0.00e+00 0.00e+00 0.00e+00 0.00e+00 0.00e+00 0.00e+00 
3.78e+11 1.38e+09   23    3     -1 0.00e+00 0.00e+00 0.00e+00 0.00e+00 0.00e+00 0.00e+00 0.00e+00 0.00e+00 
3.78e+11 1.81e+09   23    4     -1 0.00e+00 0.00e+00 0.00e+00 0.00e+00 0.00e+00 0.00e+00 0.00e+00 0.00e+00 
3.78e+11 2.37e+09   23    5     -1 0.00e+00 0.00e+00 0.00e+00 0.00e+00 0.00e+00 0.00e+00 0.00e+00 0.00e+00 
3.78e+11 3.10e+09   23    6     -1 0.00e+00 0.00e+00 0.00e+00 0.00e+00 0.00e+00 0.00e+00 0.00e+00 0.00e+00 
3.78e+11 4.06e+09   23    7     -1 0.00e+00 0.00e+00 0.00e+00 0.00e+00 0.00e+00 0.00e+00 0.00e+00 0.00e+00 
3.78e+11 5.31e+09   23    8     -1 0.00e+00 0.00e+00 0.00e+00 0.00e+00 0.00e+00 0.00e+00 0.00e+00 0.00e+00 
3.78e+11 6.95e+09   23    9     -1 0.00e+00 0.00e+00 0.00e+00 0.00e+00 0.00e+00 0.00e+00 0.00e+00 0.00e+00 
3.78e+11 9.10e+09   23   10     -1 0.00e+00 0.00e+00 0.00e+00 0.00e+00 0.00e+00 0.00e+00 0.00e+00 0.00e+00 
3.78e+11 1.19e+10   23   11     -1 0.00e+00 0.00e+00 0.00e+00 0.00e+00 0.00e+00 0.00e+00 0.00e+00 0.00e+00 
3.78e+11 1.56e+10   23   12     -1 0.00e+00 0.00e+00 0.00e+00 0.00e+00 0.00e+00 0.00e+00 0.00e+00 0.00e+00 
3.78e+11 2.04e+10   23   13     -1 0.00e+00 0.00e+00 0.00e+00 0.00e+00 0.00e+00 0.00e+00 0.00e+00 0.00e+00 
3.78e+11 2.67e+10   23   14     -1 0.00e+00 0.00e+00 0.00e+00 0.00e+00 0.00e+00 0.00e+00 0.00e+00 0.00e+00 
3.78e+11 3.49e+10   23   15     -1 0.00e+00 0.00e+00 0.00e+00 0.00e+00 0.00e+00 0.00e+00 0.00e+00 0.00e+00 
3.78e+11 4.57e+10   23   16     -1 0.00e+00 0.00e+00 0.00e+00 0.00e+00 0.00e+00 0.00e+00 0.00e+00 0.00e+00 
3.78e+11 5.98e+10   23   17     -1 0.00e+00 0.00e+00 0.00e+00 0.00e+00 0.00e+00 0.00e+00 0.00e+00 0.00e+00 
3.78e+11 7.83e+10   23   18     -1 0.00e+00 0.00e+00 0.00e+00 0.00e+00 0.00e+00 0.00e+00 0.00e+00 0.00e+00 
3.78e+11 1.02e+11   23   19     -1 0.00e+00 0.00e+00 0.00e+00 0.00e+00 0.00e+00 0.00e+00 0.00e+00 0.00e+00 
3.78e+11 1.34e+11   23   20     -1 0.00e+00 0.00e+00 0.00e+00 0.00e+00 0.00e+00 0.00e+00 0.00e+00 0.00e+00 
3.78e+11 1.76e+11   23   21      1 0.00e+00 0.00e+00 0.00e+00 0.00e+00 0.00e+00 0.00e+00 0.00e+00 0.00e+00 
3.78e+11 2.30e+11   23   22      0 1.15e-14 2.34e-07 2.13e-02 9.71e-01 7.45e-03 5.30e-08 1.00e-20 1.00e-20 
3.78e+11 3.01e+11   23   23      0 6.62e-15 1.60e-07 1.69e-02 9.74e-01 9.46e-03 8.55e-08 1.00e-20 1.00e-20 
3.78e+11 3.94e+11   23   24      0 2.90e-15 8.73e-08 1.21e-02 9.73e-01 1.45e-02 2.15e-07 1.00e-20 1.00e-20 
3.78e+11 5.15e+11   23   25      0 7.65e-16 3.19e-08 7.21e-03 9.62e-01 3.10e-02 1.21e-06 1.00e-20 1.00e-20 
3.78e+11 6.74e+11   23   26      0 1.75e-16 9.59e-09 3.39e-03 9.11e-01 8.57e-02 1.25e-05 1.00e-20 1.00e-20 
3.78e+11 8.82e+11   23   27      1 0.00e+00 0.00e+00 0.00e+00 0.00e+00 0.00e+00 0.00e+00 0.00e+00 0.00e+00 
3.78e+11 1.15e+12   23   28     -1 0.00e+00 0.00e+00 0.00e+00 0.00e+00 0.00e+00 0.00e+00 0.00e+00 0.00e+00 
3.78e+11 1.51e+12   23   29     -1 0.00e+00 0.00e+00 0.00e+00 0.00e+00 0.00e+00 0.00e+00 0.00e+00 0.00e+00 
4.70e+11 3.50e+08   24    0     -1 0.00e+00 0.00e+00 0.00e+00 0.00e+00 0.00e+00 0.00e+00 0.00e+00 0.00e+00 
4.70e+11 8.08e+08   24    1     -1 0.00e+00 0.00e+00 0.00e+00 0.00e+00 0.00e+00 0.00e+00 0.00e+00 0.00e+00 
4.70e+11 1.06e+09   24    2     -1 0.00e+00 0.00e+00 0.00e+00 0.00e+00 0.00e+00 0.00e+00 0.00e+00 0.00e+00 
4.70e+11 1.38e+09   24    3     -1 0.00e+00 0.00e+00 0.00e+00 0.00e+00 0.00e+00 0.00e+00 0.00e+00 0.00e+00 
4.70e+11 1.81e+09   24    4     -1 0.00e+00 0.00e+00 0.00e+00 0.00e+00 0.00e+00 0.00e+00 0.00e+00 0.00e+00 
4.70e+11 2.37e+09   24    5     -1 0.00e+00 0.00e+00 0.00e+00 0.00e+00 0.00e+00 0.00e+00 0.00e+00 0.00e+00 
4.70e+11 3.10e+09   24    6     -1 0.00e+00 0.00e+00 0.00e+00 0.00e+00 0.00e+00 0.00e+00 0.00e+00 0.00e+00 
4.70e+11 4.06e+09   24    7     -1 0.00e+00 0.00e+00 0.00e+00 0.00e+00 0.00e+00 0.00e+00 0.00e+00 0.00e+00 
4.70e+11 5.31e+09   24    8     -1 0.00e+00 0.00e+00 0.00e+00 0.00e+00 0.00e+00 0.00e+00 0.00e+00 0.00e+00 
4.70e+11 6.95e+09   24    9     -1 0.00e+00 0.00e+00 0.00e+00 0.00e+00 0.00e+00 0.00e+00 0.00e+00 0.00e+00 
4.70e+11 9.10e+09   24   10     -1 0.00e+00 0.00e+00 0.00e+00 0.00e+00 0.00e+00 0.00e+00 0.00e+00 0.00e+00 
4.70e+11 1.19e+10   24   11     -1 0.00e+00 0.00e+00 0.00e+00 0.00e+00 0.00e+00 0.00e+00 0.00e+00 0.00e+00 
4.70e+11 1.56e+10   24   12     -1 0.00e+00 0.00e+00 0.00e+00 0.00e+00 0.00e+00 0.00e+00 0.00e+00 0.00e+00 
4.70e+11 2.04e+10   24   13     -1 0.00e+00 0.00e+00 0.00e+00 0.00e+00 0.00e+00 0.00e+00 0.00e+00 0.00e+00 
4.70e+11 2.67e+10   24   14     -1 0.00e+00 0.00e+00 0.00e+00 0.00e+00 0.00e+00 0.00e+00 0.00e+00 0.00e+00 
4.70e+11 3.49e+10   24   15     -1 0.00e+00 0.00e+00 0.00e+00 0.00e+00 0.00e+00 0.00e+00 0.00e+00 0.00e+00 
4.70e+11 4.57e+10   24   16     -1 0.00e+00 0.00e+00 0.00e+00 0.00e+00 0.00e+00 0.00e+00 0.00e+00 0.00e+00 
4.70e+11 5.98e+10   24   17     -1 0.00e+00 0.00e+00 0.00e+00 0.00e+00 0.00e+00 0.00e+00 0.00e+00 0.00e+00 
4.70e+11 7.83e+10   24   18     -1 0.00e+00 0.00e+00 0.00e+00 0.00e+00 0.00e+00 0.00e+00 0.00e+00 0.00e+00 
4.70e+11 1.02e+11   24   19     -1 0.00e+00 0.00e+00 0.00e+00 0.00e+00 0.00e+00 0.00e+00 0.00e+00 0.00e+00 
4.70e+11 1.34e+11   24   20     -1 0.00e+00 0.00e+00 0.00e+00 0.00e+00 0.00e+00 0.00e+00 0.00e+00 0.00e+00 
4.70e+11 1.76e+11   24   21      1 0.00e+00 0.00e+00 0.00e+00 0.00e+00 0.00e+00 0.00e+00 0.00e+00 0.00e+00 
4.70e+11 2.30e+11   24   22      1 0.00e+00 0.00e+00 0.00e+00 0.00e+00 0.00e+00 0.00e+00 0.00e+00 0.00e+00 
4.70e+11 3.01e+11   24   23      0 1.10e-14 2.28e-07 2.04e-02 9.72e-01 7.56e-03 5.34e-08 1.00e-20 1.00e-20 
4.70e+11 3.94e+11   24   24      0 5.65e-15 1.43e-07 1.60e-02 9.74e-01 1.00e-02 9.63e-08 1.00e-20 1.00e-20 
4.70e+11 5.15e+11   24   25      0 2.40e-15 7.62e-08 1.13e-02 9.73e-01 1.59e-02 2.63e-07 1.00e-20 1.00e-20 
4.70e+11 6.74e+11   24   26      0 7.08e-16 2.94e-08 6.49e-03 9.59e-01 3.48e-02 1.53e-06 1.00e-20 1.00e-20 
4.70e+11 8.82e+11   24   27      1 0.00e+00 0.00e+00 0.00e+00 0.00e+00 0.00e+00 0.00e+00 0.00e+00 0.00e+00 
4.70e+11 1.15e+12   24   28     -1 0.00e+00 0.00e+00 0.00e+00 0.00e+00 0.00e+00 0.00e+00 0.00e+00 0.00e+00 
4.70e+11 1.51e+12   24   29     -1 0.00e+00 0.00e+00 0.00e+00 0.00e+00 0.00e+00 0.00e+00 0.00e+00 0.00e+00 
5.84e+11 3.50e+08   25    0     -1 0.00e+00 0.00e+00 0.00e+00 0.00e+00 0.00e+00 0.00e+00 0.00e+00 0.00e+00 
5.84e+11 8.08e+08   25    1     -1 0.00e+00 0.00e+00 0.00e+00 0.00e+00 0.00e+00 0.00e+00 0.00e+00 0.00e+00 
5.84e+11 1.06e+09   25    2     -1 0.00e+00 0.00e+00 0.00e+00 0.00e+00 0.00e+00 0.00e+00 0.00e+00 0.00e+00 
5.84e+11 1.38e+09   25    3     -1 0.00e+00 0.00e+00 0.00e+00 0.00e+00 0.00e+00 0.00e+00 0.00e+00 0.00e+00 
5.84e+11 1.81e+09   25    4     -1 0.00e+00 0.00e+00 0.00e+00 0.00e+00 0.00e+00 0.00e+00 0.00e+00 0.00e+00 
5.84e+11 2.37e+09   25    5     -1 0.00e+00 0.00e+00 0.00e+00 0.00e+00 0.00e+00 0.00e+00 0.00e+00 0.00e+00 
5.84e+11 3.10e+09   25    6     -1 0.00e+00 0.00e+00 0.00e+00 0.00e+00 0.00e+00 0.00e+00 0.00e+00 0.00e+00 
5.84e+11 4.06e+09   25    7     -1 0.00e+00 0.00e+00 0.00e+00 0.00e+00 0.00e+00 0.00e+00 0.00e+00 0.00e+00 
5.84e+11 5.31e+09   25    8     -1 0.00e+00 0.00e+00 0.00e+00 0.00e+00 0.00e+00 0.00e+00 0.00e+00 0.00e+00 
5.84e+11 6.95e+09   25    9     -1 0.00e+00 0.00e+00 0.00e+00 0.00e+00 0.00e+00 0.00e+00 0.00e+00 0.00e+00 
5.84e+11 9.10e+09   25   10     -1 0.00e+00 0.00e+00 0.00e+00 0.00e+00 0.00e+00 0.00e+00 0.00e+00 0.00e+00 
5.84e+11 1.19e+10   25   11     -1 0.00e+00 0.00e+00 0.00e+00 0.00e+00 0.00e+00 0.00e+00 0.00e+00 0.00e+00 
5.84e+11 1.56e+10   25   12     -1 0.00e+00 0.00e+00 0.00e+00 0.00e+00 0.00e+00 0.00e+00 0.00e+00 0.00e+00 
5.84e+11 2.04e+10   25   13     -1 0.00e+00 0.00e+00 0.00e+00 0.00e+00 0.00e+00 0.00e+00 0.00e+00 0.00e+00 
5.84e+11 2.67e+10   25   14     -1 0.00e+00 0.00e+00 0.00e+00 0.00e+00 0.00e+00 0.00e+00 0.00e+00 0.00e+00 
5.84e+11 3.49e+10   25   15     -1 0.00e+00 0.00e+00 0.00e+00 0.00e+00 0.00e+00 0.00e+00 0.00e+00 0.00e+00 
5.84e+11 4.57e+10   25   16     -1 0.00e+00 0.00e+00 0.00e+00 0.00e+00 0.00e+00 0.00e+00 0.00e+00 0.00e+00 
5.84e+11 5.98e+10   25   17     -1 0.00e+00 0.00e+00 0.00e+00 0.00e+00 0.00e+00 0.00e+00 0.00e+00 0.00e+00 
5.84e+11 7.83e+10   25   18     -1 0.00e+00 0.00e+00 0.00e+00 0.00e+00 0.00e+00 0.00e+00 0.00e+00 0.00e+00 
5.84e+11 1.02e+11   25   19     -1 0.00e+00 0.00e+00 0.00e+00 0.00e+00 0.00e+00 0.00e+00 0.00e+00 0.00e+00 
5.84e+11 1.34e+11   25   20     -1 0.00e+00 0.00e+00 0.00e+00 0.00e+00 0.00e+00 0.00e+00 0.00e+00 0.00e+00 
5.84e+11 1.76e+11   25   21     -1 0.00e+00 0.00e+00 0.00e+00 0.00e+00 0.00e+00 0.00e+00 0.00e+00 0.00e+00 
5.84e+11 2.30e+11   25   22      1 0.00e+00 0.00e+00 0.00e+00 0.00e+00 0.00e+00 0.00e+00 0.00e+00 0.00e+00 
5.84e+11 3.01e+11   25   23      1 0.00e+00 0.00e+00 0.00e+00 0.00e+00 0.00e+00 0.00e+00 0.00e+00 0.00e+00 
5.84e+11 3.94e+11   25   24      0 9.64e-15 2.09e-07 1.96e-02 9.73e-01 7.88e-03 5.79e-08 1.00e-20 1.00e-20 
5.84e+11 5.15e+11   25   25      0 4.85e-15 1.29e-07 1.52e-02 9.74e-01 1.07e-02 1.09e-07 1.00e-20 1.00e-20 
5.84e+11 6.74e+11   25   26      1 0.00e+00 0.00e+00 0.00e+00 0.00e+00 0.00e+00 0.00e+00 0.00e+00 0.00e+00 
5.84e+11 8.82e+11   25   27      1 0.00e+00 0.00e+00 0.00e+00 0.00e+00 0.00e+00 0.00e+00 0.00e+00 0.00e+00 
5.84e+11 1.15e+12   25   28     -1 0.00e+00 0.00e+00 0.00e+00 0.00e+00 0.00e+00 0.00e+00 0.00e+00 0.00e+00 
5.84e+11 1.51e+12   25   29     -1 0.00e+00 0.00e+00 0.00e+00 0.00e+00 0.00e+00 0.00e+00 0.00e+00 0.00e+00 
7.26e+11 3.50e+08   26    0     -1 0.00e+00 0.00e+00 0.00e+00 0.00e+00 0.00e+00 0.00e+00 0.00e+00 0.00e+00 
7.26e+11 8.08e+08   26    1     -1 0.00e+00 0.00e+00 0.00e+00 0.00e+00 0.00e+00 0.00e+00 0.00e+00 0.00e+00 
7.26e+11 1.06e+09   26    2     -1 0.00e+00 0.00e+00 0.00e+00 0.00e+00 0.00e+00 0.00e+00 0.00e+00 0.00e+00 
7.26e+11 1.38e+09   26    3     -1 0.00e+00 0.00e+00 0.00e+00 0.00e+00 0.00e+00 0.00e+00 0.00e+00 0.00e+00 
7.26e+11 1.81e+09   26    4     -1 0.00e+00 0.00e+00 0.00e+00 0.00e+00 0.00e+00 0.00e+00 0.00e+00 0.00e+00 
7.26e+11 2.37e+09   26    5     -1 0.00e+00 0.00e+00 0.00e+00 0.00e+00 0.00e+00 0.00e+00 0.00e+00 0.00e+00 
7.26e+11 3.10e+09   26    6     -1 0.00e+00 0.00e+00 0.00e+00 0.00e+00 0.00e+00 0.00e+00 0.00e+00 0.00e+00 
7.26e+11 4.06e+09   26    7     -1 0.00e+00 0.00e+00 0.00e+00 0.00e+00 0.00e+00 0.00e+00 0.00e+00 0.00e+00 
7.26e+11 5.31e+09   26    8     -1 0.00e+00 0.00e+00 0.00e+00 0.00e+00 0.00e+00 0.00e+00 0.00e+00 0.00e+00 
7.26e+11 6.95e+09   26    9     -1 0.00e+00 0.00e+00 0.00e+00 0.00e+00 0.00e+00 0.00e+00 0.00e+00 0.00e+00 
7.26e+11 9.10e+09   26   10     -1 0.00e+00 0.00e+00 0.00e+00 0.00e+00 0.00e+00 0.00e+00 0.00e+00 0.00e+00 
7.26e+11 1.19e+10   26   11     -1 0.00e+00 0.00e+00 0.00e+00 0.00e+00 0.00e+00 0.00e+00 0.00e+00 0.00e+00 
7.26e+11 1.56e+10   26   12     -1 0.00e+00 0.00e+00 0.00e+00 0.00e+00 0.00e+00 0.00e+00 0.00e+00 0.00e+00 
7.26e+11 2.04e+10   26   13     -1 0.00e+00 0.00e+00 0.00e+00 0.00e+00 0.00e+00 0.00e+00 0.00e+00 0.00e+00 
7.26e+11 2.67e+10   26   14     -1 0.00e+00 0.00e+00 0.00e+00 0.00e+00 0.00e+00 0.00e+00 0.00e+00 0.00e+00 
7.26e+11 3.49e+10   26   15     -1 0.00e+00 0.00e+00 0.00e+00 0.00e+00 0.00e+00 0.00e+00 0.00e+00 0.00e+00 
7.26e+11 4.57e+10   26   16     -1 0.00e+00 0.00e+00 0.00e+00 0.00e+00 0.00e+00 0.00e+00 0.00e+00 0.00e+00 
7.26e+11 5.98e+10   26   17     -1 0.00e+00 0.00e+00 0.00e+00 0.00e+00 0.00e+00 0.00e+00 0.00e+00 0.00e+00 
7.26e+11 7.83e+10   26   18     -1 0.00e+00 0.00e+00 0.00e+00 0.00e+00 0.00e+00 0.00e+00 0.00e+00 0.00e+00 
7.26e+11 1.02e+11   26   19     -1 0.00e+00 0.00e+00 0.00e+00 0.00e+00 0.00e+00 0.00e+00 0.00e+00 0.00e+00 
7.26e+11 1.34e+11   26   20     -1 0.00e+00 0.00e+00 0.00e+00 0.00e+00 0.00e+00 0.00e+00 0.00e+00 0.00e+00 
7.26e+11 1.76e+11   26   21     -1 0.00e+00 0.00e+00 0.00e+00 0.00e+00 0.00e+00 0.00e+00 0.00e+00 0.00e+00 
7.26e+11 2.30e+11   26   22     -1 0.00e+00 0.00e+00 0.00e+00 0.00e+00 0.00e+00 0.00e+00 0.00e+00 0.00e+00 
7.26e+11 3.01e+11   26   23      1 0.00e+00 0.00e+00 0.00e+00 0.00e+00 0.00e+00 0.00e+00 0.00e+00 0.00e+00 
7.26e+11 3.94e+11   26   24      1 0.00e+00 0.00e+00 0.00e+00 0.00e+00 0.00e+00 0.00e+00 0.00e+00 0.00e+00 
7.26e+11 5.15e+11   26   25      0 8.47e-15 1.92e-07 1.88e-02 9.73e-01 8.22e-03 6.29e-08 1.00e-20 1.00e-20 
7.26e+11 6.74e+11   26   26      1 0.00e+00 0.00e+00 0.00e+00 0.00e+00 0.00e+00 0.00e+00 0.00e+00 0.00e+00 
7.26e+11 8.82e+11   26   27     -1 0.00e+00 0.00e+00 0.00e+00 0.00e+00 0.00e+00 0.00e+00 0.00e+00 0.00e+00 
7.26e+11 1.15e+12   26   28     -1 0.00e+00 0.00e+00 0.00e+00 0.00e+00 0.00e+00 0.00e+00 0.00e+00 0.00e+00 
7.26e+11 1.51e+12   26   29     -1 0.00e+00 0.00e+00 0.00e+00 0.00e+00 0.00e+00 0.00e+00 0.00e+00 0.00e+00 
9.02e+11 3.50e+08   27    0     -1 0.00e+00 0.00e+00 0.00e+00 0.00e+00 0.00e+00 0.00e+00 0.00e+00 0.00e+00 
9.02e+11 8.08e+08   27    1     -1 0.00e+00 0.00e+00 0.00e+00 0.00e+00 0.00e+00 0.00e+00 0.00e+00 0.00e+00 
9.02e+11 1.06e+09   27    2     -1 0.00e+00 0.00e+00 0.00e+00 0.00e+00 0.00e+00 0.00e+00 0.00e+00 0.00e+00 
9.02e+11 1.38e+09   27    3     -1 0.00e+00 0.00e+00 0.00e+00 0.00e+00 0.00e+00 0.00e+00 0.00e+00 0.00e+00 
9.02e+11 1.81e+09   27    4     -1 0.00e+00 0.00e+00 0.00e+00 0.00e+00 0.00e+00 0.00e+00 0.00e+00 0.00e+00 
9.02e+11 2.37e+09   27    5     -1 0.00e+00 0.00e+00 0.00e+00 0.00e+00 0.00e+00 0.00e+00 0.00e+00 0.00e+00 
9.02e+11 3.10e+09   27    6     -1 0.00e+00 0.00e+00 0.00e+00 0.00e+00 0.00e+00 0.00e+00 0.00e+00 0.00e+00 
9.02e+11 4.06e+09   27    7     -1 0.00e+00 0.00e+00 0.00e+00 0.00e+00 0.00e+00 0.00e+00 0.00e+00 0.00e+00 
9.02e+11 5.31e+09   27    8     -1 0.00e+00 0.00e+00 0.00e+00 0.00e+00 0.00e+00 0.00e+00 0.00e+00 0.00e+00 
9.02e+11 6.95e+09   27    9     -1 0.00e+00 0.00e+00 0.00e+00 0.00e+00 0.00e+00 0.00e+00 0.00e+00 0.00e+00 
9.02e+11 9.10e+09   27   10     -1 0.00e+00 0.00e+00 0.00e+00 0.00e+00 0.00e+00 0.00e+00 0.00e+00 0.00e+00 
9.02e+11 1.19e+10   27   11     -1 0.00e+00 0.00e+00 0.00e+00 0.00e+00 0.00e+00 0.00e+00 0.00e+00 0.00e+00 
9.02e+11 1.56e+10   27   12     -1 0.00e+00 0.00e+00 0.00e+00 0.00e+00 0.00e+00 0.00e+00 0.00e+00 0.00e+00 
9.02e+11 2.04e+10   27   13     -1 0.00e+00 0.00e+00 0.00e+00 0.00e+00 0.00e+00 0.00e+00 0.00e+00 0.00e+00 
9.02e+11 2.67e+10   27   14     -1 0.00e+00 0.00e+00 0.00e+00 0.00e+00 0.00e+00 0.00e+00 0.00e+00 0.00e+00 
9.02e+11 3.49e+10   27   15     -1 0.00e+00 0.00e+00 0.00e+00 0.00e+00 0.00e+00 0.00e+00 0.00e+00 0.00e+00 
9.02e+11 4.57e+10   27   16     -1 0.00e+00 0.00e+00 0.00e+00 0.00e+00 0.00e+00 0.00e+00 0.00e+00 0.00e+00 
9.02e+11 5.98e+10   27   17     -1 0.00e+00 0.00e+00 0.00e+00 0.00e+00 0.00e+00 0.00e+00 0.00e+00 0.00e+00 
9.02e+11 7.83e+10   27   18     -1 0.00e+00 0.00e+00 0.00e+00 0.00e+00 0.00e+00 0.00e+00 0.00e+00 0.00e+00 
9.02e+11 1.02e+11   27   19     -1 0.00e+00 0.00e+00 0.00e+00 0.00e+00 0.00e+00 0.00e+00 0.00e+00 0.00e+00 
9.02e+11 1.34e+11   27   20     -1 0.00e+00 0.00e+00 0.00e+00 0.00e+00 0.00e+00 0.00e+00 0.00e+00 0.00e+00 
9.02e+11 1.76e+11   27   21     -1 0.00e+00 0.00e+00 0.00e+00 0.00e+00 0.00e+00 0.00e+00 0.00e+00 0.00e+00 
9.02e+11 2.30e+11   27   22     -1 0.00e+00 0.00e+00 0.00e+00 0.00e+00 0.00e+00 0.00e+00 0.00e+00 0.00e+00 
9.02e+11 3.01e+11   27   23     -1 0.00e+00 0.00e+00 0.00e+00 0.00e+00 0.00e+00 0.00e+00 0.00e+00 0.00e+00 
9.02e+11 3.94e+11   27   24      1 0.00e+00 0.00e+00 0.00e+00 0.00e+00 0.00e+00 0.00e+00 0.00e+00 0.00e+00 
9.02e+11 5.15e+11   27   25      1 0.00e+00 0.00e+00 0.00e+00 0.00e+00 0.00e+00 0.00e+00 0.00e+00 0.00e+00 
9.02e+11 6.74e+11   27   26      1 0.00e+00 0.00e+00 0.00e+00 0.00e+00 0.00e+00 0.00e+00 0.00e+00 0.00e+00 
9.02e+11 8.82e+11   27   27     -1 0.00e+00 0.00e+00 0.00e+00 0.00e+00 0.00e+00 0.00e+00 0.00e+00 0.00e+00 
9.02e+11 1.15e+12   27   28     -1 0.00e+00 0.00e+00 0.00e+00 0.00e+00 0.00e+00 0.00e+00 0.00e+00 0.00e+00 
9.02e+11 1.51e+12   27   29     -1 0.00e+00 0.00e+00 0.00e+00 0.00e+00 0.00e+00 0.00e+00 0.00e+00 0.00e+00 
1.12e+12 3.50e+08   28    0     -1 0.00e+00 0.00e+00 0.00e+00 0.00e+00 0.00e+00 0.00e+00 0.00e+00 0.00e+00 
1.12e+12 8.08e+08   28    1     -1 0.00e+00 0.00e+00 0.00e+00 0.00e+00 0.00e+00 0.00e+00 0.00e+00 0.00e+00 
1.12e+12 1.06e+09   28    2     -1 0.00e+00 0.00e+00 0.00e+00 0.00e+00 0.00e+00 0.00e+00 0.00e+00 0.00e+00 
1.12e+12 1.38e+09   28    3     -1 0.00e+00 0.00e+00 0.00e+00 0.00e+00 0.00e+00 0.00e+00 0.00e+00 0.00e+00 
1.12e+12 1.81e+09   28    4     -1 0.00e+00 0.00e+00 0.00e+00 0.00e+00 0.00e+00 0.00e+00 0.00e+00 0.00e+00 
1.12e+12 2.37e+09   28    5     -1 0.00e+00 0.00e+00 0.00e+00 0.00e+00 0.00e+00 0.00e+00 0.00e+00 0.00e+00 
1.12e+12 3.10e+09   28    6     -1 0.00e+00 0.00e+00 0.00e+00 0.00e+00 0.00e+00 0.00e+00 0.00e+00 0.00e+00 
1.12e+12 4.06e+09   28    7     -1 0.00e+00 0.00e+00 0.00e+00 0.00e+00 0.00e+00 0.00e+00 0.00e+00 0.00e+00 
1.12e+12 5.31e+09   28    8     -1 0.00e+00 0.00e+00 0.00e+00 0.00e+00 0.00e+00 0.00e+00 0.00e+00 0.00e+00 
1.12e+12 6.95e+09   28    9     -1 0.00e+00 0.00e+00 0.00e+00 0.00e+00 0.00e+00 0.00e+00 0.00e+00 0.00e+00 
1.12e+12 9.10e+09   28   10     -1 0.00e+00 0.00e+00 0.00e+00 0.00e+00 0.00e+00 0.00e+00 0.00e+00 0.00e+00 
1.12e+12 1.19e+10   28   11     -1 0.00e+00 0.00e+00 0.00e+00 0.00e+00 0.00e+00 0.00e+00 0.00e+00 0.00e+00 
1.12e+12 1.56e+10   28   12     -1 0.00e+00 0.00e+00 0.00e+00 0.00e+00 0.00e+00 0.00e+00 0.00e+00 0.00e+00 
1.12e+12 2.04e+10   28   13     -1 0.00e+00 0.00e+00 0.00e+00 0.00e+00 0.00e+00 0.00e+00 0.00e+00 0.00e+00 
1.12e+12 2.67e+10   28   14     -1 0.00e+00 0.00e+00 0.00e+00 0.00e+00 0.00e+00 0.00e+00 0.00e+00 0.00e+00 
1.12e+12 3.49e+10   28   15     -1 0.00e+00 0.00e+00 0.00e+00 0.00e+00 0.00e+00 0.00e+00 0.00e+00 0.00e+00 
1.12e+12 4.57e+10   28   16     -1 0.00e+00 0.00e+00 0.00e+00 0.00e+00 0.00e+00 0.00e+00 0.00e+00 0.00e+00 
1.12e+12 5.98e+10   28   17     -1 0.00e+00 0.00e+00 0.00e+00 0.00e+00 0.00e+00 0.00e+00 0.00e+00 0.00e+00 
1.12e+12 7.83e+10   28   18     -1 0.00e+00 0.00e+00 0.00e+00 0.00e+00 0.00e+00 0.00e+00 0.00e+00 0.00e+00 
1.12e+12 1.02e+11   28   19     -1 0.00e+00 0.00e+00 0.00e+00 0.00e+00 0.00e+00 0.00e+00 0.00e+00 0.00e+00 
1.12e+12 1.34e+11   28   20     -1 0.00e+00 0.00e+00 0.00e+00 0.00e+00 0.00e+00 0.00e+00 0.00e+00 0.00e+00 
1.12e+12 1.76e+11   28   21     -1 0.00e+00 0.00e+00 0.00e+00 0.00e+00 0.00e+00 0.00e+00 0.00e+00 0.00e+00 
1.12e+12 2.30e+11   28   22     -1 0.00e+00 0.00e+00 0.00e+00 0.00e+00 0.00e+00 0.00e+00 0.00e+00 0.00e+00 
1.12e+12 3.01e+11   28   23     -1 0.00e+00 0.00e+00 0.00e+00 0.00e+00 0.00e+00 0.00e+00 0.00e+00 0.00e+00 
1.12e+12 3.94e+11   28   24     -1 0.00e+00 0.00e+00 0.00e+00 0.00e+00 0.00e+00 0.00e+00 0.00e+00 0.00e+00 
1.12e+12 5.15e+11   28   25     -1 0.00e+00 0.00e+00 0.00e+00 0.00e+00 0.00e+00 0.00e+00 0.00e+00 0.00e+00 
1.12e+12 6.74e+11   28   26     -1 0.00e+00 0.00e+00 0.00e+00 0.00e+00 0.00e+00 0.00e+00 0.00e+00 0.00e+00 
1.12e+12 8.82e+11   28   27     -1 0.00e+00 0.00e+00 0.00e+00 0.00e+00 0.00e+00 0.00e+00 0.00e+00 0.00e+00 
1.12e+12 1.15e+12   28   28     -1 0.00e+00 0.00e+00 0.00e+00 0.00e+00 0.00e+00 0.00e+00 0.00e+00 0.00e+00 
1.12e+12 1.51e+12   28   29     -1 0.00e+00 0.00e+00 0.00e+00 0.00e+00 0.00e+00 0.00e+00 0.00e+00 0.00e+00 
1.39e+12 3.50e+08   29    0     -1 0.00e+00 0.00e+00 0.00e+00 0.00e+00 0.00e+00 0.00e+00 0.00e+00 0.00e+00 
1.39e+12 8.08e+08   29    1     -1 0.00e+00 0.00e+00 0.00e+00 0.00e+00 0.00e+00 0.00e+00 0.00e+00 0.00e+00 
1.39e+12 1.06e+09   29    2     -1 0.00e+00 0.00e+00 0.00e+00 0.00e+00 0.00e+00 0.00e+00 0.00e+00 0.00e+00 
1.39e+12 1.38e+09   29    3     -1 0.00e+00 0.00e+00 0.00e+00 0.00e+00 0.00e+00 0.00e+00 0.00e+00 0.00e+00 
1.39e+12 1.81e+09   29    4     -1 0.00e+00 0.00e+00 0.00e+00 0.00e+00 0.00e+00 0.00e+00 0.00e+00 0.00e+00 
1.39e+12 2.37e+09   29    5     -1 0.00e+00 0.00e+00 0.00e+00 0.00e+00 0.00e+00 0.00e+00 0.00e+00 0.00e+00 
1.39e+12 3.10e+09   29    6     -1 0.00e+00 0.00e+00 0.00e+00 0.00e+00 0.00e+00 0.00e+00 0.00e+00 0.00e+00 
1.39e+12 4.06e+09   29    7     -1 0.00e+00 0.00e+00 0.00e+00 0.00e+00 0.00e+00 0.00e+00 0.00e+00 0.00e+00 
1.39e+12 5.31e+09   29    8     -1 0.00e+00 0.00e+00 0.00e+00 0.00e+00 0.00e+00 0.00e+00 0.00e+00 0.00e+00 
1.39e+12 6.95e+09   29    9     -1 0.00e+00 0.00e+00 0.00e+00 0.00e+00 0.00e+00 0.00e+00 0.00e+00 0.00e+00 
1.39e+12 9.10e+09   29   10     -1 0.00e+00 0.00e+00 0.00e+00 0.00e+00 0.00e+00 0.00e+00 0.00e+00 0.00e+00 
1.39e+12 1.19e+10   29   11     -1 0.00e+00 0.00e+00 0.00e+00 0.00e+00 0.00e+00 0.00e+00 0.00e+00 0.00e+00 
1.39e+12 1.56e+10   29   12     -1 0.00e+00 0.00e+00 0.00e+00 0.00e+00 0.00e+00 0.00e+00 0.00e+00 0.00e+00 
1.39e+12 2.04e+10   29   13     -1 0.00e+00 0.00e+00 0.00e+00 0.00e+00 0.00e+00 0.00e+00 0.00e+00 0.00e+00 
1.39e+12 2.67e+10   29   14     -1 0.00e+00 0.00e+00 0.00e+00 0.00e+00 0.00e+00 0.00e+00 0.00e+00 0.00e+00 
1.39e+12 3.49e+10   29   15     -1 0.00e+00 0.00e+00 0.00e+00 0.00e+00 0.00e+00 0.00e+00 0.00e+00 0.00e+00 
1.39e+12 4.57e+10   29   16     -1 0.00e+00 0.00e+00 0.00e+00 0.00e+00 0.00e+00 0.00e+00 0.00e+00 0.00e+00 
1.39e+12 5.98e+10   29   17     -1 0.00e+00 0.00e+00 0.00e+00 0.00e+00 0.00e+00 0.00e+00 0.00e+00 0.00e+00 
1.39e+12 7.83e+10   29   18     -1 0.00e+00 0.00e+00 0.00e+00 0.00e+00 0.00e+00 0.00e+00 0.00e+00 0.00e+00 
1.39e+12 1.02e+11   29   19     -1 0.00e+00 0.00e+00 0.00e+00 0.00e+00 0.00e+00 0.00e+00 0.00e+00 0.00e+00 
1.39e+12 1.34e+11   29   20     -1 0.00e+00 0.00e+00 0.00e+00 0.00e+00 0.00e+00 0.00e+00 0.00e+00 0.00e+00 
1.39e+12 1.76e+11   29   21     -1 0.00e+00 0.00e+00 0.00e+00 0.00e+00 0.00e+00 0.00e+00 0.00e+00 0.00e+00 
1.39e+12 2.30e+11   29   22     -1 0.00e+00 0.00e+00 0.00e+00 0.00e+00 0.00e+00 0.00e+00 0.00e+00 0.00e+00 
1.39e+12 3.01e+11   29   23     -1 0.00e+00 0.00e+00 0.00e+00 0.00e+00 0.00e+00 0.00e+00 0.00e+00 0.00e+00 
1.39e+12 3.94e+11   29   24     -1 0.00e+00 0.00e+00 0.00e+00 0.00e+00 0.00e+00 0.00e+00 0.00e+00 0.00e+00 
1.39e+12 5.15e+11   29   25     -1 0.00e+00 0.00e+00 0.00e+00 0.00e+00 0.00e+00 0.00e+00 0.00e+00 0.00e+00 
1.39e+12 6.74e+11   29   26     -1 0.00e+00 0.00e+00 0.00e+00 0.00e+00 0.00e+00 0.00e+00 0.00e+00 0.00e+00 
1.39e+12 8.82e+11   29   27     -1 0.00e+00 0.00e+00 0.00e+00 0.00e+00 0.00e+00 0.00e+00 0.00e+00 0.00e+00 
1.39e+12 1.15e+12   29   28     -1 0.00e+00 0.00e+00 0.00e+00 0.00e+00 0.00e+00 0.00e+00 0.00e+00 0.00e+00 
1.39e+12 1.51e+12   29   29     -1 0.00e+00 0.00e+00 0.00e+00 0.00e+00 0.00e+00 0.00e+00 0.00e+00 0.00e+00 
